from,regions.regionid,regions.intensity.forecast,biomass,coal,gas,hydro,imports,nuclear,other,solar,wind
2023-06-26T16:00Z,1,0,0.0,0.0,0.0,1.6,0.0,0.0,0.0,0.0,98.4
2023-06-26T16:00Z,2,7,1.6,0.0,1.4,0.4,0.0,11.2,0.0,4.7,80.8
2023-06-26T16:00Z,3,19,0.2,0.0,4.7,0.1,7.1,46.5,0.0,3.2,38.1
2023-06-26T16:00Z,4,2,0.0,0.0,0.0,0.0,44.5,44.5,0.0,4.0,6.9
2023-06-26T16:00Z,5,128,13.3,0.0,28.4,0.0,13.3,18.1,0.0,6.4,20.6
2023-06-26T16:00Z,6,19,0.4,0.0,4.8,0.1,2.3,17.8,0.0,15.6,59.0
2023-06-26T16:00Z,7,223,0.0,0.0,56.5,0.0,0.0,0.0,0.0,18.6,24.9
2023-06-26T16:00Z,8,47,0.6,0.0,11.8,0.1,4.4,28.1,0.0,14.9,40.2
2023-06-26T16:00Z,9,201,6.0,0.0,49.2,0.0,5.9,8.0,0.0,15.2,15.6
2023-06-26T16:00Z,10,190,0.9,0.0,27.0,0.0,20.4,17.6,0.0,20.4,13.7
2023-06-26T16:00Z,11,83,0.3,0.0,20.3,0.0,3.8,1.7,0.0,63.9,10.0
2023-06-26T16:00Z,12,149,1.5,0.0,34.7,0.0,16.0,7.1,0.0,28.2,12.6
2023-06-26T16:00Z,13,164,0.5,0.0,26.5,0.0,39.4,7.5,0.0,16.4,9.7
2023-06-26T16:00Z,14,150,0.0,0.0,25.0,0.1,57.0,0.0,0.0,11.7,6.2
2023-06-26T16:00Z,15,133,2.2,0.0,27.3,0.0,17.5,17.0,0.0,17.1,18.7
2023-06-26T16:00Z,16,7,1.3,0.0,1.3,0.6,0.0,9.7,0.0,3.9,83.2
2023-06-26T16:00Z,17,123,0.2,0.0,31.2,0.1,0.0,1.5,0.0,17.4,49.6
2023-06-26T16:00Z,18,115,2.0,0.0,25.0,0.1,14.7,15.3,0.0,15.8,27.1
2023-06-26T16:30Z,1,0,0.0,0.0,0.0,2.7,0.0,0.0,0.0,0.0,97.3
2023-06-26T16:30Z,2,8,1.7,0.0,1.5,0.7,0.0,11.4,0.0,4.4,80.4
2023-06-26T16:30Z,3,21,0.2,0.0,5.1,0.1,7.5,47.1,0.0,2.9,37.0
2023-06-26T16:30Z,4,2,0.0,0.0,0.0,0.0,45.3,45.3,0.0,3.6,5.7
2023-06-26T16:30Z,5,131,13.4,0.0,29.2,0.0,13.6,18.2,0.0,5.8,19.9
2023-06-26T16:30Z,6,20,0.4,0.0,4.9,0.2,2.4,17.7,0.0,14.1,60.3
2023-06-26T16:30Z,7,230,0.0,0.0,58.5,0.0,0.0,0.0,0.0,16.2,25.3
2023-06-26T16:30Z,8,51,0.6,0.0,12.7,0.1,4.6,27.8,0.0,13.5,40.7
2023-06-26T16:30Z,9,208,6.1,0.0,50.9,0.0,6.2,8.2,0.0,13.0,15.6
2023-06-26T16:30Z,10,185,1.2,0.0,30.6,0.0,15.4,18.6,0.0,19.8,14.5
2023-06-26T16:30Z,11,103,0.4,0.0,25.6,0.0,3.9,2.0,0.0,57.6,10.5
2023-06-26T16:30Z,12,163,1.6,0.0,38.9,0.0,14.1,7.5,0.0,24.8,13.0
2023-06-26T16:30Z,13,173,0.7,0.0,31.3,0.1,32.3,8.0,0.0,16.9,10.7
2023-06-26T16:30Z,14,163,0.0,0.0,29.6,0.1,51.8,0.0,0.0,12.1,6.3
2023-06-26T16:30Z,15,138,2.3,0.0,29.8,0.1,16.1,17.1,0.0,15.7,18.8
2023-06-26T16:30Z,16,7,1.3,0.0,1.4,1.1,0.0,9.8,0.0,3.6,82.7
2023-06-26T16:30Z,17,124,0.2,0.0,31.4,0.1,0.0,1.3,0.0,15.8,51.3
2023-06-26T16:30Z,18,119,2.1,0.0,27.1,0.2,13.5,15.5,0.0,14.5,27.1
2023-06-26T17:00Z,1,0,0.0,0.0,0.0,4.1,0.0,0.0,0.0,0.0,95.9
2023-06-26T17:00Z,2,9,1.8,0.0,1.7,1.0,0.0,12.1,0.0,4.1,79.3
2023-06-26T17:00Z,3,22,0.2,0.0,5.4,0.1,8.0,48.3,0.0,2.6,35.4
2023-06-26T17:00Z,4,1,0.0,0.0,0.0,0.0,46.7,46.2,0.0,3.1,4.0
2023-06-26T17:00Z,5,136,13.6,0.0,30.4,0.0,14.0,18.4,0.0,5.0,18.6
2023-06-26T17:00Z,6,19,0.5,0.0,4.8,0.2,2.6,18.3,0.0,12.7,60.9
2023-06-26T17:00Z,7,241,0.0,0.0,61.3,0.0,0.0,0.0,0.0,13.9,24.9
2023-06-26T17:00Z,8,55,0.6,0.0,13.7,0.1,4.8,28.4,0.0,12.0,40.4
2023-06-26T17:00Z,9,218,6.2,0.0,53.4,0.0,6.4,8.4,0.0,11.2,14.4
2023-06-26T17:00Z,10,179,1.5,0.0,36.6,0.0,8.6,20.4,0.0,18.5,14.4
2023-06-26T17:00Z,11,122,0.6,0.0,30.2,0.0,4.1,2.2,0.0,51.2,11.6
2023-06-26T17:00Z,12,175,1.8,0.0,42.7,0.0,11.4,8.1,0.0,21.6,14.3
2023-06-26T17:00Z,13,177,0.9,0.0,37.2,0.1,26.1,8.2,0.0,16.0,11.5
2023-06-26T17:00Z,14,169,0.0,0.0,34.9,0.1,46.3,0.0,0.0,11.4,7.3
2023-06-26T17:00Z,15,140,2.3,0.0,31.4,0.1,16.2,17.5,0.0,14.0,18.5
2023-06-26T17:00Z,16,8,1.4,0.0,1.5,1.7,0.0,10.2,0.0,3.3,81.8
2023-06-26T17:00Z,17,140,0.1,0.0,35.4,0.1,0.0,1.0,0.0,13.6,49.8
2023-06-26T17:00Z,18,123,2.1,0.0,28.8,0.3,13.6,15.7,0.0,13.0,26.6
2023-06-26T17:30Z,1,0,0.0,0.0,0.0,5.2,0.0,0.0,0.0,0.0,94.8
2023-06-26T17:30Z,2,10,2.0,0.0,1.9,1.3,0.2,13.7,0.0,3.7,77.2
2023-06-26T17:30Z,3,25,0.2,0.0,6.1,0.1,8.2,49.9,0.0,2.3,33.1
2023-06-26T17:30Z,4,1,0.0,0.0,0.0,0.0,47.9,46.3,0.0,2.5,3.3
2023-06-26T17:30Z,5,146,13.5,0.0,32.7,0.0,13.9,18.1,0.0,4.3,17.5
2023-06-26T17:30Z,6,21,0.5,0.0,5.1,0.3,2.8,19.1,0.0,11.2,61.1
2023-06-26T17:30Z,7,264,0.0,0.0,67.0,0.0,0.0,0.0,0.0,10.6,22.4
2023-06-26T17:30Z,8,69,0.5,0.0,17.4,0.2,4.8,28.6,0.0,10.3,38.2
2023-06-26T17:30Z,9,229,6.1,0.0,56.2,0.0,6.3,8.2,0.0,9.8,13.3
2023-06-26T17:30Z,10,173,1.6,0.0,43.3,0.0,1.7,22.2,0.0,16.9,14.3
2023-06-26T17:30Z,11,143,0.6,0.0,35.5,0.0,4.6,2.3,0.0,45.1,11.9
2023-06-26T17:30Z,12,188,1.7,0.0,45.5,0.1,12.5,8.6,0.0,18.3,13.4
2023-06-26T17:30Z,13,167,0.8,0.0,36.4,0.1,31.1,8.8,0.0,12.5,10.3
2023-06-26T17:30Z,14,158,0.0,0.0,29.2,0.1,56.1,0.0,0.0,8.0,6.5
2023-06-26T17:30Z,15,144,2.3,0.0,33.8,0.1,15.8,18.0,0.0,12.0,17.9
2023-06-26T17:30Z,16,9,1.6,0.0,1.7,2.1,0.0,10.7,0.0,3.0,80.8
2023-06-26T17:30Z,17,154,0.1,0.0,39.2,0.1,0.0,0.7,0.0,11.4,48.5
2023-06-26T17:30Z,18,128,2.1,0.0,31.1,0.3,13.3,16.2,0.0,11.1,25.8
2023-06-26T18:00Z,1,0,0.0,0.0,0.0,6.4,0.0,0.0,0.0,0.0,93.6
2023-06-26T18:00Z,2,11,2.3,0.0,2.2,1.4,0.6,16.4,0.0,3.6,73.4
2023-06-26T18:00Z,3,27,0.2,0.0,6.7,0.1,8.7,52.1,0.0,1.9,30.2
2023-06-26T18:00Z,4,1,0.0,0.0,0.0,0.0,48.6,46.7,0.0,1.9,2.8
2023-06-26T18:00Z,5,155,14.2,0.0,34.9,0.0,13.7,17.7,0.0,3.6,15.9
2023-06-26T18:00Z,6,25,0.5,0.0,6.2,0.3,3.4,20.2,0.0,9.7,59.7
2023-06-26T18:00Z,7,278,0.0,0.0,70.7,0.0,0.0,0.0,0.0,8.4,20.9
2023-06-26T18:00Z,8,84,0.6,0.0,21.0,0.1,5.1,29.3,0.0,8.6,35.3
2023-06-26T18:00Z,9,244,6.3,0.0,59.9,0.0,6.0,8.0,0.0,8.3,11.5
2023-06-26T18:00Z,10,186,1.7,0.0,46.8,0.0,1.7,22.4,0.0,13.5,13.9
2023-06-26T18:00Z,11,197,0.5,0.0,49.5,0.0,2.6,2.1,0.0,35.6,9.8
2023-06-26T18:00Z,12,206,1.9,0.0,50.4,0.1,10.5,9.1,0.0,15.4,12.6
2023-06-26T18:00Z,13,177,0.9,0.0,39.0,0.1,29.4,9.9,0.0,10.4,10.4
2023-06-26T18:00Z,14,164,0.0,0.0,30.5,0.2,55.2,0.2,0.0,6.8,7.1
2023-06-26T18:00Z,15,160,2.6,0.0,39.1,0.1,11.3,18.7,0.0,10.4,17.8
2023-06-26T18:00Z,16,10,1.8,0.0,2.0,2.5,0.0,12.2,0.0,2.9,78.6
2023-06-26T18:00Z,17,177,0.0,0.0,45.0,0.0,0.0,0.5,0.0,9.7,44.8
2023-06-26T18:00Z,18,141,2.3,0.0,35.8,0.4,9.5,17.0,0.0,9.6,25.4
2023-06-26T18:30Z,1,0,0.0,0.0,0.0,7.4,0.0,0.0,0.0,0.0,92.6
2023-06-26T18:30Z,2,14,2.7,0.0,2.6,1.5,1.4,20.6,0.0,3.5,67.7
2023-06-26T18:30Z,3,29,0.2,0.0,7.2,0.1,9.5,54.1,0.0,1.5,27.4
2023-06-26T18:30Z,4,1,0.0,0.0,0.0,0.0,49.1,47.2,0.0,1.4,2.3
2023-06-26T18:30Z,5,171,14.9,0.0,38.8,0.0,12.9,17.0,0.0,2.8,13.7
2023-06-26T18:30Z,6,28,0.5,0.0,7.0,0.3,4.0,21.6,0.0,8.1,58.4
2023-06-26T18:30Z,7,288,0.0,0.0,73.2,0.0,0.0,0.0,0.0,6.7,20.1
2023-06-26T18:30Z,8,93,0.7,0.0,23.4,0.1,5.6,30.2,0.0,6.9,33.0
2023-06-26T18:30Z,9,261,6.5,0.0,64.2,0.0,5.6,7.5,0.0,6.5,9.7
2023-06-26T18:30Z,10,200,1.8,0.0,50.2,0.0,1.5,23.3,0.0,10.0,13.1
2023-06-26T18:30Z,11,239,0.2,0.0,60.6,0.0,0.8,1.9,0.0,28.8,7.7
2023-06-26T18:30Z,12,225,2.1,0.0,55.3,0.0,9.8,9.3,0.0,12.2,11.3
2023-06-26T18:30Z,13,192,1.0,0.0,43.1,0.1,26.7,10.1,0.0,8.3,10.6
2023-06-26T18:30Z,14,173,0.0,0.0,33.1,0.2,52.8,0.2,0.0,5.5,8.2
2023-06-26T18:30Z,15,168,2.7,0.0,40.4,0.1,13.9,19.2,0.0,7.9,15.7
2023-06-26T18:30Z,16,19,2.0,0.0,4.3,2.9,0.0,14.0,0.0,2.9,73.9
2023-06-26T18:30Z,17,194,0.0,0.0,49.2,0.0,0.0,0.3,0.0,7.6,42.9
2023-06-26T18:30Z,18,152,2.5,0.0,37.4,0.4,11.7,17.6,0.0,7.4,23.2
2023-06-26T19:00Z,1,0,0.0,0.0,0.0,7.8,0.0,0.0,0.0,0.0,92.2
2023-06-26T19:00Z,2,15,2.9,0.0,2.9,1.4,1.8,25.6,0.0,2.9,62.4
2023-06-26T19:00Z,3,29,0.2,0.0,7.1,0.1,9.9,55.7,0.0,1.1,25.8
2023-06-26T19:00Z,4,1,0.0,0.0,0.0,0.0,49.5,47.6,0.0,1.0,1.9
2023-06-26T19:00Z,5,178,15.7,0.0,40.2,0.0,12.9,16.4,0.0,1.9,12.9
2023-06-26T19:00Z,6,32,0.5,0.0,7.9,0.2,4.5,23.5,0.0,6.2,57.2
2023-06-26T19:00Z,7,300,0.0,0.0,76.2,0.0,0.0,0.0,0.0,5.0,18.8
2023-06-26T19:00Z,8,91,0.9,0.0,22.9,0.1,6.4,31.7,0.0,5.1,33.0
2023-06-26T19:00Z,9,271,7.1,0.0,66.6,0.0,5.8,7.0,0.0,4.4,9.1
2023-06-26T19:00Z,10,210,2.2,0.0,52.7,0.0,1.8,23.8,0.0,6.8,12.6
2023-06-26T19:00Z,11,279,0.0,0.0,70.7,0.0,0.0,1.4,0.0,21.7,6.2
2023-06-26T19:00Z,12,234,2.5,0.0,57.8,0.0,10.4,9.4,0.0,8.4,11.4
2023-06-26T19:00Z,13,205,1.4,0.0,48.8,0.1,21.5,9.9,0.0,6.2,12.0
2023-06-26T19:00Z,14,179,0.1,0.0,39.5,0.3,44.6,0.2,0.0,4.3,11.0
2023-06-26T19:00Z,15,177,2.9,0.0,42.1,0.1,15.9,19.7,0.0,5.4,13.9
2023-06-26T19:00Z,16,24,2.2,0.0,5.5,3.0,0.0,16.1,0.0,2.5,70.7
2023-06-26T19:00Z,17,210,0.0,0.0,53.4,0.0,0.0,0.1,0.0,5.5,41.0
2023-06-26T19:00Z,18,161,2.6,0.0,39.2,0.4,13.3,18.1,0.0,5.1,21.2
2023-06-26T19:30Z,1,0,0.0,0.0,0.0,7.5,0.0,0.0,0.0,0.0,92.5
2023-06-26T19:30Z,2,17,3.3,0.0,3.4,1.1,2.9,31.8,0.0,2.3,55.2
2023-06-26T19:30Z,3,33,0.1,0.0,8.3,0.1,10.4,56.7,0.0,0.8,23.6
2023-06-26T19:30Z,4,1,0.0,0.0,0.0,0.0,49.5,48.3,0.0,0.7,1.5
2023-06-26T19:30Z,5,189,16.2,0.0,42.8,0.0,12.2,15.3,0.0,1.2,12.1
2023-06-26T19:30Z,6,35,0.5,0.0,8.7,0.2,5.0,26.4,0.0,4.2,55.1
2023-06-26T19:30Z,7,312,0.0,0.0,79.2,0.0,0.0,0.0,0.0,3.3,17.5
2023-06-26T19:30Z,8,101,1.2,0.0,25.1,0.1,6.9,32.8,0.0,3.3,30.6
2023-06-26T19:30Z,9,286,6.9,0.0,70.4,0.0,5.2,6.6,0.0,2.7,8.2
2023-06-26T19:30Z,10,222,2.0,0.0,55.8,0.0,1.5,24.2,0.0,4.2,12.3
2023-06-26T19:30Z,11,309,0.1,0.0,78.3,0.0,0.7,0.8,0.0,14.8,5.3
2023-06-26T19:30Z,12,244,2.4,0.0,59.3,0.0,13.7,9.4,0.0,5.3,9.9
2023-06-26T19:30Z,13,201,1.1,0.0,44.8,0.1,29.0,10.8,0.0,3.2,10.9
2023-06-26T19:30Z,14,175,0.0,0.0,32.9,0.3,54.5,0.2,0.0,1.8,10.3
2023-06-26T19:30Z,15,186,2.9,0.0,44.0,0.1,17.0,20.2,0.0,3.3,12.6
2023-06-26T19:30Z,16,30,2.4,0.0,6.8,3.0,0.0,18.7,0.0,1.9,67.2
2023-06-26T19:30Z,17,223,0.0,0.0,56.5,0.0,0.0,0.0,0.0,3.7,39.9
2023-06-26T19:30Z,18,169,2.7,0.0,41.1,0.4,14.3,18.7,0.0,3.2,19.7
2023-06-26T20:00Z,1,0,0.0,0.0,0.0,6.8,0.0,0.0,0.0,0.0,93.2
2023-06-26T20:00Z,2,18,3.3,0.0,3.4,0.8,3.4,35.9,0.0,1.4,51.8
2023-06-26T20:00Z,3,50,0.1,0.0,12.5,0.0,10.2,56.1,0.0,0.4,20.6
2023-06-26T20:00Z,4,2,0.0,0.0,0.0,0.0,50.1,48.2,0.0,0.4,1.3
2023-06-26T20:00Z,5,192,16.6,0.0,43.5,0.0,11.8,14.4,0.0,0.7,13.0
2023-06-26T20:00Z,6,46,0.5,0.0,11.5,0.1,5.4,28.1,0.0,2.4,52.0
2023-06-26T20:00Z,7,323,0.0,0.0,82.0,0.0,0.0,0.0,0.0,1.6,16.4
2023-06-26T20:00Z,8,118,1.2,0.0,29.6,0.0,6.8,33.7,0.0,1.7,26.9
2023-06-26T20:00Z,9,295,6.7,0.0,72.8,0.0,4.8,6.0,0.0,1.3,8.4
2023-06-26T20:00Z,10,231,2.1,0.0,57.9,0.0,1.5,24.3,0.0,2.0,12.0
2023-06-26T20:00Z,11,336,0.1,0.0,85.2,0.0,0.8,0.5,0.0,8.3,4.9
2023-06-26T20:00Z,12,241,2.5,0.0,58.1,0.0,17.7,9.2,0.0,2.6,9.9
2023-06-26T20:00Z,13,202,1.1,0.0,44.7,0.1,30.3,11.0,0.0,1.4,11.4
2023-06-26T20:00Z,14,174,0.0,0.0,32.5,0.2,55.0,0.2,0.0,0.7,11.3
2023-06-26T20:00Z,15,193,3.0,0.0,45.9,0.1,16.4,20.5,0.0,1.7,12.4
2023-06-26T20:00Z,16,33,2.4,0.0,7.8,2.8,0.0,20.9,0.0,1.2,65.0
2023-06-26T20:00Z,17,241,0.0,0.0,61.3,0.0,0.0,0.0,0.0,2.0,36.8
2023-06-26T20:00Z,18,176,2.8,0.0,42.9,0.3,13.7,19.3,0.0,1.6,19.3
2023-06-26T20:30Z,1,0,0.0,0.0,0.0,6.0,0.0,0.0,0.0,0.0,94.0
2023-06-26T20:30Z,2,18,3.3,0.0,3.5,0.6,4.2,38.3,0.0,0.7,49.4
2023-06-26T20:30Z,3,53,0.1,0.0,13.4,0.0,10.8,56.7,0.0,0.2,18.9
2023-06-26T20:30Z,4,2,0.0,0.0,0.0,0.0,51.0,47.7,0.0,0.2,1.1
2023-06-26T20:30Z,5,195,16.8,0.0,44.3,0.0,11.4,13.2,0.0,0.3,14.0
2023-06-26T20:30Z,6,46,0.5,0.0,11.4,0.1,6.1,30.2,0.0,1.2,50.4
2023-06-26T20:30Z,7,331,0.0,0.0,84.1,0.0,0.0,0.0,0.0,0.6,15.3
2023-06-26T20:30Z,8,131,1.4,0.0,32.7,0.0,7.0,33.5,0.0,0.7,24.6
2023-06-26T20:30Z,9,301,6.5,0.0,74.3,0.0,4.4,5.6,0.0,0.5,8.8
2023-06-26T20:30Z,10,239,2.0,0.0,59.8,0.0,2.4,23.4,0.0,0.6,11.8
2023-06-26T20:30Z,11,357,0.1,0.0,90.5,0.0,0.9,1.0,0.0,3.3,4.1
2023-06-26T20:30Z,12,253,2.4,0.0,61.2,0.0,16.6,9.6,0.0,1.0,9.0
2023-06-26T20:30Z,13,203,0.9,0.0,45.0,0.1,31.1,11.1,0.0,0.4,11.3
2023-06-26T20:30Z,14,177,0.0,0.0,33.9,0.2,53.4,0.4,0.0,0.1,11.9
2023-06-26T20:30Z,15,199,3.1,0.0,47.5,0.1,15.9,20.5,0.0,0.6,12.3
2023-06-26T20:30Z,16,38,2.4,0.0,8.8,2.4,0.0,22.8,0.0,0.6,63.0
2023-06-26T20:30Z,17,259,0.0,0.0,65.7,0.0,0.0,0.0,0.0,0.8,33.5
2023-06-26T20:30Z,18,182,2.8,0.0,44.6,0.3,13.3,19.5,0.0,0.6,18.9
2023-06-26T21:00Z,1,0,0.0,0.0,0.0,5.6,0.0,0.0,0.0,0.0,94.4
2023-06-26T21:00Z,2,18,3.2,0.0,3.5,0.6,4.3,39.8,0.0,0.3,48.3
2023-06-26T21:00Z,3,56,0.1,0.0,14.0,0.0,11.3,56.3,0.0,0.1,18.2
2023-06-26T21:00Z,4,2,0.0,0.0,0.0,0.0,51.6,47.2,0.0,0.1,1.2
2023-06-26T21:00Z,5,194,16.7,0.0,44.1,0.0,11.0,12.5,0.0,0.1,15.5
2023-06-26T21:00Z,6,48,0.6,0.0,11.9,0.1,6.5,31.3,0.0,0.4,49.2
2023-06-26T21:00Z,7,338,0.0,0.0,85.8,0.0,0.0,0.0,0.0,0.3,13.9
2023-06-26T21:00Z,8,139,1.5,0.0,34.7,0.0,7.2,32.7,0.0,0.3,23.6
2023-06-26T21:00Z,9,299,6.5,0.0,73.8,0.0,4.3,5.3,0.0,0.2,9.9
2023-06-26T21:00Z,10,241,2.1,0.0,60.4,0.0,1.4,23.2,0.0,0.1,12.8
2023-06-26T21:00Z,11,357,0.3,0.0,90.1,0.0,2.2,2.0,0.0,0.8,4.6
2023-06-26T21:00Z,12,252,2.6,0.0,60.9,0.0,16.8,9.6,0.0,0.4,9.6
2023-06-26T21:00Z,13,218,1.1,0.0,49.7,0.1,25.6,10.8,0.0,0.1,12.6
2023-06-26T21:00Z,14,193,0.0,0.0,38.9,0.3,47.0,0.6,0.0,0.0,13.3
2023-06-26T21:00Z,15,203,3.1,0.0,48.7,0.1,14.7,20.7,0.0,0.1,12.6
2023-06-26T21:00Z,16,37,2.4,0.0,8.7,2.1,0.0,24.3,0.0,0.2,62.2
2023-06-26T21:00Z,17,270,0.0,0.0,68.5,0.0,0.0,0.0,0.0,0.2,31.2
2023-06-26T21:00Z,18,185,2.8,0.0,45.7,0.3,12.2,19.8,0.0,0.2,19.0
2023-06-26T21:30Z,1,0,0.0,0.0,0.0,4.7,0.0,0.0,0.0,0.0,95.3
2023-06-26T21:30Z,2,18,3.2,0.0,3.5,0.5,4.3,40.0,0.0,0.0,48.5
2023-06-26T21:30Z,3,57,0.2,0.0,14.4,0.0,11.8,56.0,0.0,0.0,17.6
2023-06-26T21:30Z,4,2,0.0,0.0,0.0,0.0,50.5,48.3,0.0,0.0,1.1
2023-06-26T21:30Z,5,185,16.4,0.0,41.9,0.0,11.7,12.8,0.0,0.0,17.2
2023-06-26T21:30Z,6,48,0.6,0.0,12.0,0.1,6.8,32.8,0.0,0.0,47.7
2023-06-26T21:30Z,7,341,0.0,0.0,86.6,0.0,0.0,0.0,0.0,0.0,13.4
2023-06-26T21:30Z,8,130,1.3,0.0,32.6,0.0,7.6,34.9,0.0,0.0,23.6
2023-06-26T21:30Z,9,289,7.1,0.0,71.2,0.0,5.0,5.2,0.0,0.0,11.6
2023-06-26T21:30Z,10,235,2.6,0.0,58.9,0.0,1.8,22.7,0.0,0.0,14.0
2023-06-26T21:30Z,11,337,1.2,0.0,84.8,0.0,3.3,3.0,0.0,0.0,7.7
2023-06-26T21:30Z,12,261,3.4,0.0,64.6,0.0,9.1,10.7,0.0,0.0,12.3
2023-06-26T21:30Z,13,238,1.8,0.0,58.3,0.1,13.5,10.9,0.0,0.0,15.3
2023-06-26T21:30Z,14,225,0.2,0.0,53.3,0.3,27.9,0.8,0.0,0.0,17.4
2023-06-26T21:30Z,15,205,3.4,0.0,50.6,0.1,10.5,21.3,0.0,0.0,14.2
2023-06-26T21:30Z,16,36,2.5,0.0,8.3,1.5,0.0,25.5,0.0,0.0,62.2
2023-06-26T21:30Z,17,281,0.0,0.0,71.4,0.0,0.0,0.0,0.0,0.0,28.6
2023-06-26T21:30Z,18,187,3.0,0.0,47.4,0.2,8.7,20.4,0.0,0.0,20.2
2023-06-26T22:00Z,1,0,0.0,0.0,0.0,3.5,0.0,0.0,0.0,0.0,96.5
2023-06-26T22:00Z,2,18,3.2,0.0,3.7,0.4,5.0,42.3,0.0,0.0,45.5
2023-06-26T22:00Z,3,57,0.2,0.0,14.2,0.0,11.5,57.8,0.0,0.0,16.3
2023-06-26T22:00Z,4,1,0.0,0.0,0.0,0.0,49.6,49.2,0.0,0.0,1.1
2023-06-26T22:00Z,5,186,16.3,0.0,42.2,0.0,11.2,11.7,0.0,0.0,18.6
2023-06-26T22:00Z,6,55,0.6,0.0,13.8,0.1,6.9,33.1,0.0,0.0,45.4
2023-06-26T22:00Z,7,344,0.0,0.0,87.2,0.0,0.0,0.0,0.0,0.0,12.7
2023-06-26T22:00Z,8,137,1.3,0.0,34.3,0.0,7.5,34.4,0.0,0.0,22.4
2023-06-26T22:00Z,9,289,6.8,0.0,71.3,0.0,4.7,4.8,0.0,0.0,12.4
2023-06-26T22:00Z,10,233,2.2,0.0,58.5,0.0,1.5,22.4,0.0,0.0,15.3
2023-06-26T22:00Z,11,314,1.9,0.0,78.7,0.0,5.0,4.1,0.0,0.0,10.3
2023-06-26T22:00Z,12,259,3.3,0.0,64.0,0.0,8.6,11.1,0.0,0.0,12.9
2023-06-26T22:00Z,13,237,1.6,0.0,58.1,0.1,12.7,11.6,0.0,0.0,15.9
2023-06-26T22:00Z,14,229,0.2,0.0,54.6,0.3,26.7,1.2,0.0,0.0,17.1
2023-06-26T22:00Z,15,201,3.4,0.0,49.4,0.1,10.5,21.8,0.0,0.0,14.8
2023-06-26T22:00Z,16,40,2.5,0.0,9.5,1.0,0.0,26.2,0.0,0.0,60.9
2023-06-26T22:00Z,17,287,0.0,0.0,72.8,0.0,0.0,0.0,0.0,0.0,27.2
2023-06-26T22:00Z,18,184,3.1,0.0,46.6,0.2,8.7,20.8,0.0,0.0,20.6
2023-06-26T22:30Z,1,0,0.0,0.0,0.0,3.1,0.0,0.0,0.0,0.0,96.9
2023-06-26T22:30Z,2,19,3.3,0.0,3.8,0.3,5.5,43.8,0.0,0.0,43.4
2023-06-26T22:30Z,3,55,0.2,0.0,13.9,0.0,11.5,58.7,0.0,0.0,15.8
2023-06-26T22:30Z,4,1,0.0,0.0,0.0,0.0,48.1,50.8,0.0,0.0,1.1
2023-06-26T22:30Z,5,186,16.1,0.0,42.3,0.0,10.8,11.0,0.0,0.0,19.8
2023-06-26T22:30Z,6,63,0.6,0.0,15.7,0.1,6.9,33.0,0.0,0.0,43.7
2023-06-26T22:30Z,7,351,0.0,0.0,89.1,0.0,0.0,0.0,0.0,0.0,10.9
2023-06-26T22:30Z,8,141,1.3,0.0,35.4,0.0,7.5,33.9,0.0,0.0,21.8
2023-06-26T22:30Z,9,282,7.2,0.0,69.4,0.0,4.8,4.5,0.0,0.0,14.0
2023-06-26T22:30Z,10,228,2.4,0.0,57.2,0.0,1.6,21.3,0.0,0.0,17.5
2023-06-26T22:30Z,11,311,2.0,0.0,78.0,0.0,4.5,4.6,0.0,0.0,11.0
2023-06-26T22:30Z,12,255,3.6,0.0,63.3,0.0,7.7,11.4,0.0,0.0,14.0
2023-06-26T22:30Z,13,235,1.8,0.0,57.9,0.1,10.4,12.3,0.0,0.0,17.5
2023-06-26T22:30Z,14,237,0.3,0.0,57.1,0.3,22.4,1.5,0.0,0.0,18.4
2023-06-26T22:30Z,15,197,3.4,0.0,48.5,0.1,10.8,21.7,0.0,0.0,15.5
2023-06-26T22:30Z,16,41,2.5,0.0,9.7,0.7,0.0,27.8,0.0,0.0,59.3
2023-06-26T22:30Z,17,293,0.0,0.0,74.3,0.0,0.0,0.0,0.0,0.0,25.7
2023-06-26T22:30Z,18,183,3.1,0.0,46.1,0.1,9.0,20.9,0.0,0.0,20.7
2023-06-26T23:00Z,1,0,0.0,0.0,0.0,4.4,0.0,0.0,0.0,0.0,95.6
2023-06-26T23:00Z,2,21,3.5,0.0,4.1,0.5,4.0,44.1,0.0,0.0,43.8
2023-06-26T23:00Z,3,63,0.1,0.0,15.9,0.0,7.8,60.9,0.0,0.0,15.3
2023-06-26T23:00Z,4,1,0.0,0.0,0.0,0.0,41.4,57.4,0.0,0.0,1.3
2023-06-26T23:00Z,5,198,17.1,0.0,45.1,0.0,6.5,9.4,0.0,0.0,21.9
2023-06-26T23:00Z,6,75,0.6,0.0,18.8,0.1,4.3,33.3,0.0,0.0,42.9
2023-06-26T23:00Z,7,357,0.0,0.0,90.6,0.0,0.0,0.0,0.0,0.0,9.4
2023-06-26T23:00Z,8,170,1.3,0.0,42.7,0.0,4.4,31.7,0.0,0.0,19.9
2023-06-26T23:00Z,9,287,7.4,0.0,70.6,0.0,2.8,4.1,0.0,0.0,15.1
2023-06-26T23:00Z,10,223,2.2,0.0,56.0,0.0,0.9,21.1,0.0,0.0,19.8
2023-06-26T23:00Z,11,324,1.5,0.0,81.4,0.0,3.1,4.7,0.0,0.0,9.2
2023-06-26T23:00Z,12,261,3.5,0.0,64.6,0.0,6.9,11.2,0.0,0.0,13.7
2023-06-26T23:00Z,13,230,1.6,0.0,56.6,0.1,11.0,12.4,0.0,0.0,18.3
2023-06-26T23:00Z,14,233,0.2,0.0,56.0,0.3,23.7,1.8,0.0,0.0,17.9
2023-06-26T23:00Z,15,206,3.6,0.0,50.9,0.1,6.9,21.9,0.0,0.0,16.6
2023-06-26T23:00Z,16,50,2.5,0.0,12.0,1.1,0.0,27.3,0.0,0.0,57.1
2023-06-26T23:00Z,17,304,0.0,0.0,77.0,0.0,0.0,0.0,0.0,0.0,23.0
2023-06-26T23:00Z,18,191,3.3,0.0,48.5,0.2,5.7,21.0,0.0,0.0,21.3
2023-06-26T23:30Z,1,0,0.0,0.0,0.0,6.1,0.0,0.0,0.0,0.0,93.9
2023-06-26T23:30Z,2,22,3.7,0.0,4.5,0.7,3.1,46.0,0.0,0.0,42.0
2023-06-26T23:30Z,3,73,0.3,0.0,18.4,0.0,5.1,62.2,0.0,0.0,14.1
2023-06-26T23:30Z,4,1,0.0,0.0,0.0,0.0,33.0,65.4,0.0,0.0,1.6
2023-06-26T23:30Z,5,215,17.4,0.0,49.2,0.0,3.2,7.2,0.0,0.0,23.1
2023-06-26T23:30Z,6,92,0.6,0.0,23.2,0.1,2.7,32.8,0.0,0.0,40.7
2023-06-26T23:30Z,7,361,0.0,0.0,91.7,0.0,0.0,0.0,0.0,0.0,8.3
2023-06-26T23:30Z,8,192,1.5,0.0,48.3,0.0,2.5,30.0,0.0,0.0,17.7
2023-06-26T23:30Z,9,293,7.4,0.0,72.0,0.0,1.4,3.2,0.0,0.0,15.9
2023-06-26T23:30Z,10,225,1.7,0.0,56.5,0.0,0.3,20.6,0.0,0.0,20.9
2023-06-26T23:30Z,11,349,0.6,0.0,88.3,0.0,1.3,3.8,0.0,0.0,5.9
2023-06-26T23:30Z,12,275,3.3,0.0,68.1,0.0,6.3,9.7,0.0,0.0,12.6
2023-06-26T23:30Z,13,236,1.0,0.0,58.0,0.2,11.7,11.8,0.0,0.0,17.3
2023-06-26T23:30Z,14,247,0.1,0.0,59.5,0.3,23.2,2.0,0.0,0.0,15.0
2023-06-26T23:30Z,15,204,3.5,0.0,50.5,0.1,8.0,22.0,0.0,0.0,15.9
2023-06-26T23:30Z,16,59,2.5,0.0,14.3,1.5,0.0,27.3,0.0,0.0,54.4
2023-06-26T23:30Z,17,314,0.0,0.0,79.7,0.0,0.0,0.0,0.0,0.0,20.3
2023-06-26T23:30Z,18,196,3.2,0.0,48.6,0.2,6.6,21.1,0.0,0.0,20.2
2023-06-27T00:00Z,1,0,0.0,0.0,0.0,7.3,0.0,0.0,0.0,0.0,92.7
2023-06-27T00:00Z,2,24,3.9,0.0,4.8,0.8,1.7,47.0,0.0,0.0,41.7
2023-06-27T00:00Z,3,79,0.5,0.0,19.8,0.0,2.7,63.1,0.0,0.0,13.9
2023-06-27T00:00Z,4,1,0.0,0.0,0.0,0.0,23.5,74.8,0.0,0.0,1.7
2023-06-27T00:00Z,5,225,18.0,0.0,51.7,0.0,1.3,5.3,0.0,0.0,23.6
2023-06-27T00:00Z,6,100,0.7,0.0,25.2,0.1,1.4,32.4,0.0,0.1,40.1
2023-06-27T00:00Z,7,364,0.0,0.0,92.4,0.0,0.0,0.0,0.0,0.0,7.6
2023-06-27T00:00Z,8,212,1.6,0.0,53.2,0.0,1.2,27.5,0.0,0.0,16.4
2023-06-27T00:00Z,9,299,7.6,0.0,73.6,0.0,0.6,2.3,0.0,0.0,15.9
2023-06-27T00:00Z,10,219,1.7,0.0,55.1,0.0,0.1,20.6,0.0,0.0,22.5
2023-06-27T00:00Z,11,354,0.7,0.0,89.5,0.0,1.2,2.6,0.0,0.0,6.0
2023-06-27T00:00Z,12,284,3.3,0.0,70.4,0.0,5.7,8.6,0.0,0.0,11.9
2023-06-27T00:00Z,13,244,1.1,0.0,60.6,0.2,8.2,11.6,0.0,0.0,18.3
2023-06-27T00:00Z,14,267,0.1,0.0,65.5,0.3,17.0,1.9,0.0,0.0,15.0
2023-06-27T00:00Z,15,223,3.9,0.0,55.3,0.1,1.2,21.4,0.0,0.0,18.1
2023-06-27T00:00Z,16,60,2.7,0.0,14.5,1.8,0.0,27.6,0.0,0.0,53.4
2023-06-27T00:00Z,17,319,0.0,0.0,80.9,0.0,0.0,0.0,0.0,0.0,19.1
2023-06-27T00:00Z,18,208,3.5,0.0,53.0,0.3,1.0,20.6,0.0,0.0,21.6
2023-06-27T00:30Z,1,0,0.0,0.0,0.0,7.5,0.0,0.0,0.0,0.0,92.5
2023-06-27T00:30Z,2,26,4.1,0.0,5.3,0.8,1.0,48.8,0.0,0.0,40.0
2023-06-27T00:30Z,3,90,0.7,0.0,22.7,0.0,1.1,62.7,0.0,0.0,12.8
2023-06-27T00:30Z,4,0,0.0,0.0,0.0,0.0,14.1,83.8,0.0,0.0,2.1
2023-06-27T00:30Z,5,237,18.3,0.0,54.5,0.0,0.2,3.5,0.0,0.0,23.5
2023-06-27T00:30Z,6,118,0.7,0.0,29.6,0.1,0.6,30.7,0.0,0.0,38.3
2023-06-27T00:30Z,7,365,0.0,0.0,92.5,0.0,0.0,0.0,0.0,0.0,7.5
2023-06-27T00:30Z,8,226,1.7,0.0,56.9,0.0,0.4,25.9,0.0,0.0,15.0
2023-06-27T00:30Z,9,307,7.4,0.0,75.7,0.0,0.1,1.5,0.0,0.0,15.3
2023-06-27T00:30Z,10,216,1.6,0.0,54.4,0.0,0.0,20.3,0.0,0.0,23.6
2023-06-27T00:30Z,11,374,0.0,0.0,94.9,0.0,0.0,1.4,0.0,0.0,3.7
2023-06-27T00:30Z,12,296,3.4,0.0,73.7,0.0,4.0,7.3,0.0,0.0,11.5
2023-06-27T00:30Z,13,243,1.1,0.0,60.2,0.2,7.9,11.5,0.0,0.0,19.1
2023-06-27T00:30Z,14,265,0.2,0.0,64.9,0.4,17.6,2.0,0.0,0.0,15.1
2023-06-27T00:30Z,15,227,3.8,0.0,56.1,0.1,1.5,21.5,0.0,0.0,16.9
2023-06-27T00:30Z,16,69,2.7,0.0,16.6,1.8,0.0,27.6,0.0,0.0,51.4
2023-06-27T00:30Z,17,324,0.0,0.0,82.1,0.0,0.0,0.0,0.0,0.0,17.9
2023-06-27T00:30Z,18,213,3.5,0.0,53.9,0.3,1.3,20.7,0.0,0.0,20.3
2023-06-27T01:00Z,1,0,0.0,0.0,0.0,8.1,0.0,0.0,0.0,0.0,91.9
2023-06-27T01:00Z,2,31,4.4,0.0,6.5,0.6,0.2,50.9,0.0,0.0,37.3
2023-06-27T01:00Z,3,100,1.1,0.0,25.0,0.0,0.2,61.8,0.0,0.0,12.0
2023-06-27T01:00Z,4,18,1.4,0.0,4.1,0.0,3.1,87.8,0.0,0.0,3.6
2023-06-27T01:00Z,5,245,18.8,0.0,56.4,0.0,0.0,2.1,0.0,0.0,22.7
2023-06-27T01:00Z,6,141,0.8,0.0,35.5,0.1,0.1,28.6,0.0,0.0,34.9
2023-06-27T01:00Z,7,365,0.0,0.0,92.5,0.0,0.0,0.0,0.0,0.0,7.5
2023-06-27T01:00Z,8,240,1.8,0.0,60.2,0.0,0.1,24.0,0.0,0.0,13.9
2023-06-27T01:00Z,9,315,7.0,0.0,77.9,0.0,0.0,0.9,0.0,0.0,14.1
2023-06-27T01:00Z,10,219,1.4,0.0,55.2,0.0,0.0,19.8,0.0,0.0,23.6
2023-06-27T01:00Z,11,377,0.0,0.0,95.6,0.0,0.0,0.6,0.0,0.1,3.8
2023-06-27T01:00Z,12,303,3.2,0.0,75.2,0.0,4.8,6.3,0.0,0.1,10.3
2023-06-27T01:00Z,13,246,1.0,0.0,61.1,0.2,8.0,11.4,0.0,0.0,18.3
2023-06-27T01:00Z,14,269,0.2,0.0,65.9,0.3,17.6,2.2,0.0,0.0,13.8
2023-06-27T01:00Z,15,233,3.8,0.0,57.8,0.1,1.2,21.5,0.0,0.0,15.6
2023-06-27T01:00Z,16,73,2.8,0.0,17.6,1.9,0.0,27.6,0.0,0.0,50.1
2023-06-27T01:00Z,17,325,0.0,0.0,82.6,0.0,0.0,0.0,0.0,0.0,17.4
2023-06-27T01:00Z,18,219,3.5,0.0,55.4,0.3,1.0,20.7,0.0,0.0,19.1
2023-06-27T01:30Z,1,0,0.0,0.0,0.0,8.8,0.0,0.0,0.0,0.0,91.2
2023-06-27T01:30Z,2,34,4.5,0.0,7.2,0.5,0.5,53.0,0.0,0.0,34.3
2023-06-27T01:30Z,3,102,1.1,0.0,25.6,0.0,0.3,62.4,0.0,0.0,10.7
2023-06-27T01:30Z,4,17,1.2,0.0,3.9,0.0,4.7,87.1,0.0,0.0,3.1
2023-06-27T01:30Z,5,254,18.5,0.0,58.8,0.0,0.0,1.0,0.0,0.0,21.7
2023-06-27T01:30Z,6,162,0.7,0.0,41.0,0.0,0.1,27.4,0.0,0.0,30.8
2023-06-27T01:30Z,7,364,0.0,0.0,92.5,0.0,0.0,0.0,0.0,0.0,7.5
2023-06-27T01:30Z,8,245,1.9,0.0,61.7,0.0,0.1,22.9,0.0,0.0,13.4
2023-06-27T01:30Z,9,318,7.2,0.0,78.4,0.0,0.0,0.4,0.0,0.0,14.0
2023-06-27T01:30Z,10,220,1.3,0.0,55.5,0.0,0.0,19.8,0.0,0.0,23.5
2023-06-27T01:30Z,11,379,0.0,0.0,96.3,0.0,0.0,0.3,0.0,0.0,3.4
2023-06-27T01:30Z,12,309,3.1,0.0,77.0,0.0,4.4,5.8,0.0,0.0,9.7
2023-06-27T01:30Z,13,250,0.9,0.0,62.2,0.1,7.2,11.7,0.0,0.0,17.9
2023-06-27T01:30Z,14,278,0.2,0.0,68.4,0.3,15.7,2.7,0.0,0.0,12.8
2023-06-27T01:30Z,15,234,3.7,0.0,58.1,0.1,1.6,21.8,0.0,0.0,14.7
2023-06-27T01:30Z,16,77,2.9,0.0,18.6,2.0,0.0,28.4,0.0,0.0,48.1
2023-06-27T01:30Z,17,330,0.0,0.0,83.7,0.0,0.0,0.0,0.0,0.0,16.3
2023-06-27T01:30Z,18,222,3.4,0.0,56.0,0.3,1.3,21.0,0.0,0.0,18.0
2023-06-27T02:00Z,1,0,0.0,0.0,0.0,8.8,0.0,0.0,0.0,0.0,91.2
2023-06-27T02:00Z,2,39,4.8,0.0,8.4,0.3,0.0,54.5,0.0,0.1,31.9
2023-06-27T02:00Z,3,106,1.3,0.0,26.6,0.0,0.0,62.3,0.0,0.0,9.8
2023-06-27T02:00Z,4,32,2.2,0.0,7.4,0.0,0.0,86.4,0.0,0.0,3.9
2023-06-27T02:00Z,5,265,18.5,0.0,61.6,0.0,0.0,0.3,0.0,0.0,19.7
2023-06-27T02:00Z,6,179,0.7,0.0,45.1,0.0,0.0,26.3,0.0,0.0,27.9
2023-06-27T02:00Z,7,364,0.0,0.0,92.4,0.0,0.0,0.0,0.0,0.0,7.5
2023-06-27T02:00Z,8,252,1.9,0.0,63.4,0.0,0.0,22.2,0.0,0.0,12.5
2023-06-27T02:00Z,9,326,7.0,0.0,80.5,0.0,0.0,0.1,0.0,0.0,12.4
2023-06-27T02:00Z,10,231,1.2,0.0,58.3,0.0,0.0,19.5,0.0,0.0,20.9
2023-06-27T02:00Z,11,381,0.0,0.0,96.6,0.0,0.0,0.0,0.0,0.0,3.3
2023-06-27T02:00Z,12,317,3.2,0.0,79.1,0.0,3.1,5.5,0.0,0.0,9.1
2023-06-27T02:00Z,13,269,1.0,0.0,67.5,0.1,3.0,11.4,0.0,0.0,17.0
2023-06-27T02:00Z,14,306,0.2,0.0,76.6,0.3,6.9,2.9,0.0,0.0,13.0
2023-06-27T02:00Z,15,240,3.8,0.0,59.6,0.1,1.9,21.5,0.0,0.0,13.2
2023-06-27T02:00Z,16,80,3.0,0.0,19.4,1.7,0.0,28.4,0.0,0.0,47.5
2023-06-27T02:00Z,17,331,0.0,0.0,84.0,0.0,0.0,0.0,0.0,0.0,16.0
2023-06-27T02:00Z,18,230,3.4,0.0,57.4,0.2,1.6,20.7,0.0,0.0,16.7
2023-06-27T02:30Z,1,0,0.0,0.0,0.0,8.5,0.0,0.5,0.0,0.0,91.0
2023-06-27T02:30Z,2,40,4.9,0.0,8.6,0.2,0.7,56.2,0.0,0.0,29.6
2023-06-27T02:30Z,3,108,1.1,0.0,27.1,0.0,0.3,62.8,0.0,0.0,8.8
2023-06-27T02:30Z,4,20,1.4,0.0,4.6,0.0,4.9,86.5,0.0,0.0,2.7
2023-06-27T02:30Z,5,268,18.9,0.0,62.4,0.0,0.0,0.7,0.0,0.0,18.1
2023-06-27T02:30Z,6,190,0.6,0.0,48.1,0.0,0.1,25.4,0.0,0.0,25.8
2023-06-27T02:30Z,7,365,0.0,0.0,92.8,0.0,0.0,0.0,0.0,0.0,7.2
2023-06-27T02:30Z,8,258,1.7,0.0,65.0,0.0,0.1,21.9,0.0,0.0,11.3
2023-06-27T02:30Z,9,328,7.2,0.0,81.1,0.0,0.0,0.2,0.0,0.0,11.5
2023-06-27T02:30Z,10,235,1.5,0.0,59.1,0.0,0.0,19.2,0.0,0.0,20.2
2023-06-27T02:30Z,11,381,0.0,0.0,96.6,0.0,0.0,0.0,0.0,0.0,3.4
2023-06-27T02:30Z,12,323,3.2,0.0,80.6,0.0,2.5,5.5,0.0,0.0,8.2
2023-06-27T02:30Z,13,272,1.1,0.0,68.2,0.1,2.8,11.5,0.0,0.0,16.1
2023-06-27T02:30Z,14,308,0.3,0.0,77.1,0.3,6.6,3.2,0.0,0.0,12.5
2023-06-27T02:30Z,15,239,4.1,0.0,59.3,0.1,1.8,21.7,0.0,0.0,13.1
2023-06-27T02:30Z,16,84,3.1,0.0,20.3,1.3,0.0,28.4,0.0,0.0,46.8
2023-06-27T02:30Z,17,332,0.0,0.0,84.3,0.0,0.0,0.0,0.0,0.0,15.7
2023-06-27T02:30Z,18,231,3.7,0.0,57.2,0.2,1.5,20.9,0.0,0.0,16.6
2023-06-27T03:00Z,1,0,0.0,0.0,0.0,8.7,0.0,1.0,0.0,0.0,90.3
2023-06-27T03:00Z,2,37,4.8,0.0,7.9,0.1,1.2,56.2,0.0,0.2,29.6
2023-06-27T03:00Z,3,107,1.0,0.0,26.8,0.0,0.6,63.4,0.0,0.0,8.1
2023-06-27T03:00Z,4,8,0.6,0.0,1.8,0.0,9.6,85.9,0.0,0.2,1.9
2023-06-27T03:00Z,5,272,19.2,0.0,63.2,0.0,0.0,1.7,0.0,0.1,15.8
2023-06-27T03:00Z,6,190,0.6,0.0,48.0,0.0,0.3,25.8,0.0,0.0,25.3
2023-06-27T03:00Z,7,365,0.0,0.0,92.7,0.0,0.0,0.0,0.0,0.0,7.3
2023-06-27T03:00Z,8,258,1.7,0.0,64.8,0.0,0.2,22.4,0.0,0.0,10.9
2023-06-27T03:00Z,9,330,7.5,0.0,81.5,0.0,0.0,0.6,0.0,0.1,10.4
2023-06-27T03:00Z,10,242,1.6,0.0,61.1,0.0,0.0,19.1,0.0,0.1,18.2
2023-06-27T03:00Z,11,381,0.0,0.0,96.7,0.0,0.0,0.0,0.0,0.0,3.3
2023-06-27T03:00Z,12,320,3.4,0.0,79.8,0.0,2.7,6.1,0.0,0.0,8.0
2023-06-27T03:00Z,13,275,1.3,0.0,69.0,0.1,3.0,11.7,0.0,0.1,14.8
2023-06-27T03:00Z,14,308,0.3,0.0,77.0,0.3,7.1,3.6,0.0,0.1,11.6
2023-06-27T03:00Z,15,242,4.1,0.0,59.9,0.1,2.4,21.5,0.0,0.0,12.0
2023-06-27T03:00Z,16,93,3.0,0.0,22.6,1.2,0.0,28.5,0.0,0.1,44.6
2023-06-27T03:00Z,17,338,0.0,0.0,85.9,0.0,0.0,0.0,0.0,0.0,14.1
2023-06-27T03:00Z,18,234,3.7,0.0,58.1,0.2,2.0,20.7,0.0,0.0,15.4
2023-06-27T03:30Z,1,2,0.2,0.0,0.4,9.5,0.3,1.6,0.0,0.0,88.0
2023-06-27T03:30Z,2,32,4.4,0.0,6.8,0.0,4.8,56.0,0.0,0.3,27.7
2023-06-27T03:30Z,3,98,0.6,0.0,24.7,0.0,3.5,64.5,0.0,0.0,6.6
2023-06-27T03:30Z,4,1,0.0,0.0,0.0,0.0,24.7,74.3,0.0,0.2,0.9
2023-06-27T03:30Z,5,265,20.4,0.0,61.0,0.0,1.6,2.8,0.0,0.2,14.0
2023-06-27T03:30Z,6,186,0.6,0.0,47.0,0.0,1.6,26.7,0.0,0.1,24.0
2023-06-27T03:30Z,7,366,0.0,0.0,92.8,0.0,0.0,0.0,0.0,0.0,7.2
2023-06-27T03:30Z,8,254,1.5,0.0,63.9,0.0,1.4,23.2,0.0,0.1,9.9
2023-06-27T03:30Z,9,335,7.0,0.0,82.8,0.0,0.5,1.0,0.0,0.2,8.4
2023-06-27T03:30Z,10,250,1.6,0.0,62.9,0.0,0.1,19.1,0.0,0.5,15.6
2023-06-27T03:30Z,11,381,0.0,0.0,96.6,0.0,0.0,0.0,0.0,0.0,3.4
2023-06-27T03:30Z,12,326,3.2,0.0,81.5,0.0,1.8,6.6,0.0,0.2,6.7
2023-06-27T03:30Z,13,281,1.3,0.0,70.6,0.1,3.0,12.0,0.0,0.4,12.6
2023-06-27T03:30Z,14,312,0.3,0.0,78.2,0.3,7.2,3.8,0.0,0.3,9.8
2023-06-27T03:30Z,15,245,4.0,0.0,60.9,0.0,3.3,21.4,0.0,0.2,10.2
2023-06-27T03:30Z,16,94,3.0,0.0,22.8,1.3,0.0,28.3,0.0,0.2,44.4
2023-06-27T03:30Z,17,338,0.0,0.0,85.8,0.0,0.0,0.0,0.0,0.0,14.2
2023-06-27T03:30Z,18,236,3.6,0.0,58.9,0.2,2.7,20.5,0.0,0.2,13.9
2023-06-27T04:00Z,1,2,0.3,0.0,0.4,9.6,0.5,2.5,0.0,0.0,86.7
2023-06-27T04:00Z,2,28,4.2,0.0,5.7,0.0,7.5,54.2,0.0,0.4,28.0
2023-06-27T04:00Z,3,94,0.2,0.0,23.7,0.0,6.4,63.4,0.0,0.1,6.2
2023-06-27T04:00Z,4,1,0.0,0.0,0.0,0.0,34.1,65.1,0.0,0.2,0.6
2023-06-27T04:00Z,5,259,19.6,0.0,59.7,0.0,4.3,4.3,0.0,0.3,11.8
2023-06-27T04:00Z,6,177,0.5,0.0,44.7,0.0,3.2,28.0,0.0,0.7,22.9
2023-06-27T04:00Z,7,365,0.0,0.0,92.7,0.0,0.0,0.0,0.0,0.2,7.1
2023-06-27T04:00Z,8,243,1.2,0.0,61.2,0.0,2.9,24.3,0.0,0.6,9.8
2023-06-27T04:00Z,9,331,7.1,0.0,81.8,0.0,1.6,1.5,0.0,0.7,7.4
2023-06-27T04:00Z,10,257,1.9,0.0,64.5,0.0,0.4,18.5,0.0,1.5,13.1
2023-06-27T04:00Z,11,375,0.0,0.0,95.1,0.0,0.0,0.0,0.0,1.5,3.4
2023-06-27T04:00Z,12,318,3.4,0.0,79.5,0.0,2.1,7.2,0.0,1.3,6.6
2023-06-27T04:00Z,13,289,1.6,0.0,72.7,0.1,1.8,11.6,0.0,1.4,10.9
2023-06-27T04:00Z,14,324,0.4,0.0,81.7,0.3,3.7,3.8,0.0,1.3,8.8
2023-06-27T04:00Z,15,247,3.7,0.0,61.4,0.0,4.8,20.7,0.0,0.9,8.6
2023-06-27T04:00Z,16,92,2.9,0.0,22.5,1.5,0.0,28.1,0.0,0.3,44.6
2023-06-27T04:00Z,17,338,0.0,0.0,85.7,0.0,0.0,0.0,0.0,0.2,14.1
2023-06-27T04:00Z,18,236,3.4,0.0,59.3,0.2,4.0,20.0,0.0,0.8,12.4
2023-06-27T04:30Z,1,2,0.3,0.0,0.4,10.4,0.6,3.0,0.0,0.1,85.3
2023-06-27T04:30Z,2,26,4.1,0.0,5.3,0.0,9.0,51.6,0.0,0.8,29.3
2023-06-27T04:30Z,3,88,0.3,0.0,22.3,0.0,8.7,61.9,0.0,0.2,6.7
2023-06-27T04:30Z,4,1,0.0,0.0,0.0,0.0,40.8,58.2,0.0,0.4,0.6
2023-06-27T04:30Z,5,257,19.3,0.0,59.3,0.0,5.7,5.3,0.0,0.5,9.9
2023-06-27T04:30Z,6,172,0.5,0.0,43.5,0.0,4.2,27.8,0.0,1.3,22.8
2023-06-27T04:30Z,7,365,0.0,0.0,92.7,0.0,0.0,0.0,0.0,0.4,6.9
2023-06-27T04:30Z,8,242,1.2,0.0,61.0,0.0,3.6,23.8,0.0,1.1,9.3
2023-06-27T04:30Z,9,331,6.5,0.0,82.1,0.0,1.9,1.8,0.0,1.4,6.2
2023-06-27T04:30Z,10,258,1.9,0.0,65.0,0.0,0.6,17.9,0.0,3.2,11.5
2023-06-27T04:30Z,11,367,0.0,0.0,93.2,0.0,0.0,0.0,0.0,3.9,2.9
2023-06-27T04:30Z,12,317,2.9,0.0,79.5,0.0,1.8,7.4,0.0,2.9,5.4
2023-06-27T04:30Z,13,293,1.5,0.0,73.7,0.1,2.2,10.9,0.0,2.9,8.8
2023-06-27T04:30Z,14,328,0.4,0.0,82.5,0.3,4.4,3.4,0.0,2.4,6.6
2023-06-27T04:30Z,15,245,3.6,0.0,60.9,0.0,5.8,19.9,0.0,1.9,7.8
2023-06-27T04:30Z,16,97,2.8,0.0,23.8,2.0,0.0,26.5,0.0,0.6,44.3
2023-06-27T04:30Z,17,339,0.0,0.0,86.0,0.0,0.0,0.0,0.0,0.5,13.6
2023-06-27T04:30Z,18,236,3.3,0.0,59.0,0.2,4.8,19.2,0.0,1.7,11.8
2023-06-27T05:00Z,1,2,0.4,0.0,0.5,11.4,1.2,3.4,0.0,0.1,83.0
2023-06-27T05:00Z,2,24,3.7,0.0,4.9,0.0,12.1,49.0,0.0,0.7,29.6
2023-06-27T05:00Z,3,87,0.1,0.0,21.9,0.0,12.0,58.8,0.0,0.2,6.9
2023-06-27T05:00Z,4,1,0.0,0.0,0.0,0.0,49.3,49.8,0.0,0.4,0.5
2023-06-27T05:00Z,5,252,18.1,0.0,58.3,0.0,8.6,6.1,0.0,0.7,8.2
2023-06-27T05:00Z,6,161,0.5,0.0,40.7,0.0,6.4,28.1,0.0,1.8,22.4
2023-06-27T05:00Z,7,361,0.0,0.0,91.5,0.0,0.0,0.0,0.0,0.7,7.8
2023-06-27T05:00Z,8,229,1.2,0.0,57.7,0.0,5.7,23.7,0.0,1.8,9.9
2023-06-27T05:00Z,9,328,6.3,0.0,81.3,0.0,3.0,2.1,0.0,2.1,5.2
2023-06-27T05:00Z,10,258,2.0,0.0,64.8,0.0,1.0,17.1,0.0,5.1,10.0
2023-06-27T05:00Z,11,353,0.0,0.0,89.7,0.0,0.0,0.1,0.0,7.2,3.0
2023-06-27T05:00Z,12,305,3.0,0.0,76.6,0.0,2.9,7.2,0.0,5.0,5.3
2023-06-27T05:00Z,13,291,1.6,0.0,73.1,0.1,2.5,10.1,0.0,4.7,7.9
2023-06-27T05:00Z,14,327,0.4,0.0,82.3,0.3,4.3,2.8,0.0,4.1,5.9
2023-06-27T05:00Z,15,239,3.4,0.0,59.5,0.1,8.0,18.7,0.0,3.1,7.2
2023-06-27T05:00Z,16,91,2.8,0.0,22.3,2.5,0.0,26.4,0.0,0.7,45.4
2023-06-27T05:00Z,17,335,0.0,0.0,85.0,0.0,0.0,0.0,0.0,0.8,14.1
2023-06-27T05:00Z,18,231,3.1,0.0,57.6,0.3,6.7,18.2,0.0,2.7,11.3
2023-06-27T05:30Z,1,2,0.3,0.0,0.3,13.7,0.8,3.1,0.0,0.1,81.7
2023-06-27T05:30Z,2,24,3.7,0.0,4.9,0.0,12.4,45.7,0.0,1.0,32.4
2023-06-27T05:30Z,3,88,0.3,0.0,22.2,0.0,12.5,56.6,0.0,0.4,7.9
2023-06-27T05:30Z,4,2,0.0,0.0,0.0,0.0,52.1,46.8,0.0,0.6,0.6
2023-06-27T05:30Z,5,261,17.2,0.0,61.0,0.0,7.8,6.2,0.0,0.9,7.0
2023-06-27T05:30Z,6,158,0.6,0.0,39.8,0.0,6.4,27.9,0.0,2.7,22.7
2023-06-27T05:30Z,7,358,0.0,0.0,90.8,0.0,0.0,0.0,0.0,1.2,8.0
2023-06-27T05:30Z,8,231,1.3,0.0,58.3,0.0,5.6,22.2,0.0,2.7,10.0
2023-06-27T05:30Z,9,329,6.1,0.0,81.6,0.0,2.8,2.0,0.0,2.9,4.7
2023-06-27T05:30Z,10,260,1.8,0.0,65.4,0.0,0.8,15.8,0.0,7.3,8.8
2023-06-27T05:30Z,11,332,0.0,0.0,84.2,0.0,0.0,0.1,0.0,12.3,3.4
2023-06-27T05:30Z,12,304,2.9,0.0,76.2,0.0,2.9,6.0,0.0,7.0,4.9
2023-06-27T05:30Z,13,285,1.4,0.0,71.3,0.1,4.5,9.0,0.0,6.8,6.8
2023-06-27T05:30Z,14,308,0.3,0.0,76.6,0.3,9.9,2.2,0.0,5.9,4.8
2023-06-27T05:30Z,15,238,3.4,0.0,59.2,0.1,8.4,17.3,0.0,4.6,7.1
2023-06-27T05:30Z,16,89,2.7,0.0,21.7,3.0,0.0,25.6,0.0,0.9,46.2
2023-06-27T05:30Z,17,332,0.0,0.0,84.4,0.0,0.0,0.0,0.0,1.3,14.3
2023-06-27T05:30Z,18,231,3.1,0.0,57.3,0.3,7.1,16.9,0.0,4.1,11.2
2023-06-27T06:00Z,1,1,0.2,0.0,0.3,14.1,0.7,2.3,0.0,0.1,82.3
2023-06-27T06:00Z,2,23,3.5,0.0,4.7,0.0,11.5,42.7,0.0,1.2,36.4
2023-06-27T06:00Z,3,87,0.5,0.0,21.9,0.0,12.5,54.5,0.0,0.6,10.0
2023-06-27T06:00Z,4,2,0.0,0.0,0.0,0.0,54.7,43.8,0.0,0.7,0.8
2023-06-27T06:00Z,5,265,17.0,0.0,62.0,0.0,7.4,5.8,0.0,1.1,6.7
2023-06-27T06:00Z,6,148,0.6,0.0,37.4,0.0,6.5,27.2,0.0,3.6,24.7
2023-06-27T06:00Z,7,354,0.0,0.0,89.8,0.0,0.0,0.0,0.0,1.5,8.7
2023-06-27T06:00Z,8,233,1.4,0.0,58.8,0.0,5.2,20.5,0.0,3.7,10.5
2023-06-27T06:00Z,9,332,5.2,0.0,82.6,0.0,2.3,1.8,0.0,3.8,4.3
2023-06-27T06:00Z,10,250,1.2,0.0,63.1,0.0,0.5,15.6,0.0,10.7,9.0
2023-06-27T06:00Z,11,302,0.2,0.0,76.5,0.0,0.6,0.1,0.0,18.1,4.5
2023-06-27T06:00Z,12,292,2.2,0.0,72.4,0.0,6.1,5.3,0.0,9.9,4.1
2023-06-27T06:00Z,13,256,0.7,0.0,61.1,0.1,14.8,9.0,0.0,8.4,5.9
2023-06-27T06:00Z,14,260,0.1,0.0,58.6,0.3,29.4,2.0,0.0,6.3,3.3
2023-06-27T06:00Z,15,232,3.2,0.0,57.2,0.1,10.5,16.2,0.0,6.0,6.8
2023-06-27T06:00Z,16,79,2.6,0.0,19.3,3.3,0.0,23.9,0.0,1.1,49.9
2023-06-27T06:00Z,17,328,0.0,0.0,83.4,0.0,0.0,0.0,0.0,1.7,15.0
2023-06-27T06:00Z,18,223,2.9,0.0,55.3,0.4,8.8,15.9,0.0,5.2,11.5
2023-06-27T06:30Z,1,1,0.1,0.0,0.2,14.3,0.5,1.8,0.0,0.1,83.0
2023-06-27T06:30Z,2,22,3.3,0.0,4.4,0.0,10.8,40.4,0.0,1.3,39.7
2023-06-27T06:30Z,3,83,0.8,0.0,20.9,0.0,12.1,54.0,0.0,0.7,11.6
2023-06-27T06:30Z,4,2,0.0,0.0,0.0,0.0,55.6,42.7,0.0,0.8,0.9
2023-06-27T06:30Z,5,267,17.4,0.0,62.4,0.0,6.7,5.8,0.0,1.3,6.3
2023-06-27T06:30Z,6,134,0.8,0.0,33.7,0.0,6.6,27.5,0.0,4.8,26.6
2023-06-27T06:30Z,7,352,0.0,0.0,89.3,0.0,0.0,0.0,0.0,1.7,9.1
2023-06-27T06:30Z,8,237,1.4,0.0,59.7,0.0,4.6,19.5,0.0,4.5,10.2
2023-06-27T06:30Z,9,338,4.3,0.0,84.4,0.0,1.6,1.6,0.0,4.3,3.8
2023-06-27T06:30Z,10,243,0.7,0.0,61.5,0.0,0.3,16.0,0.0,13.2,8.3
2023-06-27T06:30Z,11,301,0.0,0.0,76.4,0.0,0.1,0.1,0.0,19.3,4.0
2023-06-27T06:30Z,12,283,1.7,0.0,69.7,0.1,8.1,4.7,0.0,12.7,3.1
2023-06-27T06:30Z,13,241,0.4,0.0,56.8,0.2,18.8,8.4,0.0,10.1,5.2
2023-06-27T06:30Z,14,237,0.0,0.0,52.3,0.3,35.8,1.6,0.0,7.4,2.7
2023-06-27T06:30Z,15,226,2.9,0.0,54.9,0.1,13.5,15.6,0.0,7.0,6.1
2023-06-27T06:30Z,16,73,2.4,0.0,17.7,3.4,0.0,22.8,0.0,1.2,52.5
2023-06-27T06:30Z,17,326,0.0,0.0,82.6,0.0,0.0,0.0,0.0,2.1,15.3
2023-06-27T06:30Z,18,218,2.7,0.0,53.1,0.4,11.3,15.2,0.0,6.1,11.2
2023-06-27T07:00Z,1,0,0.0,0.0,0.0,13.0,0.0,1.1,0.0,0.0,85.9
2023-06-27T07:00Z,2,20,3.1,0.0,4.2,0.2,9.5,37.4,0.0,1.6,44.0
2023-06-27T07:00Z,3,79,0.6,0.0,19.7,0.0,11.8,53.1,0.0,0.9,13.9
2023-06-27T07:00Z,4,2,0.0,0.0,0.0,0.0,54.6,43.4,0.0,1.0,1.0
2023-06-27T07:00Z,5,266,17.0,0.0,62.4,0.0,7.1,5.8,0.0,1.5,6.2
2023-06-27T07:00Z,6,118,0.7,0.0,29.6,0.0,6.3,27.8,0.0,5.9,29.7
2023-06-27T07:00Z,7,349,0.0,0.0,88.5,0.0,0.0,0.0,0.0,2.0,9.5
2023-06-27T07:00Z,8,234,1.2,0.0,58.9,0.0,4.3,19.0,0.0,5.3,11.3
2023-06-27T07:00Z,9,335,4.2,0.0,83.8,0.0,1.7,1.6,0.0,4.9,3.7
2023-06-27T07:00Z,10,237,0.7,0.0,59.9,0.0,0.3,15.6,0.0,15.5,7.9
2023-06-27T07:00Z,11,282,0.0,0.0,71.6,0.0,0.0,0.2,0.0,23.3,4.9
2023-06-27T07:00Z,12,276,1.6,0.0,68.4,0.1,7.0,4.1,0.0,15.6,3.3
2023-06-27T07:00Z,13,240,0.4,0.0,57.0,0.2,16.6,7.9,0.0,12.8,5.1
2023-06-27T07:00Z,14,240,0.0,0.0,53.2,0.4,32.6,1.1,0.0,10.0,2.8
2023-06-27T07:00Z,15,220,2.9,0.0,53.4,0.1,13.4,15.1,0.0,8.4,6.7
2023-06-27T07:00Z,16,62,2.3,0.0,15.1,3.3,0.0,22.0,0.0,1.4,55.9
2023-06-27T07:00Z,17,318,0.0,0.0,80.8,0.0,0.0,0.0,0.0,2.5,16.7
2023-06-27T07:00Z,18,212,2.6,0.0,51.4,0.4,11.2,14.8,0.0,7.4,12.2
2023-06-27T07:30Z,1,0,0.0,0.0,0.0,11.8,0.0,0.7,0.0,0.0,87.5
2023-06-27T07:30Z,2,19,2.8,0.0,3.8,0.5,7.2,34.5,0.0,1.6,49.6
2023-06-27T07:30Z,3,72,0.4,0.0,18.0,0.0,11.1,52.7,0.0,1.0,16.7
2023-06-27T07:30Z,4,2,0.0,0.0,0.0,0.0,54.5,43.3,0.0,1.0,1.2
2023-06-27T07:30Z,5,262,17.3,0.0,61.1,0.0,7.6,6.0,0.0,1.7,6.2
2023-06-27T07:30Z,6,106,0.6,0.0,26.7,0.1,5.7,27.9,0.0,6.6,32.4
2023-06-27T07:30Z,7,344,0.0,0.0,87.3,0.0,0.0,0.0,0.0,2.4,10.2
2023-06-27T07:30Z,8,223,1.1,0.0,56.1,0.0,4.3,19.0,0.0,6.1,13.3
2023-06-27T07:30Z,9,332,4.3,0.0,83.0,0.0,1.9,1.6,0.0,5.4,3.8
2023-06-27T07:30Z,10,231,0.8,0.0,58.3,0.0,0.3,15.4,0.0,17.4,7.7
2023-06-27T07:30Z,11,254,0.1,0.0,64.2,0.0,0.5,0.2,0.0,29.0,5.9
2023-06-27T07:30Z,12,270,1.6,0.0,67.0,0.1,6.3,3.5,0.0,17.7,3.8
2023-06-27T07:30Z,13,233,0.5,0.0,55.1,0.2,17.3,7.2,0.0,14.7,5.0
2023-06-27T07:30Z,14,228,0.0,0.0,50.2,0.3,34.4,0.5,0.0,11.8,2.7
2023-06-27T07:30Z,15,215,2.8,0.0,52.3,0.1,13.0,14.8,0.0,9.9,7.2
2023-06-27T07:30Z,16,47,2.2,0.0,11.4,3.0,0.0,21.0,0.0,1.5,60.8
2023-06-27T07:30Z,17,303,0.0,0.0,77.0,0.0,0.0,0.0,0.0,3.3,19.7
2023-06-27T07:30Z,18,205,2.5,0.0,49.8,0.4,10.9,14.5,0.0,8.6,13.3
2023-06-27T08:00Z,1,0,0.0,0.0,0.0,9.7,0.0,0.3,0.0,0.0,90.0
2023-06-27T08:00Z,2,17,2.6,0.0,3.5,0.7,6.0,31.9,0.0,1.8,53.6
2023-06-27T08:00Z,3,67,0.4,0.0,16.8,0.0,10.8,50.7,0.0,1.1,20.3
2023-06-27T08:00Z,4,2,0.0,0.0,0.0,0.0,53.8,43.6,0.0,1.2,1.4
2023-06-27T08:00Z,5,258,17.0,0.0,60.3,0.0,7.8,6.6,0.0,1.9,6.4
2023-06-27T08:00Z,6,80,0.6,0.0,20.0,0.1,5.6,27.0,0.0,7.5,39.1
2023-06-27T08:00Z,7,338,0.0,0.0,85.9,0.0,0.0,0.0,0.0,2.9,11.2
2023-06-27T08:00Z,8,215,1.0,0.0,54.3,0.0,4.1,18.7,0.0,6.8,15.0
2023-06-27T08:00Z,9,328,4.2,0.0,82.1,0.0,1.9,1.7,0.0,6.1,4.1
2023-06-27T08:00Z,10,223,0.8,0.0,56.5,0.0,0.4,15.3,0.0,19.1,8.1
2023-06-27T08:00Z,11,228,0.1,0.0,57.7,0.0,0.6,0.4,0.0,34.6,6.6
2023-06-27T08:00Z,12,257,1.5,0.0,63.4,0.1,7.7,3.7,0.0,19.7,4.0
2023-06-27T08:00Z,13,217,0.5,0.0,50.8,0.2,20.0,7.4,0.0,16.2,5.0
2023-06-27T08:00Z,14,207,0.0,0.0,44.3,0.3,39.2,0.5,0.0,13.2,2.4
2023-06-27T08:00Z,15,207,2.7,0.0,50.2,0.1,13.0,14.4,0.0,10.9,8.6
2023-06-27T08:00Z,16,47,2.0,0.0,11.4,2.5,0.0,20.0,0.0,1.7,62.3
2023-06-27T08:00Z,17,299,0.0,0.0,75.9,0.0,0.0,0.0,0.0,3.6,20.5
2023-06-27T08:00Z,18,196,2.5,0.0,48.0,0.3,11.0,14.0,0.0,9.6,14.6
2023-06-27T08:30Z,1,0,0.0,0.0,0.0,7.6,0.0,0.0,0.0,0.0,92.4
2023-06-27T08:30Z,2,16,2.5,0.0,3.3,0.7,4.7,29.3,0.0,1.9,57.7
2023-06-27T08:30Z,3,62,0.2,0.0,15.6,0.0,9.9,49.8,0.0,1.1,23.3
2023-06-27T08:30Z,4,2,0.0,0.0,0.0,0.0,53.8,43.2,0.0,1.4,1.7
2023-06-27T08:30Z,5,249,16.9,0.0,58.0,0.0,8.7,7.4,0.0,2.1,6.8
2023-06-27T08:30Z,6,45,0.6,0.0,11.3,0.2,5.6,26.8,0.0,8.4,47.2
2023-06-27T08:30Z,7,333,0.0,0.0,84.5,0.0,0.0,0.0,0.0,3.3,12.2
2023-06-27T08:30Z,8,204,0.9,0.0,51.6,0.0,4.0,19.0,0.0,7.2,17.3
2023-06-27T08:30Z,9,321,4.3,0.0,80.3,0.0,2.2,2.0,0.0,6.8,4.5
2023-06-27T08:30Z,10,219,0.9,0.0,55.3,0.0,0.4,15.1,0.0,19.9,8.4
2023-06-27T08:30Z,11,195,0.2,0.0,49.2,0.0,0.9,0.7,0.0,41.3,7.7
2023-06-27T08:30Z,12,251,1.5,0.0,62.0,0.0,7.0,4.1,0.0,20.6,4.8
2023-06-27T08:30Z,13,211,0.5,0.0,49.3,0.2,20.2,7.4,0.0,17.3,5.1
2023-06-27T08:30Z,14,200,0.0,0.0,42.4,0.3,39.6,0.7,0.0,14.7,2.3
2023-06-27T08:30Z,15,195,2.7,0.0,47.0,0.1,13.5,14.5,0.0,12.0,10.2
2023-06-27T08:30Z,16,40,2.0,0.0,9.7,1.9,0.0,19.4,0.0,1.7,65.4
2023-06-27T08:30Z,17,289,0.0,0.0,73.5,0.0,0.0,0.0,0.0,4.0,22.5
2023-06-27T08:30Z,18,185,2.4,0.0,45.0,0.3,11.4,14.1,0.0,10.5,16.4
2023-06-27T09:00Z,1,0,0.0,0.0,0.0,6.0,0.0,0.0,0.0,0.0,94.0
2023-06-27T09:00Z,2,15,2.3,0.0,3.1,0.7,3.4,27.1,0.0,1.9,61.5
2023-06-27T09:00Z,3,50,0.2,0.0,12.6,0.1,9.6,48.9,0.0,1.2,27.5
2023-06-27T09:00Z,4,2,0.0,0.0,0.0,0.0,53.3,43.5,0.0,1.4,1.8
2023-06-27T09:00Z,5,239,16.6,0.0,55.4,0.0,9.6,8.2,0.0,2.3,7.8
2023-06-27T09:00Z,6,35,0.6,0.0,8.6,0.2,5.0,26.2,0.0,8.4,51.1
2023-06-27T09:00Z,7,328,0.0,0.0,83.2,0.0,0.0,0.0,0.0,3.6,13.2
2023-06-27T09:00Z,8,185,0.9,0.0,46.7,0.0,4.2,19.4,0.0,7.4,21.4
2023-06-27T09:00Z,9,314,4.6,0.0,78.2,0.0,2.6,2.2,0.0,7.3,5.2
2023-06-27T09:00Z,10,214,1.0,0.0,54.0,0.0,0.6,15.0,0.0,19.9,9.5
2023-06-27T09:00Z,11,170,0.5,0.0,42.8,0.0,1.6,0.9,0.0,45.8,8.5
2023-06-27T09:00Z,12,245,1.7,0.0,60.7,0.0,5.8,4.4,0.0,20.6,6.6
2023-06-27T09:00Z,13,211,0.7,0.0,49.6,0.2,17.6,7.3,0.0,18.6,6.2
2023-06-27T09:00Z,14,201,0.1,0.0,42.8,0.4,36.5,0.7,0.0,16.8,2.8
2023-06-27T09:00Z,15,192,2.7,0.0,46.9,0.1,11.1,14.6,0.0,12.8,11.9
2023-06-27T09:00Z,16,31,1.9,0.0,7.2,1.2,0.0,18.9,0.0,1.8,69.1
2023-06-27T09:00Z,17,276,0.0,0.0,70.1,0.0,0.0,0.0,0.0,4.4,25.5
2023-06-27T09:00Z,18,179,2.4,0.0,44.4,0.2,9.3,14.1,0.0,11.2,18.3
2023-06-27T09:30Z,1,0,0.0,0.0,0.0,4.8,0.0,0.0,0.0,0.0,95.2
2023-06-27T09:30Z,2,15,2.3,0.0,3.0,0.8,2.6,25.5,0.0,2.0,63.9
2023-06-27T09:30Z,3,46,0.2,0.0,11.5,0.1,9.0,47.4,0.0,1.2,30.6
2023-06-27T09:30Z,4,2,0.0,0.0,0.0,0.0,52.6,43.9,0.0,1.5,1.9
2023-06-27T09:30Z,5,224,16.8,0.0,51.5,0.0,10.7,9.2,0.0,2.6,9.2
2023-06-27T09:30Z,6,26,0.6,0.0,6.3,0.2,4.5,25.6,0.0,8.2,54.6
2023-06-27T09:30Z,7,326,0.0,0.0,82.8,0.0,0.0,0.0,0.0,3.5,13.7
2023-06-27T09:30Z,8,175,0.8,0.0,44.3,0.0,4.1,19.5,0.0,7.2,24.1
2023-06-27T09:30Z,9,305,4.7,0.0,76.1,0.0,3.0,2.4,0.0,7.9,5.9
2023-06-27T09:30Z,10,210,1.1,0.0,52.9,0.0,0.7,14.9,0.0,19.9,10.6
2023-06-27T09:30Z,11,173,0.4,0.0,43.5,0.0,1.2,1.1,0.0,45.6,8.2
2023-06-27T09:30Z,12,238,1.8,0.0,59.2,0.0,5.3,4.8,0.0,20.9,8.0
2023-06-27T09:30Z,13,208,0.7,0.0,49.1,0.2,16.3,7.4,0.0,19.2,7.2
2023-06-27T09:30Z,14,198,0.1,0.0,42.0,0.4,35.5,0.7,0.0,18.0,3.3
2023-06-27T09:30Z,15,182,2.7,0.0,44.4,0.1,10.9,14.6,0.0,13.4,13.9
2023-06-27T09:30Z,16,26,1.8,0.0,6.0,1.1,0.0,18.4,0.0,1.8,71.0
2023-06-27T09:30Z,17,271,0.0,0.0,68.7,0.0,0.0,0.0,0.0,4.4,26.9
2023-06-27T09:30Z,18,171,2.5,0.0,42.2,0.2,9.2,14.0,0.0,11.7,20.2
2023-06-27T10:00Z,1,0,0.0,0.0,0.0,4.7,0.0,0.0,0.0,0.0,95.3
2023-06-27T10:00Z,2,14,2.2,0.0,2.9,0.8,2.4,24.5,0.0,2.1,65.2
2023-06-27T10:00Z,3,49,0.2,0.0,12.2,0.1,8.6,45.8,0.0,1.2,31.9
2023-06-27T10:00Z,4,2,0.0,0.0,0.0,0.0,52.7,43.4,0.0,1.5,2.3
2023-06-27T10:00Z,5,221,16.5,0.0,50.9,0.0,10.4,9.9,0.0,2.6,9.7
2023-06-27T10:00Z,6,27,0.5,0.0,6.6,0.2,4.1,24.8,0.0,7.8,56.0
2023-06-27T10:00Z,7,322,0.0,0.0,81.8,0.0,0.0,0.0,0.0,3.4,14.8
2023-06-27T10:00Z,8,172,0.8,0.0,43.3,0.1,4.0,19.4,0.0,7.0,25.4
2023-06-27T10:00Z,9,306,4.3,0.0,76.4,0.0,2.7,2.6,0.0,8.1,5.9
2023-06-27T10:00Z,10,205,0.9,0.0,51.7,0.0,0.6,14.9,0.0,20.2,11.7
2023-06-27T10:00Z,11,146,0.5,0.0,36.6,0.0,1.9,1.5,0.0,50.3,9.3
2023-06-27T10:00Z,12,234,1.6,0.0,57.8,0.0,6.3,5.3,0.0,21.1,7.8
2023-06-27T10:00Z,13,201,0.6,0.0,46.8,0.2,19.0,7.7,0.0,18.4,7.3
2023-06-27T10:00Z,14,191,0.0,0.0,40.0,0.4,39.4,0.9,0.0,16.3,3.0
2023-06-27T10:00Z,15,183,2.7,0.0,45.0,0.1,9.6,14.4,0.0,13.5,14.7
2023-06-27T10:00Z,16,24,1.8,0.0,5.6,1.2,0.0,17.7,0.0,1.8,71.9
2023-06-27T10:00Z,17,261,0.0,0.0,66.2,0.0,0.0,0.0,0.0,4.4,29.4
2023-06-27T10:00Z,18,169,2.4,0.0,42.4,0.2,8.1,13.8,0.0,11.8,21.2
2023-06-27T10:30Z,1,0,0.0,0.0,0.0,4.2,0.0,0.0,0.0,0.0,95.8
2023-06-27T10:30Z,2,14,2.2,0.0,2.9,0.8,2.0,23.5,0.0,2.1,66.6
2023-06-27T10:30Z,3,49,0.2,0.0,12.2,0.1,8.2,44.7,0.0,1.2,33.4
2023-06-27T10:30Z,4,2,0.0,0.0,0.0,0.0,52.5,43.4,0.0,1.6,2.6
2023-06-27T10:30Z,5,212,16.1,0.0,48.8,0.0,11.1,10.5,0.0,2.6,10.8
2023-06-27T10:30Z,6,26,0.5,0.0,6.4,0.2,3.8,23.5,0.0,7.5,58.2
2023-06-27T10:30Z,7,318,0.0,0.0,80.6,0.0,0.0,0.0,0.0,3.6,15.8
2023-06-27T10:30Z,8,161,0.7,0.0,40.7,0.1,3.9,20.1,0.0,6.7,27.8
2023-06-27T10:30Z,9,299,4.5,0.0,74.6,0.0,3.1,2.9,0.0,8.4,6.6
2023-06-27T10:30Z,10,200,1.0,0.0,50.5,0.0,0.7,14.9,0.0,20.0,12.8
2023-06-27T10:30Z,11,124,0.6,0.0,31.1,0.0,1.7,1.8,0.0,54.0,10.8
2023-06-27T10:30Z,12,229,1.7,0.0,57.0,0.0,5.0,5.6,0.0,21.3,9.4
2023-06-27T10:30Z,13,201,0.7,0.0,47.2,0.1,16.4,7.7,0.0,19.1,8.7
2023-06-27T10:30Z,14,193,0.1,0.0,40.7,0.3,36.8,1.0,0.0,17.4,3.8
2023-06-27T10:30Z,15,178,2.6,0.0,43.8,0.1,9.7,14.2,0.0,13.7,15.9
2023-06-27T10:30Z,16,22,1.7,0.0,5.0,1.5,0.0,17.3,0.0,1.8,72.7
2023-06-27T10:30Z,17,251,0.0,0.0,63.6,0.0,0.0,0.0,0.0,4.6,31.8
2023-06-27T10:30Z,18,164,2.4,0.0,41.1,0.2,8.2,13.7,0.0,12.0,22.4
2023-06-27T11:00Z,1,0,0.0,0.0,0.0,3.6,0.0,0.0,0.0,0.0,96.4
2023-06-27T11:00Z,2,14,2.2,0.0,2.9,0.8,2.1,23.1,0.0,2.2,66.8
2023-06-27T11:00Z,3,49,0.2,0.0,12.4,0.1,8.0,43.8,0.0,1.2,34.3
2023-06-27T11:00Z,4,2,0.0,0.0,0.0,0.0,52.6,42.9,0.0,1.6,3.0
2023-06-27T11:00Z,5,207,16.1,0.0,47.6,0.0,11.0,10.7,0.0,2.6,12.0
2023-06-27T11:00Z,6,23,0.5,0.0,5.7,0.2,3.7,22.7,0.0,7.5,59.8
2023-06-27T11:00Z,7,310,0.0,0.0,78.6,0.0,0.0,0.0,0.0,4.3,17.1
2023-06-27T11:00Z,8,157,0.7,0.0,39.7,0.1,3.9,19.7,0.0,6.9,29.1
2023-06-27T11:00Z,9,299,4.2,0.0,74.5,0.0,2.9,2.9,0.0,8.3,7.1
2023-06-27T11:00Z,10,196,1.0,0.0,49.3,0.0,0.7,14.7,0.0,19.9,14.4
2023-06-27T11:00Z,11,111,0.6,0.0,27.8,0.0,1.9,1.9,0.0,56.5,11.3
2023-06-27T11:00Z,12,226,1.6,0.0,56.2,0.0,5.0,5.7,0.0,22.0,9.5
2023-06-27T11:00Z,13,201,0.7,0.0,47.3,0.1,16.1,7.8,0.0,18.6,9.5
2023-06-27T11:00Z,14,200,0.1,0.0,42.8,0.2,35.3,1.1,0.0,16.3,4.2
2023-06-27T11:00Z,15,176,2.6,0.0,43.4,0.1,9.1,14.2,0.0,13.9,16.7
2023-06-27T11:00Z,16,19,1.7,0.0,4.4,1.8,0.0,16.9,0.0,1.8,73.4
2023-06-27T11:00Z,17,239,0.0,0.0,60.6,0.0,0.0,0.0,0.0,5.2,34.2
2023-06-27T11:00Z,18,162,2.4,0.0,40.6,0.3,7.6,13.6,0.0,12.1,23.4
2023-06-27T11:30Z,1,0,0.0,0.0,0.0,2.8,0.0,0.0,0.0,0.0,97.2
2023-06-27T11:30Z,2,14,2.2,0.0,2.9,0.6,2.1,22.6,0.0,2.2,67.4
2023-06-27T11:30Z,3,48,0.2,0.0,12.2,0.1,7.8,43.5,0.0,1.2,35.1
2023-06-27T11:30Z,4,2,0.0,0.0,0.0,0.0,52.3,42.8,0.0,1.6,3.3
2023-06-27T11:30Z,5,203,15.9,0.0,46.7,0.0,10.9,10.9,0.0,2.6,13.1
2023-06-27T11:30Z,6,22,0.5,0.0,5.5,0.1,3.6,21.9,0.0,7.5,60.9
2023-06-27T11:30Z,7,299,0.0,0.0,75.9,0.0,0.0,0.0,0.0,5.5,18.6
2023-06-27T11:30Z,8,148,0.7,0.0,37.3,0.0,4.0,19.8,0.0,7.1,31.1
2023-06-27T11:30Z,9,296,4.4,0.0,73.8,0.0,3.0,3.0,0.0,8.0,7.8
2023-06-27T11:30Z,10,189,1.1,0.0,47.7,0.0,0.7,14.6,0.0,19.7,16.2
2023-06-27T11:30Z,11,106,0.6,0.0,26.6,0.0,1.8,2.0,0.0,57.4,11.7
2023-06-27T11:30Z,12,220,1.6,0.0,54.6,0.0,4.9,5.8,0.0,22.7,10.3
2023-06-27T11:30Z,13,196,0.7,0.0,45.9,0.1,16.4,7.8,0.0,18.5,10.6
2023-06-27T11:30Z,14,196,0.1,0.0,41.7,0.2,36.1,1.1,0.0,16.0,4.7
2023-06-27T11:30Z,15,174,2.6,0.0,42.9,0.1,8.6,14.3,0.0,13.9,17.6
2023-06-27T11:30Z,16,19,1.7,0.0,4.2,1.7,0.0,16.8,0.0,1.8,73.8
2023-06-27T11:30Z,17,228,0.0,0.0,57.8,0.0,0.0,0.0,0.0,6.1,36.1
2023-06-27T11:30Z,18,158,2.3,0.0,39.9,0.3,7.2,13.7,0.0,12.2,24.4
2023-06-27T12:00Z,1,0,0.0,0.0,0.0,2.5,0.0,0.0,0.0,0.0,97.5
2023-06-27T12:00Z,2,14,2.2,0.0,2.9,0.6,2.0,22.7,0.0,2.1,67.5
2023-06-27T12:00Z,3,53,0.2,0.0,13.2,0.0,7.7,42.8,0.0,1.1,35.0
2023-06-27T12:00Z,4,2,0.0,0.0,0.0,0.0,52.2,42.9,0.0,1.6,3.3
2023-06-27T12:00Z,5,206,15.8,0.0,47.5,0.0,10.5,11.2,0.0,2.5,12.5
2023-06-27T12:00Z,6,24,0.5,0.0,5.8,0.1,3.4,21.5,0.0,7.6,61.1
2023-06-27T12:00Z,7,291,0.0,0.0,74.0,0.0,0.0,0.0,0.0,6.7,19.3
2023-06-27T12:00Z,8,145,0.7,0.0,36.4,0.0,3.8,20.2,0.0,7.3,31.5
2023-06-27T12:00Z,9,298,4.5,0.0,74.2,0.0,3.0,3.1,0.0,7.4,7.9
2023-06-27T12:00Z,10,193,1.1,0.0,48.6,0.0,0.8,14.5,0.0,18.9,16.1
2023-06-27T12:00Z,11,115,0.6,0.0,28.7,0.0,1.7,1.9,0.0,55.5,11.4
2023-06-27T12:00Z,12,221,1.6,0.0,54.9,0.0,4.6,6.0,0.0,22.3,10.5
2023-06-27T12:00Z,13,199,0.8,0.0,46.8,0.1,15.9,7.8,0.0,17.9,10.7
2023-06-27T12:00Z,14,199,0.1,0.0,42.4,0.2,35.4,1.3,0.0,15.5,5.1
2023-06-27T12:00Z,15,169,2.6,0.0,41.5,0.1,9.0,14.3,0.0,14.1,18.5
2023-06-27T12:00Z,16,17,1.7,0.0,3.7,1.4,0.0,17.0,0.0,1.8,74.4
2023-06-27T12:00Z,17,216,0.0,0.0,54.9,0.0,0.0,0.0,0.0,7.3,37.8
2023-06-27T12:00Z,18,156,2.4,0.0,38.5,0.2,7.5,13.7,0.0,12.4,25.2
2023-06-27T12:30Z,1,0,0.0,0.0,0.0,2.2,0.0,0.0,0.0,0.0,97.8
2023-06-27T12:30Z,2,14,2.2,0.0,2.9,0.6,1.9,22.8,0.0,2.0,67.6
2023-06-27T12:30Z,3,58,0.2,0.0,14.5,0.0,7.3,42.2,0.0,1.1,34.6
2023-06-27T12:30Z,4,2,0.0,0.0,0.0,0.0,52.2,42.8,0.0,1.6,3.4
2023-06-27T12:30Z,5,206,15.7,0.0,47.4,0.0,10.7,11.4,0.0,2.3,12.5
2023-06-27T12:30Z,6,25,0.5,0.0,6.1,0.1,3.2,20.9,0.0,7.6,61.7
2023-06-27T12:30Z,7,287,0.0,0.0,73.0,0.0,0.0,0.0,0.0,7.3,19.8
2023-06-27T12:30Z,8,143,0.7,0.0,36.1,0.0,3.7,20.3,0.0,7.3,31.9
2023-06-27T12:30Z,9,298,4.5,0.0,74.1,0.0,3.1,3.2,0.0,6.7,8.3
2023-06-27T12:30Z,10,195,1.2,0.0,49.2,0.0,0.8,14.6,0.0,17.9,16.2
2023-06-27T12:30Z,11,128,0.5,0.0,32.2,0.0,1.2,1.9,0.0,54.1,10.2
2023-06-27T12:30Z,12,221,1.7,0.0,55.1,0.0,4.2,6.2,0.0,21.8,11.0
2023-06-27T12:30Z,13,203,0.8,0.0,47.9,0.1,14.6,8.0,0.0,17.4,11.1
2023-06-27T12:30Z,14,204,0.1,0.0,44.0,0.3,33.5,1.3,0.0,15.3,5.6
2023-06-27T12:30Z,15,163,2.6,0.0,40.0,0.1,10.3,14.7,0.0,13.8,18.6
2023-06-27T12:30Z,16,15,1.7,0.0,3.4,1.2,0.0,16.9,0.0,1.7,75.1
2023-06-27T12:30Z,17,204,0.0,0.0,51.6,0.0,0.0,0.0,0.0,8.3,40.1
2023-06-27T12:30Z,18,154,2.4,0.0,37.0,0.2,8.6,14.0,0.0,12.2,25.7
2023-06-27T13:00Z,1,0,0.0,0.0,0.0,2.3,0.0,0.0,0.0,0.0,97.7
2023-06-27T13:00Z,2,14,2.2,0.0,2.9,0.7,1.9,23.0,0.0,1.9,67.4
2023-06-27T13:00Z,3,58,0.2,0.0,14.6,0.1,7.3,42.3,0.0,1.1,34.5
2023-06-27T13:00Z,4,2,0.0,0.0,0.0,0.0,52.3,42.7,0.0,1.6,3.4
2023-06-27T13:00Z,5,207,15.5,0.0,47.8,0.0,11.0,11.6,0.0,2.3,11.7
2023-06-27T13:00Z,6,25,0.5,0.0,6.2,0.2,3.2,20.8,0.0,7.8,61.3
2023-06-27T13:00Z,7,288,0.0,0.0,73.0,0.0,0.0,0.0,0.0,7.1,19.9
2023-06-27T13:00Z,8,142,0.7,0.0,35.8,0.1,3.8,20.6,0.0,7.1,32.0
2023-06-27T13:00Z,9,300,4.5,0.0,74.7,0.0,3.2,3.3,0.0,6.1,8.2
2023-06-27T13:00Z,10,201,1.2,0.0,50.6,0.0,0.8,14.7,0.0,16.7,16.0
2023-06-27T13:00Z,11,119,0.4,0.0,30.0,0.0,1.1,1.8,0.0,56.2,10.5
2023-06-27T13:00Z,12,224,1.6,0.0,55.8,0.0,4.3,6.4,0.0,20.8,11.1
2023-06-27T13:00Z,13,207,0.8,0.0,49.1,0.1,14.5,8.1,0.0,16.2,11.2
2023-06-27T13:00Z,14,208,0.1,0.0,45.1,0.3,32.9,1.5,0.0,14.1,5.9
2023-06-27T13:00Z,15,170,2.6,0.0,41.6,0.1,10.1,14.7,0.0,13.1,17.8
2023-06-27T13:00Z,16,16,1.7,0.0,3.6,1.3,0.0,17.0,0.0,1.6,74.8
2023-06-27T13:00Z,17,205,0.0,0.0,52.1,0.0,0.0,0.0,0.0,8.4,39.5
2023-06-27T13:00Z,18,158,2.4,0.0,38.4,0.2,8.5,14.0,0.0,11.6,25.0
2023-06-27T13:30Z,1,0,0.0,0.0,0.0,2.6,0.0,0.0,0.0,0.0,97.4
2023-06-27T13:30Z,2,14,2.2,0.0,2.9,0.9,1.5,23.3,0.0,1.7,67.3
2023-06-27T13:30Z,3,61,0.2,0.0,15.4,0.1,7.4,41.3,0.0,1.1,34.5
2023-06-27T13:30Z,4,2,0.0,0.0,0.0,0.0,52.1,43.0,0.0,1.6,3.3
2023-06-27T13:30Z,5,210,15.3,0.0,48.5,0.0,11.5,11.7,0.0,2.2,10.9
2023-06-27T13:30Z,6,27,0.5,0.0,6.6,0.2,3.2,20.8,0.0,7.9,60.8
2023-06-27T13:30Z,7,288,0.0,0.0,73.2,0.0,0.0,0.0,0.0,6.6,20.2
2023-06-27T13:30Z,8,139,0.7,0.0,35.1,0.1,3.9,20.5,0.0,6.8,33.0
2023-06-27T13:30Z,9,300,4.7,0.0,74.8,0.0,3.5,3.4,0.0,5.5,8.1
2023-06-27T13:30Z,10,207,1.4,0.0,52.1,0.0,1.0,14.8,0.0,15.0,15.7
2023-06-27T13:30Z,11,114,0.4,0.0,28.8,0.0,0.8,1.7,0.0,57.5,10.8
2023-06-27T13:30Z,12,226,1.8,0.0,56.6,0.0,3.6,6.4,0.0,19.3,12.3
2023-06-27T13:30Z,13,218,1.0,0.0,52.4,0.1,10.8,8.1,0.0,15.5,12.0
2023-06-27T13:30Z,14,227,0.2,0.0,50.5,0.3,25.6,1.6,0.0,14.4,7.4
2023-06-27T13:30Z,15,174,2.6,0.0,42.8,0.1,9.0,14.8,0.0,12.6,18.1
2023-06-27T13:30Z,16,18,1.7,0.0,4.1,1.4,0.0,17.1,0.0,1.6,74.1
2023-06-27T13:30Z,17,215,0.0,0.0,54.7,0.0,0.0,0.0,0.0,7.8,37.6
2023-06-27T13:30Z,18,161,2.4,0.0,39.6,0.2,7.5,14.1,0.0,11.2,25.0
2023-06-27T14:00Z,1,0,0.0,0.0,0.0,2.8,0.0,0.0,0.0,0.0,97.2
2023-06-27T14:00Z,2,14,2.3,0.0,3.0,0.9,1.5,23.4,0.0,1.7,67.2
2023-06-27T14:00Z,3,43,0.2,0.0,10.8,0.1,8.4,42.5,0.0,1.2,36.8
2023-06-27T14:00Z,4,2,0.0,0.0,0.0,0.0,52.0,43.3,0.0,1.5,3.2
2023-06-27T14:00Z,5,208,15.7,0.0,47.9,0.0,11.8,11.8,0.0,2.1,10.8
2023-06-27T14:00Z,6,21,0.5,0.0,5.1,0.2,3.5,21.1,0.0,8.2,61.4
2023-06-27T14:00Z,7,289,0.0,0.0,73.5,0.0,0.0,0.0,0.0,5.9,20.6
2023-06-27T14:00Z,8,134,0.7,0.0,33.6,0.1,4.3,20.8,0.0,6.6,33.8
2023-06-27T14:00Z,9,300,4.8,0.0,74.7,0.0,3.6,3.5,0.0,5.1,8.4
2023-06-27T14:00Z,10,213,1.4,0.0,53.7,0.0,1.1,14.9,0.0,13.5,15.4
2023-06-27T14:00Z,11,112,0.4,0.0,28.2,0.0,0.9,1.4,0.0,57.9,11.1
2023-06-27T14:00Z,12,226,1.9,0.0,56.6,0.0,4.0,6.6,0.0,18.4,12.5
2023-06-27T14:00Z,13,226,1.1,0.0,54.9,0.1,9.3,8.2,0.0,14.3,12.1
2023-06-27T14:00Z,14,240,0.2,0.0,55.1,0.3,21.6,1.6,0.0,13.3,7.8
2023-06-27T14:00Z,15,181,2.6,0.0,44.6,0.1,8.9,15.0,0.0,11.7,17.1
2023-06-27T14:00Z,16,15,1.8,0.0,3.3,1.5,0.0,17.3,0.0,1.5,74.6
2023-06-27T14:00Z,17,204,0.0,0.0,51.7,0.0,0.0,0.0,0.0,8.0,40.3
2023-06-27T14:00Z,18,164,2.4,0.0,40.8,0.2,7.4,14.3,0.0,10.4,24.5
2023-06-27T14:30Z,1,0,0.0,0.0,0.0,3.0,0.0,0.0,0.0,0.0,97.0
2023-06-27T14:30Z,2,15,2.3,0.0,3.0,1.0,1.8,23.6,0.0,1.7,66.6
2023-06-27T14:30Z,3,42,0.2,0.0,10.6,0.1,8.5,43.3,0.0,1.2,36.1
2023-06-27T14:30Z,4,2,0.0,0.0,0.0,0.0,52.5,43.0,0.0,1.4,3.1
2023-06-27T14:30Z,5,213,15.8,0.0,49.1,0.0,11.4,11.5,0.0,1.9,10.4
2023-06-27T14:30Z,6,21,0.6,0.0,5.1,0.2,3.8,21.5,0.0,8.2,60.7
2023-06-27T14:30Z,7,289,0.0,0.0,73.4,0.0,0.0,0.0,0.0,5.7,20.9
2023-06-27T14:30Z,8,136,0.8,0.0,34.3,0.1,4.4,20.7,0.0,6.3,33.4
2023-06-27T14:30Z,9,302,4.7,0.0,75.2,0.0,3.4,3.5,0.0,4.6,8.5
2023-06-27T14:30Z,10,221,1.4,0.0,55.7,0.0,1.0,15.0,0.0,11.9,14.9
2023-06-27T14:30Z,11,125,0.4,0.0,31.6,0.0,1.0,1.2,0.0,54.6,11.2
2023-06-27T14:30Z,12,229,1.9,0.0,57.2,0.0,4.7,6.8,0.0,17.5,11.9
2023-06-27T14:30Z,13,228,1.0,0.0,54.9,0.1,11.3,8.4,0.0,12.6,11.6
2023-06-27T14:30Z,14,234,0.2,0.0,53.1,0.3,25.7,1.7,0.0,11.4,7.6
2023-06-27T14:30Z,15,183,2.7,0.0,45.2,0.1,8.8,15.1,0.0,11.0,17.2
2023-06-27T14:30Z,16,14,1.8,0.0,3.0,1.5,0.0,17.5,0.0,1.4,74.8
2023-06-27T14:30Z,17,201,0.0,0.0,51.1,0.0,0.0,0.0,0.0,8.1,40.8
2023-06-27T14:30Z,18,166,2.5,0.0,41.2,0.2,7.3,14.4,0.0,9.8,24.6
2023-06-27T15:00Z,1,0,0.0,0.0,0.0,2.9,0.0,0.0,0.0,0.0,97.1
2023-06-27T15:00Z,2,15,2.3,0.0,3.0,1.0,2.1,23.8,0.0,1.6,66.1
2023-06-27T15:00Z,3,41,0.2,0.0,10.4,0.1,8.8,43.6,0.0,1.2,35.7
2023-06-27T15:00Z,4,2,0.0,0.0,0.0,0.0,52.8,43.0,0.0,1.2,3.0
2023-06-27T15:00Z,5,213,16.2,0.0,49.1,0.0,11.2,11.5,0.0,1.7,10.3
2023-06-27T15:00Z,6,21,0.6,0.0,5.0,0.2,3.9,21.8,0.0,8.2,60.2
2023-06-27T15:00Z,7,289,0.0,0.0,73.3,0.0,0.0,0.0,0.0,5.9,20.8
2023-06-27T15:00Z,8,139,0.8,0.0,35.1,0.1,4.5,20.8,0.0,6.2,32.5
2023-06-27T15:00Z,9,306,4.7,0.0,76.2,0.0,3.2,3.4,0.0,4.0,8.4
2023-06-27T15:00Z,10,228,1.5,0.0,57.0,0.0,1.2,15.2,0.0,10.4,14.6
2023-06-27T15:00Z,11,160,0.1,0.0,40.5,0.0,0.3,1.0,0.0,48.4,9.7
2023-06-27T15:00Z,12,236,1.9,0.0,59.0,0.0,4.3,6.8,0.0,16.6,11.4
2023-06-27T15:00Z,13,232,1.0,0.0,55.6,0.1,12.2,8.5,0.0,11.3,11.2
2023-06-27T15:00Z,14,235,0.2,0.0,52.6,0.3,27.7,1.8,0.0,10.0,7.5
2023-06-27T15:00Z,15,189,2.7,0.0,46.5,0.1,8.8,14.9,0.0,9.9,17.0
2023-06-27T15:00Z,16,16,1.8,0.0,3.4,1.6,0.0,17.6,0.0,1.4,74.2
2023-06-27T15:00Z,17,206,0.0,0.0,52.3,0.0,0.0,0.0,0.0,8.1,39.6
2023-06-27T15:00Z,18,171,2.5,0.0,42.5,0.2,7.4,14.3,0.0,8.9,24.2
2023-06-27T15:30Z,1,0,0.0,0.0,0.0,3.1,0.0,0.0,0.0,0.0,96.9
2023-06-27T15:30Z,2,15,2.3,0.0,3.0,1.1,2.5,24.1,0.0,1.6,65.4
2023-06-27T15:30Z,3,42,0.2,0.0,10.4,0.1,9.0,44.1,0.0,1.2,35.0
2023-06-27T15:30Z,4,2,0.0,0.0,0.0,0.0,52.2,44.0,0.0,1.1,2.8
2023-06-27T15:30Z,5,216,16.3,0.0,49.8,0.0,11.0,11.3,0.0,1.5,10.1
2023-06-27T15:30Z,6,21,0.5,0.0,5.0,0.3,4.0,22.3,0.0,8.0,59.8
2023-06-27T15:30Z,7,294,0.0,0.0,74.5,0.0,0.0,0.0,0.0,5.9,19.6
2023-06-27T15:30Z,8,145,0.8,0.0,36.4,0.1,4.4,20.8,0.0,6.0,31.4
2023-06-27T15:30Z,9,305,4.9,0.0,75.9,0.0,3.4,3.4,0.0,3.6,8.7
2023-06-27T15:30Z,10,235,1.6,0.0,58.4,0.0,1.6,15.3,0.0,8.9,14.2
2023-06-27T15:30Z,11,186,0.1,0.0,47.1,0.0,0.1,0.9,0.0,42.9,8.9
2023-06-27T15:30Z,12,239,2.0,0.0,59.7,0.0,4.5,6.7,0.0,15.4,11.6
2023-06-27T15:30Z,13,234,1.1,0.0,56.3,0.1,13.0,8.5,0.0,10.0,11.0
2023-06-27T15:30Z,14,233,0.1,0.0,52.9,0.3,28.7,1.7,0.0,8.7,7.4
2023-06-27T15:30Z,15,191,2.7,0.0,47.1,0.1,9.3,15.1,0.0,8.8,16.8
2023-06-27T15:30Z,16,18,1.8,0.0,4.1,1.7,0.0,17.8,0.0,1.4,73.1
2023-06-27T15:30Z,17,216,0.0,0.0,54.8,0.0,0.0,0.0,0.0,7.8,37.5
2023-06-27T15:30Z,18,174,2.5,0.0,43.3,0.3,7.7,14.4,0.0,8.0,23.8
2023-06-27T16:00Z,1,0,0.0,0.0,0.0,3.6,0.0,0.0,0.0,0.0,96.4
2023-06-27T16:00Z,2,15,2.3,0.0,3.0,1.3,2.5,24.2,0.0,1.5,65.3
2023-06-27T16:00Z,3,43,0.2,0.0,10.8,0.1,9.1,44.2,0.0,1.2,34.5
2023-06-27T16:00Z,4,2,0.0,0.0,0.0,0.0,52.8,43.8,0.0,0.9,2.5
2023-06-27T16:00Z,5,220,16.2,0.0,50.8,0.0,10.8,10.9,0.0,1.3,10.0
2023-06-27T16:00Z,6,20,0.6,0.0,5.0,0.3,4.2,22.5,0.0,7.7,59.8
2023-06-27T16:00Z,7,295,0.0,0.0,74.9,0.0,0.0,0.0,0.0,5.5,19.6
2023-06-27T16:00Z,8,145,0.8,0.0,36.4,0.1,4.5,21.1,0.0,5.8,31.3
2023-06-27T16:00Z,9,305,5.1,0.0,75.9,0.0,3.4,3.4,0.0,3.2,9.1
2023-06-27T16:00Z,10,238,1.6,0.0,59.2,0.0,1.6,15.8,0.0,7.6,14.2
2023-06-27T16:00Z,11,190,0.2,0.0,48.2,0.0,0.4,0.7,0.0,40.9,9.7
2023-06-27T16:00Z,12,244,2.1,0.0,60.9,0.0,4.3,6.8,0.0,14.0,11.9
2023-06-27T16:00Z,13,241,1.1,0.0,58.3,0.1,11.7,8.5,0.0,8.8,11.5
2023-06-27T16:00Z,14,244,0.2,0.0,56.0,0.4,25.7,1.6,0.0,7.7,8.4
2023-06-27T16:00Z,15,194,2.7,0.0,47.8,0.1,9.3,15.2,0.0,7.9,16.9
2023-06-27T16:00Z,16,20,1.8,0.0,4.5,2.2,0.0,17.8,0.0,1.4,72.3
2023-06-27T16:00Z,17,224,0.0,0.0,56.8,0.0,0.0,0.0,0.0,7.2,36.0
2023-06-27T16:00Z,18,177,2.5,0.0,44.0,0.3,7.8,14.5,0.0,7.2,23.7
2023-06-27T16:30Z,1,0,0.0,0.0,0.0,4.7,0.0,0.0,0.0,0.0,95.3
2023-06-27T16:30Z,2,15,2.3,0.0,3.0,1.7,2.5,24.1,0.0,1.3,65.1
2023-06-27T16:30Z,3,43,0.2,0.0,10.7,0.2,9.2,44.5,0.0,1.1,34.1
2023-06-27T16:30Z,4,2,0.0,0.0,0.0,0.0,53.3,43.9,0.0,0.7,2.1
2023-06-27T16:30Z,5,228,15.5,0.0,53.1,0.0,10.3,10.5,0.0,1.0,9.5
2023-06-27T16:30Z,6,24,0.6,0.0,5.8,0.4,4.2,22.7,0.0,7.2,59.1
2023-06-27T16:30Z,7,297,0.0,0.0,75.5,0.0,0.0,0.0,0.0,4.8,19.7
2023-06-27T16:30Z,8,146,0.9,0.0,36.7,0.1,4.6,21.1,0.0,5.4,31.2
2023-06-27T16:30Z,9,307,5.0,0.0,76.3,0.0,3.4,3.4,0.0,2.8,9.3
2023-06-27T16:30Z,10,245,1.6,0.0,61.0,0.0,1.7,15.7,0.0,6.2,13.9
2023-06-27T16:30Z,11,205,0.2,0.0,52.0,0.0,0.4,0.4,0.0,37.5,9.4
2023-06-27T16:30Z,12,248,2.1,0.0,61.8,0.1,4.9,6.9,0.0,12.3,12.0
2023-06-27T16:30Z,13,246,1.1,0.0,59.5,0.2,11.7,8.6,0.0,7.3,11.5
2023-06-27T16:30Z,14,247,0.2,0.0,57.0,0.4,25.5,1.7,0.0,6.4,8.7
2023-06-27T16:30Z,15,197,2.8,0.0,48.5,0.2,9.5,15.3,0.0,7.0,16.8
2023-06-27T16:30Z,16,20,1.8,0.0,4.6,2.9,0.0,17.6,0.0,1.3,72.0
2023-06-27T16:30Z,17,228,0.0,0.0,57.8,0.0,0.0,0.0,0.0,6.3,35.9
2023-06-27T16:30Z,18,180,2.5,0.0,44.6,0.4,7.9,14.5,0.0,6.4,23.6
2023-06-27T17:00Z,1,0,0.0,0.0,0.0,5.8,0.0,0.0,0.0,0.0,94.2
2023-06-27T17:00Z,2,15,2.3,0.0,3.0,2.1,2.4,23.9,0.0,1.2,65.2
2023-06-27T17:00Z,3,43,0.2,0.0,10.8,0.2,9.1,44.4,0.0,1.0,34.2
2023-06-27T17:00Z,4,2,0.0,0.0,0.0,0.0,53.5,43.9,0.0,0.7,1.9
2023-06-27T17:00Z,5,231,15.3,0.0,53.8,0.0,10.1,10.4,0.0,0.9,9.6
2023-06-27T17:00Z,6,29,0.6,0.0,7.1,0.5,4.2,23.3,0.0,6.5,57.8
2023-06-27T17:00Z,7,301,0.0,0.0,76.5,0.0,0.0,0.0,0.0,3.9,19.6
2023-06-27T17:00Z,8,146,0.9,0.0,36.8,0.2,4.7,21.4,0.0,4.7,31.4
2023-06-27T17:00Z,9,307,5.2,0.0,76.2,0.0,3.4,3.4,0.0,2.4,9.4
2023-06-27T17:00Z,10,247,1.7,0.0,62.1,0.0,1.1,15.8,0.0,5.2,14.1
2023-06-27T17:00Z,11,220,0.1,0.0,55.9,0.0,0.3,0.4,0.0,34.0,9.3
2023-06-27T17:00Z,12,250,2.2,0.0,62.3,0.1,5.2,7.2,0.0,10.8,12.3
2023-06-27T17:00Z,13,245,1.1,0.0,59.6,0.2,12.0,8.9,0.0,6.1,12.1
2023-06-27T17:00Z,14,243,0.2,0.0,56.3,0.5,26.1,1.9,0.0,5.1,9.8
2023-06-27T17:00Z,15,199,2.8,0.0,48.9,0.2,9.6,15.4,0.0,6.1,17.1
2023-06-27T17:00Z,16,18,1.8,0.0,4.0,3.4,0.0,17.7,0.0,1.1,72.1
2023-06-27T17:00Z,17,233,0.0,0.0,59.1,0.0,0.0,0.0,0.0,5.4,35.5
2023-06-27T17:00Z,18,182,2.5,0.0,45.0,0.5,8.0,14.7,0.0,5.5,23.8
2023-06-27T17:30Z,1,0,0.0,0.0,0.0,6.3,0.0,0.0,0.0,0.0,93.7
2023-06-27T17:30Z,2,15,2.3,0.0,3.0,2.3,2.1,23.6,0.0,1.1,65.6
2023-06-27T17:30Z,3,43,0.2,0.0,10.9,0.2,9.1,43.9,0.0,0.9,34.7
2023-06-27T17:30Z,4,2,0.0,0.0,0.0,0.0,54.1,43.6,0.0,0.5,1.7
2023-06-27T17:30Z,5,229,15.2,0.0,53.5,0.0,10.3,10.4,0.0,0.7,9.9
2023-06-27T17:30Z,6,28,0.6,0.0,6.9,0.6,4.3,23.3,0.0,5.8,58.4
2023-06-27T17:30Z,7,306,0.0,0.0,77.7,0.0,0.0,0.0,0.0,2.9,19.3
2023-06-27T17:30Z,8,148,0.9,0.0,37.4,0.2,4.7,21.5,0.0,3.9,31.5
2023-06-27T17:30Z,9,306,5.3,0.0,75.9,0.0,3.6,3.6,0.0,2.1,9.5
2023-06-27T17:30Z,10,250,1.7,0.0,62.8,0.0,1.2,15.9,0.0,4.4,14.0
2023-06-27T17:30Z,11,231,0.0,0.0,58.5,0.0,0.1,0.6,0.0,31.2,9.6
2023-06-27T17:30Z,12,252,2.3,0.0,63.0,0.1,4.9,7.7,0.0,9.2,12.8
2023-06-27T17:30Z,13,252,1.3,0.0,62.4,0.2,8.6,9.0,0.0,5.3,13.2
2023-06-27T17:30Z,14,255,0.2,0.0,61.4,0.6,18.9,2.1,0.0,4.5,12.3
2023-06-27T17:30Z,15,202,2.8,0.0,49.9,0.2,9.0,15.4,0.0,5.2,17.5
2023-06-27T17:30Z,16,15,1.8,0.0,3.1,3.5,0.0,17.6,0.0,0.9,72.9
2023-06-27T17:30Z,17,232,0.0,0.0,59.0,0.0,0.0,0.0,0.0,4.5,36.5
2023-06-27T17:30Z,18,184,2.5,0.0,45.8,0.5,7.6,14.7,0.0,4.7,24.2
2023-06-27T18:00Z,1,0,0.0,0.0,0.0,6.6,0.0,0.0,0.0,0.0,93.4
2023-06-27T18:00Z,2,14,2.3,0.0,3.0,2.4,1.9,23.6,0.0,0.9,65.9
2023-06-27T18:00Z,3,44,0.2,0.0,10.9,0.2,8.8,44.3,0.0,0.7,34.7
2023-06-27T18:00Z,4,2,0.0,0.0,0.0,0.0,54.0,44.1,0.0,0.4,1.4
2023-06-27T18:00Z,5,221,15.2,0.0,51.4,0.0,11.2,10.9,0.0,0.6,10.7
2023-06-27T18:00Z,6,26,0.6,0.0,6.5,0.6,4.1,24.3,0.0,4.9,59.0
2023-06-27T18:00Z,7,312,0.0,0.0,79.2,0.0,0.0,0.0,0.0,2.1,18.7
2023-06-27T18:00Z,8,147,0.8,0.0,37.1,0.2,4.6,21.7,0.0,3.1,32.4
2023-06-27T18:00Z,9,305,5.2,0.0,75.7,0.0,3.8,3.8,0.0,1.7,9.8
2023-06-27T18:00Z,10,250,1.7,0.0,62.8,0.0,1.3,15.9,0.0,3.5,14.7
2023-06-27T18:00Z,11,243,0.1,0.0,61.6,0.0,0.1,0.9,0.0,27.8,9.5
2023-06-27T18:00Z,12,254,2.3,0.0,63.5,0.1,4.8,8.2,0.0,7.3,13.9
2023-06-27T18:00Z,13,253,1.3,0.0,62.9,0.2,7.5,9.3,0.0,4.3,14.5
2023-06-27T18:00Z,14,255,0.3,0.0,62.4,0.6,16.4,2.3,0.0,3.6,14.4
2023-06-27T18:00Z,15,200,2.9,0.0,49.5,0.2,9.0,15.8,0.0,4.2,18.4
2023-06-27T18:00Z,16,14,1.8,0.0,3.1,3.5,0.0,17.6,0.0,0.8,73.1
2023-06-27T18:00Z,17,238,0.0,0.0,60.5,0.0,0.0,0.0,0.0,3.5,36.0
2023-06-27T18:00Z,18,184,2.6,0.0,45.5,0.5,7.5,15.0,0.0,3.9,25.0
2023-06-27T18:30Z,1,0,0.0,0.0,0.0,6.6,0.0,0.0,0.0,0.0,93.4
2023-06-27T18:30Z,2,15,2.3,0.0,3.0,2.4,1.9,23.7,0.0,0.8,65.9
2023-06-27T18:30Z,3,60,0.2,0.0,15.2,0.2,7.8,43.8,0.0,0.5,32.2
2023-06-27T18:30Z,4,2,0.0,0.0,0.0,0.0,53.6,44.7,0.0,0.4,1.3
2023-06-27T18:30Z,5,217,14.8,0.0,50.5,0.0,11.5,11.4,0.0,0.5,11.2
2023-06-27T18:30Z,6,34,0.6,0.0,8.4,0.6,4.0,24.2,0.0,3.9,58.3
2023-06-27T18:30Z,7,317,0.0,0.0,80.4,0.0,0.0,0.0,0.0,1.6,18.1
2023-06-27T18:30Z,8,153,0.7,0.0,38.5,0.2,4.3,22.3,0.0,2.3,31.7
2023-06-27T18:30Z,9,304,5.2,0.0,75.5,0.0,4.1,4.0,0.0,1.3,9.9
2023-06-27T18:30Z,10,246,1.8,0.0,61.9,0.0,1.4,16.6,0.0,2.8,15.5
2023-06-27T18:30Z,11,259,0.4,0.0,65.5,0.0,0.8,1.1,0.0,21.8,10.4
2023-06-27T18:30Z,12,254,2.4,0.0,63.5,0.1,5.1,8.8,0.0,5.3,14.9
2023-06-27T18:30Z,13,251,1.4,0.0,62.3,0.2,7.8,9.6,0.0,3.1,15.6
2023-06-27T18:30Z,14,251,0.3,0.0,61.4,0.5,17.0,2.5,0.0,2.5,15.8
2023-06-27T18:30Z,15,200,2.9,0.0,49.4,0.2,9.1,16.3,0.0,3.2,18.9
2023-06-27T18:30Z,16,16,1.8,0.0,3.5,3.3,0.0,17.7,0.0,0.7,73.0
2023-06-27T18:30Z,17,246,0.0,0.0,62.5,0.0,0.0,0.0,0.0,2.6,34.8
2023-06-27T18:30Z,18,185,2.6,0.0,45.6,0.5,7.6,15.4,0.0,2.9,25.3
2023-06-27T19:00Z,1,0,0.0,0.0,0.0,6.6,0.0,0.0,0.0,0.0,93.4
2023-06-27T19:00Z,2,15,2.3,0.0,3.0,2.3,2.0,23.4,0.0,0.6,66.3
2023-06-27T19:00Z,3,61,0.2,0.0,15.3,0.2,7.8,44.0,0.0,0.3,32.2
2023-06-27T19:00Z,4,2,0.0,0.0,0.0,0.0,53.0,45.6,0.0,0.3,1.2
2023-06-27T19:00Z,5,215,14.8,0.0,49.9,0.0,11.2,12.0,0.0,0.3,11.8
2023-06-27T19:00Z,6,38,0.6,0.0,9.4,0.6,3.9,24.7,0.0,2.8,58.0
2023-06-27T19:00Z,7,321,0.0,0.0,81.3,0.0,0.0,0.0,0.0,1.1,17.6
2023-06-27T19:00Z,8,154,0.7,0.0,38.8,0.2,4.3,22.6,0.0,1.7,31.6
2023-06-27T19:00Z,9,302,5.4,0.0,75.0,0.0,4.1,4.1,0.0,0.9,10.4
2023-06-27T19:00Z,10,240,1.9,0.0,60.3,0.0,1.4,16.2,0.0,1.9,18.3
2023-06-27T19:00Z,11,272,0.7,0.0,68.7,0.0,1.4,1.4,0.0,16.1,11.7
2023-06-27T19:00Z,12,257,2.5,0.0,64.1,0.1,5.2,9.1,0.0,3.5,15.6
2023-06-27T19:00Z,13,247,1.4,0.0,61.5,0.2,6.9,10.0,0.0,2.1,17.9
2023-06-27T19:00Z,14,251,0.3,0.0,61.7,0.4,15.1,2.7,0.0,1.7,18.1
2023-06-27T19:00Z,15,193,3.1,0.0,47.8,0.2,8.8,17.0,0.0,2.3,20.9
2023-06-27T19:00Z,16,15,1.8,0.0,3.3,3.1,0.0,17.8,0.0,0.5,73.4
2023-06-27T19:00Z,17,252,0.0,0.0,64.0,0.0,0.0,0.0,0.0,1.9,34.2
2023-06-27T19:00Z,18,182,2.8,0.0,44.3,0.5,7.3,16.0,0.0,2.1,27.1
2023-06-27T19:30Z,1,0,0.0,0.0,0.0,6.6,0.0,0.0,0.0,0.0,93.4
2023-06-27T19:30Z,2,15,2.3,0.0,3.0,2.4,1.8,23.7,0.0,0.4,66.3
2023-06-27T19:30Z,3,61,0.2,0.0,15.5,0.2,7.7,43.8,0.0,0.2,32.4
2023-06-27T19:30Z,4,2,0.0,0.0,0.0,0.0,52.3,46.5,0.0,0.2,1.0
2023-06-27T19:30Z,5,214,14.4,0.0,50.0,0.0,11.1,11.8,0.0,0.2,12.5
2023-06-27T19:30Z,6,37,0.6,0.0,9.2,0.6,3.9,24.7,0.0,1.9,59.2
2023-06-27T19:30Z,7,326,0.0,0.0,82.9,0.0,0.0,0.0,0.0,0.7,16.5
2023-06-27T19:30Z,8,157,0.7,0.0,39.5,0.2,4.2,23.0,0.0,1.1,31.3
2023-06-27T19:30Z,9,301,5.4,0.0,74.8,0.0,4.1,4.2,0.0,0.6,10.9
2023-06-27T19:30Z,10,234,1.8,0.0,58.3,0.0,1.9,15.7,0.0,1.1,21.2
2023-06-27T19:30Z,11,304,0.5,0.0,76.8,0.0,1.1,2.0,0.0,9.7,9.9
2023-06-27T19:30Z,12,260,2.5,0.0,65.0,0.1,5.3,9.3,0.0,2.0,15.8
2023-06-27T19:30Z,13,243,1.4,0.0,60.2,0.1,6.5,10.5,0.0,1.2,20.1
2023-06-27T19:30Z,14,249,0.3,0.0,61.3,0.4,13.4,2.9,0.0,0.9,20.8
2023-06-27T19:30Z,15,192,3.1,0.0,47.5,0.2,8.4,17.2,0.0,1.4,22.1
2023-06-27T19:30Z,16,16,1.8,0.0,3.5,2.9,0.0,17.7,0.0,0.4,73.7
2023-06-27T19:30Z,17,258,0.0,0.0,65.5,0.0,0.0,0.0,0.0,1.2,33.3
2023-06-27T19:30Z,18,182,2.8,0.0,44.2,0.5,7.0,16.2,0.0,1.3,28.1
2023-06-27T20:00Z,1,0,0.0,0.0,0.0,6.5,0.0,0.0,0.0,0.0,93.5
2023-06-27T20:00Z,2,15,2.4,0.0,3.1,2.3,0.0,23.3,0.0,0.3,68.7
2023-06-27T20:00Z,3,65,0.2,0.0,16.3,0.2,5.2,43.2,0.0,0.1,34.7
2023-06-27T20:00Z,4,1,0.0,0.0,0.0,0.0,48.9,49.6,0.0,0.2,1.3
2023-06-27T20:00Z,5,224,15.2,0.0,52.3,0.0,7.6,11.1,0.0,0.1,13.7
2023-06-27T20:00Z,6,36,0.6,0.0,9.0,0.6,2.3,24.4,0.0,1.2,62.0
2023-06-27T20:00Z,7,329,0.0,0.0,83.4,0.0,0.0,0.0,0.0,0.4,16.2
2023-06-27T20:00Z,8,164,0.8,0.0,41.4,0.2,2.7,22.7,0.0,0.7,31.6
2023-06-27T20:00Z,9,306,5.3,0.0,76.0,0.0,2.7,4.2,0.0,0.3,11.5
2023-06-27T20:00Z,10,225,1.5,0.0,55.5,0.0,1.8,16.3,0.0,0.5,24.5
2023-06-27T20:00Z,11,322,0.5,0.0,81.6,0.0,0.9,2.5,0.0,5.1,9.3
2023-06-27T20:00Z,12,269,2.4,0.0,67.3,0.1,4.6,9.2,0.0,1.0,15.5
2023-06-27T20:00Z,13,239,1.2,0.0,59.0,0.1,6.3,10.3,0.0,0.5,22.5
2023-06-27T20:00Z,14,247,0.3,0.0,60.6,0.4,13.1,3.1,0.0,0.4,22.1
2023-06-27T20:00Z,15,187,3.1,0.0,46.2,0.2,8.5,17.8,0.0,0.7,23.5
2023-06-27T20:00Z,16,17,1.8,0.0,3.8,2.7,0.0,18.0,0.0,0.2,73.5
2023-06-27T20:00Z,17,262,0.0,0.0,66.5,0.0,0.0,0.1,0.0,0.7,32.7
2023-06-27T20:00Z,18,181,2.8,0.0,43.0,0.5,7.1,16.7,0.0,0.7,29.3
2023-06-27T20:30Z,1,0,0.0,0.0,0.0,6.1,0.0,0.0,0.0,0.0,93.9
2023-06-27T20:30Z,2,15,2.4,0.0,3.0,2.2,0.2,23.2,0.0,0.1,68.9
2023-06-27T20:30Z,3,63,0.2,0.0,15.9,0.2,5.4,43.9,0.0,0.1,34.3
2023-06-27T20:30Z,4,1,0.0,0.0,0.0,0.0,45.4,53.4,0.0,0.1,1.1
2023-06-27T20:30Z,5,218,15.4,0.0,50.6,0.0,7.7,11.4,0.0,0.1,14.8
2023-06-27T20:30Z,6,38,0.6,0.0,9.3,0.6,2.4,24.3,0.0,0.5,62.3
2023-06-27T20:30Z,7,321,0.0,0.0,81.5,0.0,0.0,0.0,0.0,0.2,18.3
2023-06-27T20:30Z,8,144,1.0,0.0,36.3,0.2,3.2,24.8,0.0,0.3,34.2
2023-06-27T20:30Z,9,303,5.5,0.0,75.2,0.0,2.8,4.5,0.0,0.1,11.9
2023-06-27T20:30Z,10,219,1.5,0.0,52.9,0.0,2.7,15.8,0.0,0.1,27.0
2023-06-27T20:30Z,11,317,1.0,0.0,80.0,0.0,1.9,2.8,0.0,2.0,12.2
2023-06-27T20:30Z,12,262,2.6,0.0,65.4,0.1,4.9,9.6,0.0,0.4,17.0
2023-06-27T20:30Z,13,233,1.2,0.0,56.6,0.1,6.5,10.3,0.0,0.2,25.0
2023-06-27T20:30Z,14,242,0.3,0.0,59.2,0.4,12.9,3.0,0.0,0.1,24.2
2023-06-27T20:30Z,15,184,3.1,0.0,45.6,0.2,8.1,18.0,0.0,0.3,24.7
2023-06-27T20:30Z,16,14,1.8,0.0,3.1,2.4,0.0,18.4,0.0,0.1,74.2
2023-06-27T20:30Z,17,264,0.0,0.0,66.9,0.0,0.0,0.2,0.0,0.3,32.6
2023-06-27T20:30Z,18,177,2.8,0.0,42.6,0.4,6.8,16.9,0.0,0.2,30.3
2023-06-27T21:00Z,1,0,0.0,0.0,0.0,5.4,0.0,0.0,0.0,0.0,94.6
2023-06-27T21:00Z,2,15,2.4,0.0,3.1,1.9,0.2,23.3,0.0,0.0,68.9
2023-06-27T21:00Z,3,64,0.2,0.0,16.2,0.2,4.9,44.6,0.0,0.0,33.8
2023-06-27T21:00Z,4,1,0.0,0.0,0.0,0.0,42.9,56.0,0.0,0.1,1.1
2023-06-27T21:00Z,5,215,15.4,0.0,49.9,0.0,7.4,11.7,0.0,0.0,15.6
2023-06-27T21:00Z,6,37,0.6,0.0,9.1,0.5,2.3,24.6,0.0,0.1,62.7
2023-06-27T21:00Z,7,307,0.0,0.0,77.9,0.0,0.0,0.0,0.0,0.1,22.0
2023-06-27T21:00Z,8,124,1.2,0.0,31.1,0.2,3.3,27.4,0.0,0.1,36.7
2023-06-27T21:00Z,9,293,6.2,0.0,72.4,0.0,3.0,4.9,0.0,0.0,13.5
2023-06-27T21:00Z,10,210,1.5,0.0,49.2,0.0,3.7,15.8,0.0,0.0,29.8
2023-06-27T21:00Z,11,319,1.1,0.0,80.5,0.0,2.1,3.0,0.0,0.5,12.9
2023-06-27T21:00Z,12,256,2.9,0.0,63.5,0.1,5.6,9.6,0.0,0.1,18.2
2023-06-27T21:00Z,13,225,1.1,0.0,53.7,0.2,8.1,10.2,0.0,0.0,26.6
2023-06-27T21:00Z,14,238,0.3,0.0,57.7,0.4,14.9,2.8,0.0,0.0,24.0
2023-06-27T21:00Z,15,181,3.2,0.0,44.7,0.2,8.0,18.8,0.0,0.1,25.1
2023-06-27T21:00Z,16,12,1.9,0.0,2.5,1.9,0.0,18.5,0.0,0.0,75.2
2023-06-27T21:00Z,17,231,0.1,0.0,58.7,0.0,0.0,0.3,0.0,0.1,40.8
2023-06-27T21:00Z,18,170,2.8,0.0,41.1,0.3,6.6,17.6,0.0,0.1,31.4
2023-06-27T21:30Z,1,0,0.0,0.0,0.0,5.1,0.0,0.0,0.0,0.0,94.9
2023-06-27T21:30Z,2,16,2.5,0.0,3.3,1.7,0.0,23.5,0.0,0.0,69.0
2023-06-27T21:30Z,3,63,0.2,0.0,15.9,0.1,3.4,45.8,0.0,0.0,34.6
2023-06-27T21:30Z,4,1,0.0,0.0,0.1,0.0,37.4,59.9,0.0,0.0,2.5
2023-06-27T21:30Z,5,217,15.8,0.0,50.3,0.0,5.4,11.8,0.0,0.0,16.6
2023-06-27T21:30Z,6,39,0.6,0.0,9.6,0.4,1.5,25.8,0.0,0.0,62.2
2023-06-27T21:30Z,7,293,0.0,0.0,74.4,0.0,0.0,0.0,0.0,0.0,25.6
2023-06-27T21:30Z,8,107,1.4,0.0,26.6,0.2,2.5,29.3,0.0,0.0,39.9
2023-06-27T21:30Z,9,280,7.5,0.0,68.7,0.0,2.6,5.1,0.0,0.0,16.1
2023-06-27T21:30Z,10,196,1.3,0.0,44.7,0.0,4.2,16.4,0.0,0.0,33.5
2023-06-27T21:30Z,11,327,0.9,0.0,82.5,0.0,1.7,3.2,0.0,0.0,11.6
2023-06-27T21:30Z,12,251,3.2,0.0,61.9,0.1,5.8,10.1,0.0,0.0,18.9
2023-06-27T21:30Z,13,216,0.9,0.0,50.8,0.2,9.7,10.1,0.0,0.0,28.3
2023-06-27T21:30Z,14,236,0.2,0.0,56.5,0.4,17.3,2.6,0.0,0.0,23.1
2023-06-27T21:30Z,15,177,3.4,0.0,43.5,0.1,6.3,19.8,0.0,0.0,26.9
2023-06-27T21:30Z,16,13,2.0,0.0,2.6,1.4,0.0,18.8,0.0,0.0,75.2
2023-06-27T21:30Z,17,223,0.1,0.0,56.7,0.1,0.0,0.6,0.0,0.0,42.6
2023-06-27T21:30Z,18,165,3.0,0.0,39.9,0.3,5.2,18.4,0.0,0.0,33.2
2023-06-27T22:00Z,1,0,0.0,0.0,0.0,4.8,0.0,0.0,0.0,0.0,95.2
2023-06-27T22:00Z,2,16,2.6,0.0,3.3,1.7,0.0,24.9,0.0,0.0,67.5
2023-06-27T22:00Z,3,59,0.2,0.0,14.9,0.1,3.5,47.5,0.0,0.0,33.7
2023-06-27T22:00Z,4,1,0.1,0.0,0.1,0.0,36.1,61.1,0.0,0.0,2.7
2023-06-27T22:00Z,5,215,16.0,0.0,49.7,0.0,5.7,11.7,0.0,0.0,16.9
2023-06-27T22:00Z,6,38,0.6,0.0,9.4,0.4,1.6,26.2,0.0,0.0,61.8
2023-06-27T22:00Z,7,285,0.0,0.0,72.4,0.0,0.0,0.0,0.0,0.0,27.6
2023-06-27T22:00Z,8,95,1.6,0.0,23.7,0.2,2.8,31.0,0.0,0.0,40.8
2023-06-27T22:00Z,9,273,7.9,0.0,67.0,0.0,2.8,5.2,0.0,0.0,17.1
2023-06-27T22:00Z,10,180,1.2,0.0,38.7,0.0,5.9,16.4,0.0,0.0,37.6
2023-06-27T22:00Z,11,325,1.0,0.0,81.8,0.0,2.2,3.4,0.0,0.0,11.6
2023-06-27T22:00Z,12,246,3.2,0.0,60.3,0.1,7.0,10.6,0.0,0.0,18.7
2023-06-27T22:00Z,13,202,0.8,0.0,44.8,0.2,14.6,10.6,0.0,0.0,29.0
2023-06-27T22:00Z,14,225,0.1,0.0,51.0,0.5,25.0,2.5,0.0,0.0,21.0
2023-06-27T22:00Z,15,172,3.4,0.0,42.4,0.1,6.0,20.5,0.0,0.0,27.6
2023-06-27T22:00Z,16,13,2.0,0.0,2.6,1.0,0.0,19.4,0.0,0.0,74.9
2023-06-27T22:00Z,17,224,0.1,0.0,56.8,0.0,0.0,0.9,0.0,0.0,42.2
2023-06-27T22:00Z,18,159,3.1,0.0,38.9,0.2,4.9,19.1,0.0,0.0,33.8
2023-06-27T22:30Z,1,0,0.0,0.0,0.0,5.2,0.0,0.0,0.0,0.0,94.8
2023-06-27T22:30Z,2,17,2.6,0.0,3.4,1.7,0.0,25.6,0.0,0.0,66.7
2023-06-27T22:30Z,3,59,0.2,0.0,15.0,0.1,3.7,48.3,0.0,0.0,32.7
2023-06-27T22:30Z,4,1,0.0,0.0,0.0,0.0,35.5,62.5,0.0,0.0,1.9
2023-06-27T22:30Z,5,216,16.6,0.0,49.8,0.0,5.5,11.6,0.0,0.0,16.4
2023-06-27T22:30Z,6,39,0.6,0.0,9.8,0.4,1.7,26.5,0.0,0.0,61.0
2023-06-27T22:30Z,7,290,0.0,0.0,73.7,0.0,0.0,0.0,0.0,0.0,26.3
2023-06-27T22:30Z,8,95,1.7,0.0,23.6,0.2,2.9,32.9,0.0,0.0,38.8
2023-06-27T22:30Z,9,274,8.2,0.0,66.9,0.0,2.7,5.4,0.0,0.0,16.7
2023-06-27T22:30Z,10,179,1.3,0.0,37.3,0.0,6.9,16.3,0.0,0.0,38.2
2023-06-27T22:30Z,11,322,1.2,0.0,80.8,0.0,2.7,3.0,0.0,0.0,12.3
2023-06-27T22:30Z,12,240,3.5,0.0,58.6,0.1,8.0,10.7,0.0,0.0,19.1
2023-06-27T22:30Z,13,194,0.9,0.0,42.0,0.3,16.3,10.6,0.0,0.0,30.0
2023-06-27T22:30Z,14,212,0.1,0.0,47.2,0.6,28.1,2.1,0.0,0.0,21.9
2023-06-27T22:30Z,15,172,3.6,0.0,42.2,0.1,6.2,20.8,0.0,0.0,27.1
2023-06-27T22:30Z,16,13,2.1,0.0,2.7,1.0,0.0,20.5,0.0,0.0,73.8
2023-06-27T22:30Z,17,212,0.1,0.0,53.9,0.1,0.0,1.1,0.0,0.0,44.9
2023-06-27T22:30Z,18,158,3.2,0.0,38.7,0.2,5.1,19.5,0.0,0.0,33.3
2023-06-27T23:00Z,1,0,0.0,0.0,0.0,5.8,0.0,0.0,0.0,0.0,94.2
2023-06-27T23:00Z,2,17,2.7,0.0,3.5,1.8,0.0,26.4,0.0,0.0,65.7
2023-06-27T23:00Z,3,62,0.2,0.0,15.6,0.1,3.3,50.2,0.0,0.0,30.6
2023-06-27T23:00Z,4,1,0.0,0.0,0.0,0.0,32.1,66.4,0.0,0.0,1.5
2023-06-27T23:00Z,5,227,16.9,0.0,52.4,0.0,4.4,10.9,0.0,0.0,15.4
2023-06-27T23:00Z,6,46,0.6,0.0,11.5,0.4,1.5,27.0,0.0,0.0,58.9
2023-06-27T23:00Z,7,303,0.0,0.0,76.9,0.0,0.0,0.0,0.0,0.0,23.1
2023-06-27T23:00Z,8,109,1.7,0.0,27.2,0.2,2.4,33.0,0.0,0.0,35.5
2023-06-27T23:00Z,9,281,8.2,0.0,68.7,0.0,2.2,5.4,0.0,0.0,15.5
2023-06-27T23:00Z,10,182,1.2,0.0,37.8,0.0,7.0,16.7,0.0,0.0,37.2
2023-06-27T23:00Z,11,328,1.1,0.0,82.3,0.0,2.7,2.4,0.0,0.2,11.3
2023-06-27T23:00Z,12,246,3.5,0.0,59.9,0.1,8.4,10.1,0.0,0.0,17.9
2023-06-27T23:00Z,13,199,0.8,0.0,43.0,0.3,15.9,10.1,0.0,0.0,29.9
2023-06-27T23:00Z,14,217,0.1,0.0,48.4,0.6,27.5,1.7,0.0,0.1,21.6
2023-06-27T23:00Z,15,171,3.7,0.0,41.8,0.1,6.8,21.8,0.0,0.0,25.8
2023-06-27T23:00Z,16,13,2.1,0.0,2.8,1.2,0.0,20.7,0.0,0.0,73.1
2023-06-27T23:00Z,17,201,0.2,0.0,51.0,0.1,0.0,1.2,0.0,0.0,47.5
2023-06-27T23:00Z,18,159,3.3,0.0,38.1,0.2,5.6,20.3,0.0,0.0,32.5
2023-06-27T23:30Z,1,0,0.0,0.0,0.0,5.8,0.0,0.0,0.0,0.0,94.2
2023-06-27T23:30Z,2,17,2.7,0.0,3.6,1.8,0.0,28.1,0.0,0.0,63.9
2023-06-27T23:30Z,3,62,0.2,0.0,15.5,0.1,2.6,51.3,0.0,0.0,30.2
2023-06-27T23:30Z,4,1,0.1,0.0,0.1,0.1,26.9,69.2,0.0,0.0,3.6
2023-06-27T23:30Z,5,230,17.5,0.0,53.0,0.0,3.6,10.1,0.0,0.0,15.8
2023-06-27T23:30Z,6,45,0.6,0.0,11.3,0.4,1.2,27.9,0.0,0.0,58.5
2023-06-27T23:30Z,7,292,0.0,0.0,74.2,0.0,0.0,0.0,0.0,0.0,25.8
2023-06-27T23:30Z,8,101,2.0,0.0,25.1,0.2,2.1,34.1,0.0,0.0,36.6
2023-06-27T23:30Z,9,282,8.6,0.0,69.1,0.0,1.7,4.9,0.0,0.0,15.8
2023-06-27T23:30Z,10,181,1.2,0.0,36.8,0.0,7.5,16.5,0.0,0.0,38.0
2023-06-27T23:30Z,11,363,0.2,0.0,91.9,0.0,0.4,1.7,0.0,0.0,5.8
2023-06-27T23:30Z,12,251,3.7,0.0,61.1,0.1,8.1,9.4,0.0,0.0,17.5
2023-06-27T23:30Z,13,202,0.8,0.0,43.8,0.2,14.5,9.8,0.0,0.0,30.9
2023-06-27T23:30Z,14,225,0.1,0.0,51.1,0.6,24.0,1.5,0.0,0.0,22.7
2023-06-27T23:30Z,15,170,3.7,0.0,41.3,0.1,7.3,21.6,0.0,0.0,25.8
2023-06-27T23:30Z,16,14,2.2,0.0,2.8,1.7,0.0,21.3,0.0,0.0,72.0
2023-06-27T23:30Z,17,212,0.1,0.0,53.7,0.1,0.0,1.2,0.0,0.0,44.8
2023-06-27T23:30Z,18,161,3.3,0.0,38.0,0.3,6.0,20.2,0.0,0.0,32.2
2023-06-28T00:00Z,1,0,0.0,0.0,0.0,5.5,0.0,0.0,0.0,0.0,94.5
2023-06-28T00:00Z,2,18,2.9,0.0,3.8,1.6,0.0,28.5,0.0,0.0,63.2
2023-06-28T00:00Z,3,68,0.2,0.0,17.2,0.1,0.9,52.0,0.0,0.0,29.6
2023-06-28T00:00Z,4,2,0.2,0.0,0.3,0.1,16.3,76.5,0.0,0.0,6.6
2023-06-28T00:00Z,5,242,18.4,0.0,55.8,0.0,1.2,8.8,0.0,0.0,15.8
2023-06-28T00:00Z,6,52,0.6,0.0,12.9,0.3,0.4,27.9,0.0,0.1,57.8
2023-06-28T00:00Z,7,303,0.0,0.0,76.9,0.0,0.0,0.0,0.0,0.0,23.0
2023-06-28T00:00Z,8,119,2.0,0.0,29.5,0.2,0.6,34.0,0.0,0.1,33.7
2023-06-28T00:00Z,9,289,8.7,0.0,70.8,0.0,0.6,4.3,0.0,0.0,15.7
2023-06-28T00:00Z,10,182,1.0,0.0,37.0,0.0,7.5,16.5,0.0,0.0,38.0
2023-06-28T00:00Z,11,368,0.0,0.0,93.5,0.0,0.1,1.2,0.0,0.0,5.2
2023-06-28T00:00Z,12,259,3.7,0.0,63.2,0.1,7.4,8.9,0.0,0.0,16.7
2023-06-28T00:00Z,13,204,0.7,0.0,43.9,0.2,14.9,9.9,0.0,0.0,30.4
2023-06-28T00:00Z,14,228,0.1,0.0,51.6,0.5,24.4,1.5,0.0,0.0,21.9
2023-06-28T00:00Z,15,174,3.8,0.0,41.9,0.1,6.6,21.8,0.0,0.0,25.7
2023-06-28T00:00Z,16,14,2.3,0.0,2.9,1.9,0.0,22.5,0.0,0.0,70.4
2023-06-28T00:00Z,17,223,0.1,0.0,56.6,0.1,0.0,1.2,0.0,0.1,41.9
2023-06-28T00:00Z,18,167,3.4,0.0,38.7,0.3,5.5,20.5,0.0,0.0,31.6
2023-06-28T00:30Z,1,0,0.0,0.0,0.0,5.7,0.0,0.0,0.0,0.0,94.3
2023-06-28T00:30Z,2,19,3.0,0.0,4.0,1.5,0.0,29.5,0.0,0.0,61.9
2023-06-28T00:30Z,3,71,0.2,0.0,17.9,0.1,0.6,53.4,0.0,0.0,27.8
2023-06-28T00:30Z,4,2,0.2,0.0,0.3,0.1,12.6,80.6,0.0,0.0,6.2
2023-06-28T00:30Z,5,245,18.7,0.0,56.5,0.0,0.8,7.7,0.0,0.0,16.3
2023-06-28T00:30Z,6,59,0.6,0.0,14.9,0.3,0.3,27.8,0.0,0.0,56.1
2023-06-28T00:30Z,7,300,0.0,0.0,76.2,0.0,0.0,0.0,0.0,0.0,23.8
2023-06-28T00:30Z,8,125,2.1,0.0,31.1,0.1,0.4,34.1,0.0,0.0,32.2
2023-06-28T00:30Z,9,291,8.6,0.0,71.3,0.0,0.4,3.7,0.0,0.0,16.0
2023-06-28T00:30Z,10,184,0.7,0.0,37.2,0.0,7.8,16.7,0.0,0.0,37.5
2023-06-28T00:30Z,11,371,0.0,0.0,94.1,0.0,0.0,0.6,0.0,0.0,5.3
2023-06-28T00:30Z,12,266,3.4,0.0,64.8,0.1,8.2,8.5,0.0,0.0,15.1
2023-06-28T00:30Z,13,202,0.4,0.0,43.1,0.2,15.8,10.6,0.0,0.0,30.0
2023-06-28T00:30Z,14,227,0.1,0.0,50.8,0.5,25.6,1.7,0.0,0.0,21.3
2023-06-28T00:30Z,15,179,3.8,0.0,43.5,0.2,5.6,21.8,0.0,0.0,25.1
2023-06-28T00:30Z,16,15,2.4,0.0,3.1,2.0,0.0,23.3,0.0,0.0,69.3
2023-06-28T00:30Z,17,221,0.1,0.0,56.1,0.1,0.0,0.9,0.0,0.0,42.8
2023-06-28T00:30Z,18,170,3.4,0.0,40.1,0.3,4.6,20.5,0.0,0.0,31.1
2023-06-28T01:00Z,1,0,0.0,0.0,0.0,6.3,0.0,0.0,0.0,0.0,93.7
2023-06-28T01:00Z,2,21,3.3,0.0,4.3,1.6,0.0,31.3,0.0,0.0,59.5
2023-06-28T01:00Z,3,72,0.2,0.0,18.3,0.1,1.0,55.1,0.0,0.0,25.3
2023-06-28T01:00Z,4,1,0.1,0.0,0.1,0.0,14.2,82.2,0.0,0.0,3.3
2023-06-28T01:00Z,5,248,19.1,0.0,57.1,0.0,1.1,7.1,0.0,0.0,15.6
2023-06-28T01:00Z,6,63,0.6,0.0,15.7,0.3,0.4,29.3,0.0,0.0,53.6
2023-06-28T01:00Z,7,298,0.0,0.0,75.6,0.0,0.0,0.0,0.0,0.1,24.3
2023-06-28T01:00Z,8,124,2.2,0.0,30.8,0.1,0.7,35.1,0.0,0.0,31.1
2023-06-28T01:00Z,9,293,9.1,0.0,71.6,0.0,0.5,3.3,0.0,0.0,15.5
2023-06-28T01:00Z,10,182,1.0,0.0,38.6,0.0,6.2,17.6,0.0,0.0,36.6
2023-06-28T01:00Z,11,374,0.0,0.0,95.0,0.0,0.0,0.1,0.0,0.0,4.9
2023-06-28T01:00Z,12,265,3.7,0.0,64.8,0.1,8.6,8.1,0.0,0.0,14.8
2023-06-28T01:00Z,13,205,0.7,0.0,45.6,0.2,13.3,10.5,0.0,0.0,29.8
2023-06-28T01:00Z,14,230,0.1,0.0,52.7,0.4,22.5,1.9,0.0,0.0,22.4
2023-06-28T01:00Z,15,181,4.1,0.0,42.8,0.1,6.5,22.2,0.0,0.0,24.2
2023-06-28T01:00Z,16,16,2.5,0.0,3.3,2.1,0.0,24.7,0.0,0.0,67.5
2023-06-28T01:00Z,17,237,0.0,0.0,60.1,0.0,0.0,0.7,0.0,0.0,39.1
2023-06-28T01:00Z,18,171,3.6,0.0,39.8,0.3,5.4,21.0,0.0,0.0,29.9
2023-06-28T01:30Z,1,0,0.0,0.0,0.0,7.3,0.0,0.0,0.0,0.0,92.7
2023-06-28T01:30Z,2,22,3.5,0.0,4.6,1.7,0.0,34.0,0.0,0.0,56.2
2023-06-28T01:30Z,3,74,0.2,0.0,18.7,0.1,1.1,57.0,0.0,0.0,22.9
2023-06-28T01:30Z,4,0,0.0,0.0,0.0,0.0,14.2,84.3,0.0,0.0,1.5
2023-06-28T01:30Z,5,257,18.8,0.0,59.5,0.0,1.1,6.0,0.0,0.0,14.6
2023-06-28T01:30Z,6,65,0.6,0.0,16.2,0.3,0.5,30.3,0.0,0.0,52.0
2023-06-28T01:30Z,7,294,0.0,0.0,74.5,0.0,0.0,0.0,0.0,0.0,25.4
2023-06-28T01:30Z,8,128,2.3,0.0,31.7,0.1,0.8,35.9,0.0,0.0,29.2
2023-06-28T01:30Z,9,300,8.8,0.0,73.4,0.0,0.5,2.7,0.0,0.0,14.6
2023-06-28T01:30Z,10,185,1.2,0.0,40.5,0.0,5.0,18.0,0.0,0.0,35.3
2023-06-28T01:30Z,11,375,0.0,0.0,95.1,0.0,0.0,0.0,0.0,0.0,4.9
2023-06-28T01:30Z,12,273,3.7,0.0,67.0,0.1,7.5,7.6,0.0,0.0,14.1
2023-06-28T01:30Z,13,208,0.9,0.0,47.4,0.2,12.0,10.7,0.0,0.0,28.9
2023-06-28T01:30Z,14,231,0.1,0.0,53.8,0.5,21.1,1.9,0.0,0.0,22.6
2023-06-28T01:30Z,15,188,4.0,0.0,44.2,0.1,7.2,22.6,0.0,0.0,21.8
2023-06-28T01:30Z,16,17,2.6,0.0,3.5,2.5,0.0,26.7,0.0,0.0,64.7
2023-06-28T01:30Z,17,247,0.0,0.0,62.6,0.0,0.0,0.5,0.0,0.0,36.9
2023-06-28T01:30Z,18,176,3.6,0.0,41.2,0.4,5.9,21.5,0.0,0.0,27.5
2023-06-28T02:00Z,1,0,0.0,0.0,0.0,7.8,0.0,0.0,0.0,0.0,92.2
2023-06-28T02:00Z,2,23,3.7,0.0,4.8,1.6,0.0,36.4,0.0,0.0,53.6
2023-06-28T02:00Z,3,80,0.3,0.0,20.1,0.1,0.5,58.0,0.0,0.0,21.0
2023-06-28T02:00Z,4,0,0.0,0.0,0.0,0.0,7.9,90.2,0.0,0.0,1.9
2023-06-28T02:00Z,5,264,19.5,0.0,61.0,0.0,0.4,5.0,0.0,0.0,14.2
2023-06-28T02:00Z,6,70,0.7,0.0,17.6,0.3,0.2,31.4,0.0,0.0,49.8
2023-06-28T02:00Z,7,297,0.0,0.0,75.5,0.0,0.0,0.0,0.0,0.0,24.5
2023-06-28T02:00Z,8,139,2.5,0.0,34.5,0.1,0.3,36.0,0.0,0.0,26.5
2023-06-28T02:00Z,9,307,8.6,0.0,75.4,0.0,0.2,2.3,0.0,0.0,13.6
2023-06-28T02:00Z,10,187,1.2,0.0,42.1,0.0,4.1,18.6,0.0,0.0,34.0
2023-06-28T02:00Z,11,374,0.0,0.0,94.8,0.0,0.0,0.0,0.0,0.1,5.1
2023-06-28T02:00Z,12,283,3.7,0.0,69.5,0.1,6.8,7.1,0.0,0.0,12.8
2023-06-28T02:00Z,13,213,0.9,0.0,49.4,0.2,10.9,10.8,0.0,0.0,27.8
2023-06-28T02:00Z,14,237,0.2,0.0,55.8,0.5,19.9,2.1,0.0,0.0,21.6
2023-06-28T02:00Z,15,199,4.0,0.0,46.9,0.1,6.6,22.5,0.0,0.0,19.9
2023-06-28T02:00Z,16,20,2.7,0.0,4.2,2.7,0.0,28.0,0.0,0.0,62.4
2023-06-28T02:00Z,17,252,0.0,0.0,63.9,0.0,0.0,0.3,0.0,0.0,35.8
2023-06-28T02:00Z,18,183,3.6,0.0,43.4,0.4,5.4,21.5,0.0,0.0,25.6
2023-06-28T02:30Z,1,0,0.0,0.0,0.0,8.7,0.0,0.0,0.0,0.0,91.3
2023-06-28T02:30Z,2,24,3.7,0.0,4.9,1.6,0.0,40.9,0.0,0.0,48.9
2023-06-28T02:30Z,3,82,0.5,0.0,20.7,0.1,0.3,59.2,0.0,0.0,19.2
2023-06-28T02:30Z,4,1,0.1,0.0,0.2,0.0,5.0,91.4,0.0,0.0,3.3
2023-06-28T02:30Z,5,268,19.8,0.0,62.0,0.0,0.2,4.2,0.0,0.0,13.8
2023-06-28T02:30Z,6,83,0.8,0.0,20.7,0.3,0.1,32.4,0.0,0.0,45.6
2023-06-28T02:30Z,7,297,0.0,0.0,75.3,0.0,0.0,0.0,0.0,0.0,24.6
2023-06-28T02:30Z,8,145,2.8,0.0,36.1,0.1,0.2,36.6,0.0,0.0,24.2
2023-06-28T02:30Z,9,313,8.6,0.0,76.7,0.0,0.1,1.9,0.0,0.0,12.7
2023-06-28T02:30Z,10,200,1.2,0.0,43.7,0.0,5.6,18.5,0.0,0.0,31.0
2023-06-28T02:30Z,11,373,0.0,0.0,94.7,0.0,0.0,0.0,0.0,0.0,5.3
2023-06-28T02:30Z,12,286,3.8,0.0,70.5,0.1,6.3,7.3,0.0,0.0,12.0
2023-06-28T02:30Z,13,222,0.8,0.0,51.1,0.2,10.9,11.1,0.0,0.0,25.9
2023-06-28T02:30Z,14,244,0.2,0.0,58.6,0.5,18.2,2.3,0.0,0.0,20.3
2023-06-28T02:30Z,15,202,4.0,0.0,47.2,0.1,7.2,22.5,0.0,0.0,18.9
2023-06-28T02:30Z,16,18,2.8,0.0,3.7,3.0,0.0,30.6,0.0,0.0,59.9
2023-06-28T02:30Z,17,255,0.0,0.0,64.7,0.0,0.0,0.1,0.0,0.0,35.1
2023-06-28T02:30Z,18,188,3.6,0.0,43.9,0.4,5.9,21.8,0.0,0.0,24.4
2023-06-28T03:00Z,1,0,0.0,0.0,0.0,8.9,0.0,0.0,0.0,0.0,91.1
2023-06-28T03:00Z,2,24,3.8,0.0,4.9,1.3,0.0,41.9,0.0,0.0,48.0
2023-06-28T03:00Z,3,82,0.5,0.0,20.6,0.1,0.1,59.1,0.0,0.0,19.7
2023-06-28T03:00Z,4,1,0.1,0.0,0.2,0.0,1.5,94.7,0.0,0.1,3.4
2023-06-28T03:00Z,5,261,20.8,0.0,59.8,0.0,0.0,3.5,0.0,0.0,15.8
2023-06-28T03:00Z,6,82,0.8,0.0,20.5,0.2,0.0,32.3,0.0,0.0,46.1
2023-06-28T03:00Z,7,303,0.0,0.0,76.9,0.0,0.0,0.0,0.0,0.0,23.0
2023-06-28T03:00Z,8,143,2.9,0.0,35.4,0.1,0.1,36.5,0.0,0.0,25.0
2023-06-28T03:00Z,9,310,9.1,0.0,75.8,0.0,0.0,1.6,0.0,0.0,13.5
2023-06-28T03:00Z,10,202,1.4,0.0,43.0,0.0,6.6,18.6,0.0,0.0,30.4
2023-06-28T03:00Z,11,373,0.0,0.0,94.6,0.0,0.0,0.0,0.0,0.0,5.4
2023-06-28T03:00Z,12,288,4.1,0.0,71.1,0.1,5.6,7.1,0.0,0.0,12.1
2023-06-28T03:00Z,13,227,1.1,0.0,51.7,0.2,11.0,11.2,0.0,0.0,24.8
2023-06-28T03:00Z,14,251,0.2,0.0,60.2,0.6,17.8,2.4,0.0,0.0,18.8
2023-06-28T03:00Z,15,203,4.3,0.0,47.1,0.1,7.3,22.7,0.0,0.0,18.5
2023-06-28T03:00Z,16,19,2.8,0.0,3.9,2.9,0.0,31.5,0.0,0.0,58.8
2023-06-28T03:00Z,17,251,0.0,0.0,63.7,0.0,0.0,0.0,0.0,0.0,36.3
2023-06-28T03:00Z,18,188,3.8,0.0,43.6,0.4,6.0,22.0,0.0,0.0,24.1
2023-06-28T03:30Z,1,0,0.0,0.0,0.0,9.3,0.0,0.0,0.0,0.0,90.7
2023-06-28T03:30Z,2,24,3.7,0.0,4.8,1.1,0.0,43.5,0.0,0.2,46.6
2023-06-28T03:30Z,3,69,0.8,0.0,17.2,0.0,0.3,60.6,0.0,0.0,21.0
2023-06-28T03:30Z,4,0,0.0,0.0,0.1,0.0,4.7,92.8,0.0,0.1,2.3
2023-06-28T03:30Z,5,259,20.2,0.0,59.6,0.0,0.1,2.9,0.0,0.1,17.2
2023-06-28T03:30Z,6,66,0.9,0.0,16.4,0.2,0.1,33.7,0.0,0.1,48.6
2023-06-28T03:30Z,7,315,0.0,0.0,79.9,0.0,0.0,0.8,0.0,0.0,19.3
2023-06-28T03:30Z,8,138,2.9,0.0,34.2,0.1,0.2,36.7,0.0,0.1,25.8
2023-06-28T03:30Z,9,308,9.1,0.0,75.4,0.0,0.0,1.2,0.0,0.1,14.1
2023-06-28T03:30Z,10,205,1.7,0.0,44.6,0.0,5.8,18.3,0.0,0.3,29.3
2023-06-28T03:30Z,11,373,0.0,0.0,94.7,0.0,0.0,0.0,0.0,0.0,5.3
2023-06-28T03:30Z,12,291,4.3,0.0,71.8,0.1,4.4,6.6,0.0,0.2,12.7
2023-06-28T03:30Z,13,230,1.2,0.0,53.0,0.3,11.4,11.4,0.0,0.3,22.5
2023-06-28T03:30Z,14,256,0.2,0.0,61.5,0.6,19.7,2.4,0.0,0.2,15.3
2023-06-28T03:30Z,15,202,4.2,0.0,48.2,0.1,6.8,22.4,0.0,0.2,18.2
2023-06-28T03:30Z,16,21,2.8,0.0,4.4,2.8,0.0,32.8,0.0,0.1,57.1
2023-06-28T03:30Z,17,253,0.0,0.0,64.1,0.0,0.0,0.0,0.0,0.0,35.8
2023-06-28T03:30Z,18,188,3.8,0.0,44.7,0.4,5.6,21.9,0.0,0.1,23.5
2023-06-28T04:00Z,1,0,0.0,0.0,0.0,9.3,0.0,0.0,0.0,0.0,90.7
2023-06-28T04:00Z,2,24,3.8,0.0,5.0,1.0,0.0,45.3,0.0,0.5,44.3
2023-06-28T04:00Z,3,75,0.6,0.0,18.8,0.0,0.5,61.5,0.0,0.1,18.3
2023-06-28T04:00Z,4,0,0.0,0.0,0.0,0.0,7.7,90.1,0.0,0.4,1.8
2023-06-28T04:00Z,5,258,20.1,0.0,59.2,0.0,0.2,2.9,0.0,0.2,17.3
2023-06-28T04:00Z,6,69,0.9,0.0,17.3,0.2,0.3,35.0,0.0,0.6,45.8
2023-06-28T04:00Z,7,309,0.0,0.0,78.4,0.0,0.0,1.8,0.0,0.2,19.6
2023-06-28T04:00Z,8,143,2.9,0.0,35.3,0.1,0.3,36.5,0.0,0.6,24.4
2023-06-28T04:00Z,9,306,9.1,0.0,75.0,0.0,0.1,1.2,0.0,0.5,14.2
2023-06-28T04:00Z,10,200,1.4,0.0,45.7,0.0,3.9,18.9,0.0,1.2,28.9
2023-06-28T04:00Z,11,369,0.0,0.0,93.6,0.0,0.0,0.0,0.0,1.3,5.2
2023-06-28T04:00Z,12,289,3.8,0.0,71.4,0.1,6.1,6.0,0.0,1.2,11.4
2023-06-28T04:00Z,13,221,1.0,0.0,51.7,0.3,13.5,11.3,0.0,1.0,21.2
2023-06-28T04:00Z,14,240,0.1,0.0,57.0,0.7,25.6,2.3,0.0,0.8,13.5
2023-06-28T04:00Z,15,209,4.0,0.0,49.7,0.1,6.3,21.8,0.0,0.7,17.3
2023-06-28T04:00Z,16,25,2.8,0.0,5.4,2.9,0.0,33.4,0.0,0.4,55.0
2023-06-28T04:00Z,17,263,0.0,0.0,66.7,0.0,0.0,0.0,0.0,0.3,33.0
2023-06-28T04:00Z,18,191,3.6,0.0,46.3,0.4,5.2,21.5,0.0,0.6,22.3
2023-06-28T04:30Z,1,0,0.0,0.0,0.0,11.3,0.0,0.0,0.0,0.0,88.7
2023-06-28T04:30Z,2,24,3.8,0.0,5.0,1.1,0.9,46.2,0.0,1.0,42.1
2023-06-28T04:30Z,3,83,0.9,0.0,20.8,0.0,1.9,60.2,0.0,0.2,15.9
2023-06-28T04:30Z,4,1,0.0,0.0,0.0,0.0,17.9,79.9,0.0,0.6,1.5
2023-06-28T04:30Z,5,259,19.2,0.0,60.0,0.0,0.6,3.2,0.0,0.4,16.7
2023-06-28T04:30Z,6,75,1.1,0.0,18.8,0.2,1.0,35.3,0.0,1.1,42.6
2023-06-28T04:30Z,7,287,0.4,0.0,72.8,0.0,0.2,1.8,0.0,0.6,24.2
2023-06-28T04:30Z,8,155,3.2,0.0,38.4,0.1,1.2,34.9,0.0,1.1,21.1
2023-06-28T04:30Z,9,313,7.8,0.0,77.2,0.0,0.2,1.2,0.0,1.0,12.5
2023-06-28T04:30Z,10,203,1.3,0.0,48.6,0.0,2.2,18.8,0.0,2.5,26.5
2023-06-28T04:30Z,11,362,0.0,0.0,91.8,0.0,0.0,0.0,0.0,3.7,4.5
2023-06-28T04:30Z,12,298,3.4,0.0,74.1,0.1,4.6,5.3,0.0,3.0,9.5
2023-06-28T04:30Z,13,228,0.9,0.0,54.6,0.3,12.3,10.3,0.0,2.2,19.4
2023-06-28T04:30Z,14,245,0.1,0.0,58.6,0.6,24.7,1.8,0.0,1.8,12.3
2023-06-28T04:30Z,15,216,3.7,0.0,52.2,0.1,6.4,20.5,0.0,1.5,15.5
2023-06-28T04:30Z,16,39,2.7,0.0,9.1,2.8,0.0,32.8,0.0,0.7,51.8
2023-06-28T04:30Z,17,284,0.0,0.0,72.1,0.0,0.0,0.0,0.0,0.5,27.5
2023-06-28T04:30Z,18,197,3.4,0.0,49.1,0.4,5.3,20.4,0.0,1.4,20.0
2023-06-28T05:00Z,1,0,0.0,0.0,0.0,12.7,0.0,0.0,0.0,0.0,87.3
2023-06-28T05:00Z,2,24,3.7,0.0,4.8,1.0,3.8,48.2,0.0,1.6,36.8
2023-06-28T05:00Z,3,89,1.0,0.0,22.1,0.0,5.4,58.4,0.0,0.4,12.7
2023-06-28T05:00Z,4,1,0.0,0.0,0.0,0.0,31.1,67.2,0.0,0.7,1.0
2023-06-28T05:00Z,5,254,18.8,0.0,58.7,0.0,2.5,3.3,0.0,0.6,16.2
2023-06-28T05:00Z,6,81,1.1,0.0,20.2,0.2,3.3,35.3,0.0,2.0,37.9
2023-06-28T05:00Z,7,285,0.5,0.0,72.1,0.0,0.6,1.8,0.0,1.4,23.7
2023-06-28T05:00Z,8,172,2.8,0.0,42.7,0.1,3.4,31.8,0.0,1.8,17.4
2023-06-28T05:00Z,9,324,6.1,0.0,80.4,0.0,0.8,1.2,0.0,1.5,10.0
2023-06-28T05:00Z,10,220,1.2,0.0,51.0,0.0,3.9,17.4,0.0,3.9,22.6
2023-06-28T05:00Z,11,347,0.0,0.0,88.0,0.0,0.0,0.0,0.0,7.6,4.5
2023-06-28T05:00Z,12,300,2.9,0.0,74.6,0.1,4.7,4.4,0.0,5.3,8.0
2023-06-28T05:00Z,13,237,0.8,0.0,55.8,0.3,12.9,9.5,0.0,3.6,17.0
2023-06-28T05:00Z,14,247,0.1,0.0,58.8,0.6,25.1,1.3,0.0,3.1,11.0
2023-06-28T05:00Z,15,212,3.6,0.0,51.5,0.1,9.0,19.5,0.0,2.7,13.6
2023-06-28T05:00Z,16,42,2.8,0.0,9.8,3.1,0.0,32.3,0.0,1.3,50.7
2023-06-28T05:00Z,17,288,0.0,0.0,73.1,0.0,0.0,0.0,0.0,1.0,25.8
2023-06-28T05:00Z,18,200,3.2,0.0,48.8,0.4,7.5,19.4,0.0,2.4,18.1
2023-06-28T05:30Z,1,0,0.0,0.0,0.0,15.1,0.0,0.0,0.0,0.0,84.9
2023-06-28T05:30Z,2,23,3.6,0.0,4.7,0.8,7.5,49.2,0.0,2.4,31.7
2023-06-28T05:30Z,3,91,1.0,0.0,22.7,0.0,9.0,56.0,0.0,0.6,10.7
2023-06-28T05:30Z,4,1,0.0,0.0,0.0,0.0,39.5,58.8,0.0,0.8,0.9
2023-06-28T05:30Z,5,249,17.9,0.0,57.8,0.0,4.4,3.6,0.0,0.9,15.4
2023-06-28T05:30Z,6,79,1.1,0.0,19.6,0.1,5.8,35.7,0.0,3.2,34.5
2023-06-28T05:30Z,7,318,0.0,0.0,80.8,0.0,0.0,1.5,0.0,1.5,16.2
2023-06-28T05:30Z,8,179,2.8,0.0,44.6,0.0,5.4,29.2,0.0,2.9,15.1
2023-06-28T05:30Z,9,318,6.1,0.0,79.0,0.0,1.5,1.2,0.0,2.3,10.0
2023-06-28T05:30Z,10,228,1.0,0.0,49.2,0.0,7.2,16.6,0.0,5.5,20.4
2023-06-28T05:30Z,11,338,0.0,0.0,85.2,0.0,0.0,0.0,0.0,11.0,3.8
2023-06-28T05:30Z,12,293,2.5,0.0,72.6,0.1,6.7,3.2,0.0,8.1,6.8
2023-06-28T05:30Z,13,237,0.6,0.0,53.7,0.3,17.3,8.8,0.0,4.9,14.4
2023-06-28T05:30Z,14,242,0.1,0.0,57.1,0.5,29.1,1.0,0.0,3.9,8.2
2023-06-28T05:30Z,15,216,3.2,0.0,52.0,0.1,11.7,17.7,0.0,3.8,11.5
2023-06-28T05:30Z,16,48,2.8,0.0,11.2,4.0,0.0,31.4,0.0,1.9,48.7
2023-06-28T05:30Z,17,291,0.0,0.0,73.8,0.0,0.0,0.0,0.0,1.6,24.6
2023-06-28T05:30Z,18,203,3.0,0.0,49.4,0.5,9.8,17.9,0.0,3.5,15.9
2023-06-28T06:00Z,1,0,0.0,0.0,0.0,14.7,0.0,0.0,0.0,0.0,85.3
2023-06-28T06:00Z,2,23,3.6,0.0,4.8,0.5,8.7,47.8,0.0,3.4,31.1
2023-06-28T06:00Z,3,99,1.3,0.0,24.7,0.0,8.5,55.2,0.0,0.7,9.7
2023-06-28T06:00Z,4,1,0.0,0.0,0.0,0.0,44.6,52.9,0.0,1.3,1.1
2023-06-28T06:00Z,5,262,17.1,0.0,61.1,0.0,3.0,3.4,0.0,1.1,14.2
2023-06-28T06:00Z,6,87,1.2,0.0,21.6,0.1,5.6,34.0,0.0,4.5,33.0
2023-06-28T06:00Z,7,336,0.0,0.0,85.2,0.0,0.0,1.4,0.0,1.6,11.8
2023-06-28T06:00Z,8,217,2.2,0.0,54.4,0.0,3.7,24.2,0.0,3.5,11.9
2023-06-28T06:00Z,9,329,4.9,0.0,81.9,0.0,0.9,1.0,0.0,2.9,8.4
2023-06-28T06:00Z,10,229,0.7,0.0,48.7,0.0,7.8,16.2,0.0,7.5,19.1
2023-06-28T06:00Z,11,329,0.0,0.0,82.7,0.0,0.0,0.0,0.0,13.8,3.6
2023-06-28T06:00Z,12,292,1.9,0.0,72.5,0.1,7.1,2.3,0.0,10.8,5.3
2023-06-28T06:00Z,13,233,0.4,0.0,52.5,0.3,19.9,8.2,0.0,6.2,12.5
2023-06-28T06:00Z,14,234,0.0,0.0,55.0,0.5,32.5,0.8,0.0,4.7,6.6
2023-06-28T06:00Z,15,218,3.0,0.0,51.7,0.1,13.7,16.7,0.0,4.9,9.9
2023-06-28T06:00Z,16,57,2.7,0.0,13.7,4.6,0.0,28.7,0.0,2.6,47.8
2023-06-28T06:00Z,17,298,0.0,0.0,75.7,0.0,0.0,0.0,0.0,2.2,22.1
2023-06-28T06:00Z,18,208,2.8,0.0,49.4,0.5,11.5,16.9,0.0,4.5,14.5
2023-06-28T06:30Z,1,0,0.0,0.0,0.0,13.3,0.0,0.0,0.0,0.0,86.7
2023-06-28T06:30Z,2,25,3.5,0.0,5.1,0.3,10.8,47.7,0.0,4.4,28.1
2023-06-28T06:30Z,3,102,1.5,0.0,25.5,0.0,9.3,53.8,0.0,1.0,9.0
2023-06-28T06:30Z,4,1,0.0,0.0,0.0,0.0,48.7,48.4,0.0,1.7,1.2
2023-06-28T06:30Z,5,262,17.0,0.0,61.3,0.0,3.0,3.4,0.0,1.5,13.8
2023-06-28T06:30Z,6,85,1.2,0.0,21.2,0.0,6.2,33.9,0.0,6.1,31.3
2023-06-28T06:30Z,7,339,0.0,0.0,86.2,0.0,0.0,0.8,0.0,2.1,10.9
2023-06-28T06:30Z,8,233,2.1,0.0,58.3,0.0,3.7,21.0,0.0,4.7,10.2
2023-06-28T06:30Z,9,332,4.2,0.0,82.9,0.0,0.7,0.9,0.0,3.7,7.5
2023-06-28T06:30Z,10,234,0.3,0.0,47.8,0.0,10.4,15.5,0.0,9.1,16.7
2023-06-28T06:30Z,11,311,0.0,0.0,78.2,0.0,0.0,0.0,0.0,18.3,3.5
2023-06-28T06:30Z,12,281,1.3,0.0,68.6,0.1,10.8,1.6,0.0,13.4,4.1
2023-06-28T06:30Z,13,225,0.1,0.0,47.5,0.3,27.1,7.6,0.0,6.9,10.4
2023-06-28T06:30Z,14,220,0.0,0.0,47.6,0.6,40.9,0.5,0.0,5.0,5.3
2023-06-28T06:30Z,15,219,2.9,0.0,51.7,0.1,13.9,16.1,0.0,6.2,9.1
2023-06-28T06:30Z,16,57,2.6,0.0,13.6,5.2,0.0,27.8,0.0,3.3,47.5
2023-06-28T06:30Z,17,300,0.0,0.0,76.2,0.0,0.0,0.0,0.0,2.9,20.9
2023-06-28T06:30Z,18,209,2.6,0.0,49.5,0.6,11.6,16.2,0.0,5.7,13.7
2023-06-28T07:00Z,1,0,0.0,0.0,0.0,12.1,0.0,0.0,0.0,0.0,87.9
2023-06-28T07:00Z,2,24,3.4,0.0,4.9,0.1,11.1,46.6,0.0,5.1,28.8
2023-06-28T07:00Z,3,100,1.4,0.0,24.8,0.0,10.2,54.1,0.0,1.2,8.4
2023-06-28T07:00Z,4,2,0.0,0.0,0.0,0.0,50.4,46.3,0.0,2.0,1.4
2023-06-28T07:00Z,5,261,17.0,0.0,61.0,0.0,3.7,3.0,0.0,1.9,13.4
2023-06-28T07:00Z,6,85,1.1,0.0,21.2,0.0,6.5,33.5,0.0,7.7,30.0
2023-06-28T07:00Z,7,344,0.0,0.0,87.4,0.0,0.0,0.0,0.0,2.5,10.1
2023-06-28T07:00Z,8,243,1.8,0.0,61.0,0.0,3.6,18.2,0.0,5.8,9.6
2023-06-28T07:00Z,9,330,4.0,0.0,82.4,0.0,0.9,0.8,0.0,4.8,7.1
2023-06-28T07:00Z,10,237,0.4,0.0,47.7,0.0,11.1,14.6,0.0,11.0,15.2
2023-06-28T07:00Z,11,295,0.0,0.0,74.3,0.0,0.0,0.0,0.0,22.2,3.5
2023-06-28T07:00Z,12,276,1.2,0.0,67.8,0.1,9.5,0.9,0.0,16.6,3.8
2023-06-28T07:00Z,13,223,0.2,0.0,46.7,0.3,27.6,7.1,0.0,8.4,9.6
2023-06-28T07:00Z,14,213,0.0,0.0,45.8,0.6,42.0,0.2,0.0,6.2,5.2
2023-06-28T07:00Z,15,219,2.8,0.0,50.6,0.1,14.8,15.6,0.0,7.7,8.5
2023-06-28T07:00Z,16,61,2.5,0.0,14.6,4.7,0.0,26.6,0.0,4.0,47.5
2023-06-28T07:00Z,17,300,0.0,0.0,76.2,0.0,0.0,0.0,0.0,3.7,20.1
2023-06-28T07:00Z,18,208,2.6,0.0,48.6,0.5,12.4,15.7,0.0,7.0,13.2
2023-06-28T07:30Z,1,0,0.0,0.0,0.0,10.5,0.0,0.0,0.0,0.0,89.5
2023-06-28T07:30Z,2,26,3.3,0.0,5.4,0.2,12.2,45.4,0.0,5.7,27.9
2023-06-28T07:30Z,3,99,1.7,0.0,24.6,0.0,10.1,54.1,0.0,1.5,8.0
2023-06-28T07:30Z,4,2,0.0,0.0,0.0,0.0,50.5,45.8,0.0,2.3,1.5
2023-06-28T07:30Z,5,265,17.2,0.0,62.0,0.0,2.8,2.7,0.0,2.3,13.0
2023-06-28T07:30Z,6,82,1.2,0.0,20.3,0.0,6.4,33.5,0.0,9.7,28.8
2023-06-28T07:30Z,7,346,0.0,0.0,87.8,0.0,0.0,0.0,0.0,2.9,9.3
2023-06-28T07:30Z,8,258,1.6,0.0,64.8,0.0,3.0,15.8,0.0,6.9,7.8
2023-06-28T07:30Z,9,333,3.3,0.0,83.5,0.0,0.5,0.6,0.0,5.9,6.2
2023-06-28T07:30Z,10,248,0.2,0.0,46.5,0.0,14.6,13.8,0.0,12.0,12.8
2023-06-28T07:30Z,11,278,0.0,0.0,70.0,0.0,0.0,0.0,0.0,26.6,3.4
2023-06-28T07:30Z,12,270,0.9,0.0,66.1,0.1,10.3,0.4,0.0,18.8,3.3
2023-06-28T07:30Z,13,229,0.1,0.0,45.9,0.3,29.4,6.6,0.0,9.2,8.4
2023-06-28T07:30Z,14,215,0.0,0.0,45.8,0.6,42.1,0.0,0.0,6.9,4.7
2023-06-28T07:30Z,15,222,2.7,0.0,51.0,0.1,14.1,15.4,0.0,9.0,7.8
2023-06-28T07:30Z,16,68,2.4,0.0,16.5,4.3,0.3,25.5,0.0,4.6,46.5
2023-06-28T07:30Z,17,302,0.0,0.0,76.7,0.0,0.0,0.0,0.0,4.5,18.8
2023-06-28T07:30Z,18,211,2.5,0.0,49.1,0.5,11.8,15.5,0.0,8.2,12.4
2023-06-28T08:00Z,1,0,0.0,0.0,0.0,10.1,0.0,0.0,0.0,0.0,89.9
2023-06-28T08:00Z,2,24,3.2,0.0,5.1,0.2,11.5,44.4,0.0,6.1,29.4
2023-06-28T08:00Z,3,95,2.0,0.0,23.5,0.0,10.1,54.7,0.0,1.8,8.0
2023-06-28T08:00Z,4,2,0.0,0.0,0.0,0.0,50.3,45.4,0.0,2.6,1.7
2023-06-28T08:00Z,5,265,17.4,0.0,62.0,0.0,2.3,2.6,0.0,2.8,12.9
2023-06-28T08:00Z,6,82,1.3,0.0,20.5,0.0,6.2,32.2,0.0,11.6,28.1
2023-06-28T08:00Z,7,342,0.0,0.0,86.9,0.0,0.0,0.0,0.0,3.7,9.3
2023-06-28T08:00Z,8,263,1.4,0.0,66.1,0.0,2.7,14.4,0.0,8.4,7.0
2023-06-28T08:00Z,9,332,2.7,0.0,83.5,0.0,0.4,0.5,0.0,7.2,5.7
2023-06-28T08:00Z,10,241,0.1,0.0,44.6,0.0,15.1,13.9,0.0,14.2,12.1
2023-06-28T08:00Z,11,255,0.0,0.0,64.6,0.0,0.0,0.0,0.0,31.9,3.5
2023-06-28T08:00Z,12,261,0.7,0.0,63.8,0.1,11.3,0.2,0.0,20.8,3.0
2023-06-28T08:00Z,13,223,0.1,0.0,44.4,0.3,30.7,6.4,0.0,10.5,7.7
2023-06-28T08:00Z,14,210,0.0,0.0,44.6,0.6,43.0,0.0,0.0,7.6,4.3
2023-06-28T08:00Z,15,222,2.6,0.0,50.2,0.1,14.2,15.1,0.0,10.4,7.4
2023-06-28T08:00Z,16,62,2.4,0.0,15.1,4.1,0.0,25.3,0.0,5.0,48.1
2023-06-28T08:00Z,17,300,0.0,0.0,76.1,0.0,0.0,0.0,0.0,5.5,18.4
2023-06-28T08:00Z,18,209,2.4,0.0,48.3,0.5,11.9,15.2,0.0,9.6,12.2
2023-06-28T08:30Z,1,0,0.0,0.0,0.0,9.4,0.0,0.0,0.0,0.0,90.6
2023-06-28T08:30Z,2,22,3.2,0.0,4.5,0.3,11.2,42.7,0.0,6.3,31.7
2023-06-28T08:30Z,3,83,1.9,0.0,20.5,0.0,11.4,56.4,0.0,2.1,7.7
2023-06-28T08:30Z,4,2,0.0,0.0,0.0,0.0,50.4,45.0,0.0,2.7,1.9
2023-06-28T08:30Z,5,263,17.2,0.0,61.4,0.0,3.0,2.6,0.0,3.2,12.6
2023-06-28T08:30Z,6,73,1.4,0.0,18.1,0.0,7.0,31.9,0.0,13.6,28.1
2023-06-28T08:30Z,7,338,0.0,0.0,85.7,0.0,0.0,0.0,0.0,4.7,9.7
2023-06-28T08:30Z,8,259,1.5,0.0,65.2,0.0,3.0,13.5,0.0,9.5,7.3
2023-06-28T08:30Z,9,326,3.1,0.0,81.9,0.0,0.5,0.5,0.0,8.3,5.7
2023-06-28T08:30Z,10,236,0.2,0.0,44.8,0.0,13.7,13.5,0.0,16.4,11.4
2023-06-28T08:30Z,11,240,0.0,0.0,60.9,0.0,0.0,0.0,0.0,35.6,3.5
2023-06-28T08:30Z,12,255,0.9,0.0,62.4,0.1,10.1,0.1,0.0,23.3,3.0
2023-06-28T08:30Z,13,220,0.1,0.0,44.1,0.3,29.3,6.2,0.0,12.4,7.5
2023-06-28T08:30Z,14,207,0.0,0.0,43.5,0.6,42.5,0.0,0.0,9.1,4.4
2023-06-28T08:30Z,15,215,2.7,0.0,49.7,0.1,13.6,15.0,0.0,11.9,7.1
2023-06-28T08:30Z,16,59,2.4,0.0,14.4,3.9,0.0,24.5,0.0,5.3,49.6
2023-06-28T08:30Z,17,295,0.0,0.0,74.9,0.0,0.0,0.0,0.0,6.7,18.4
2023-06-28T08:30Z,18,203,2.5,0.0,47.7,0.4,11.4,15.0,0.0,10.9,12.0
2023-06-28T09:00Z,1,0,0.0,0.0,0.0,9.6,0.0,0.0,0.0,0.0,90.4
2023-06-28T09:00Z,2,21,3.1,0.0,4.4,0.5,10.7,41.4,0.0,6.3,33.6
2023-06-28T09:00Z,3,82,2.0,0.0,20.2,0.0,11.0,56.6,0.0,2.4,7.8
2023-06-28T09:00Z,4,1,0.0,0.0,0.0,0.0,49.7,45.3,0.0,3.0,2.0
2023-06-28T09:00Z,5,264,17.5,0.0,61.7,0.0,2.7,2.5,0.0,3.6,12.1
2023-06-28T09:00Z,6,73,1.4,0.0,18.1,0.1,6.6,31.2,0.0,15.0,27.7
2023-06-28T09:00Z,7,333,0.0,0.0,84.5,0.0,0.0,0.0,0.0,5.6,9.9
2023-06-28T09:00Z,8,258,1.5,0.0,65.0,0.0,2.9,12.6,0.0,10.8,7.2
2023-06-28T09:00Z,9,325,2.9,0.0,81.5,0.0,0.4,0.4,0.0,9.2,5.5
2023-06-28T09:00Z,10,241,0.2,0.0,43.3,0.0,15.8,13.1,0.0,17.2,10.5
2023-06-28T09:00Z,11,227,0.0,0.0,57.6,0.0,0.0,0.0,0.0,38.9,3.5
2023-06-28T09:00Z,12,250,0.8,0.0,61.6,0.1,8.7,0.1,0.0,25.8,2.8
2023-06-28T09:00Z,13,223,0.1,0.0,44.0,0.3,28.3,6.1,0.0,13.9,7.4
2023-06-28T09:00Z,14,205,0.0,0.0,44.2,0.6,40.2,0.0,0.0,10.5,4.5
2023-06-28T09:00Z,15,211,2.7,0.0,48.4,0.1,13.9,14.9,0.0,13.1,6.9
2023-06-28T09:00Z,16,57,2.4,0.0,13.8,3.6,0.0,23.6,0.0,5.5,51.1
2023-06-28T09:00Z,17,289,0.0,0.0,73.4,0.0,0.0,0.0,0.0,7.9,18.7
2023-06-28T09:00Z,18,201,2.5,0.0,46.5,0.4,11.7,14.8,0.0,12.0,12.1
2023-06-28T09:30Z,1,0,0.0,0.0,0.0,9.4,0.0,0.0,0.0,0.0,90.6
2023-06-28T09:30Z,2,20,3.1,0.0,4.2,0.5,9.9,40.4,0.0,6.3,35.7
2023-06-28T09:30Z,3,81,2.0,0.0,19.8,0.0,10.8,56.9,0.0,2.6,7.9
2023-06-28T09:30Z,4,1,0.0,0.0,0.0,0.0,49.3,45.2,0.0,3.3,2.2
2023-06-28T09:30Z,5,265,17.4,0.0,61.9,0.0,2.7,2.5,0.0,4.0,11.6
2023-06-28T09:30Z,6,70,1.3,0.0,17.2,0.1,6.2,30.9,0.0,16.4,27.9
2023-06-28T09:30Z,7,331,0.0,0.0,84.0,0.0,0.0,0.0,0.0,6.4,9.6
2023-06-28T09:30Z,8,259,1.4,0.0,65.2,0.0,2.6,12.1,0.0,11.3,7.3
2023-06-28T09:30Z,9,323,2.9,0.0,81.0,0.0,0.5,0.4,0.0,9.8,5.4
2023-06-28T09:30Z,10,239,0.2,0.0,42.3,0.0,16.1,12.9,0.0,18.3,10.2
2023-06-28T09:30Z,11,217,0.0,0.0,55.2,0.0,0.0,0.0,0.0,41.4,3.5
2023-06-28T09:30Z,12,243,0.8,0.0,60.0,0.1,8.2,0.1,0.0,28.1,2.7
2023-06-28T09:30Z,13,223,0.1,0.0,44.2,0.3,26.8,6.0,0.0,15.3,7.3
2023-06-28T09:30Z,14,207,0.0,0.0,45.0,0.6,38.0,0.0,0.0,11.7,4.6
2023-06-28T09:30Z,15,207,2.7,0.0,46.9,0.1,14.2,14.8,0.0,14.3,7.0
2023-06-28T09:30Z,16,54,2.4,0.0,13.0,3.2,0.0,23.4,0.0,5.5,52.6
2023-06-28T09:30Z,17,284,0.0,0.0,72.2,0.0,0.0,0.0,0.0,9.0,18.9
2023-06-28T09:30Z,18,198,2.5,0.0,45.1,0.4,11.9,14.7,0.0,13.1,12.3
2023-06-28T10:00Z,1,0,0.0,0.0,0.0,9.3,0.0,0.0,0.0,0.0,90.7
2023-06-28T10:00Z,2,20,3.0,0.0,4.1,0.6,9.9,38.7,0.0,6.2,37.5
2023-06-28T10:00Z,3,83,1.9,0.0,20.3,0.0,10.7,56.4,0.0,2.8,7.9
2023-06-28T10:00Z,4,1,0.0,0.0,0.0,0.0,49.3,44.9,0.0,3.4,2.4
2023-06-28T10:00Z,5,264,17.4,0.0,61.8,0.0,2.8,2.6,0.0,4.3,11.2
2023-06-28T10:00Z,6,69,1.3,0.0,17.1,0.1,6.0,30.5,0.0,17.4,27.7
2023-06-28T10:00Z,7,325,0.0,0.0,82.4,0.0,0.0,0.0,0.0,7.4,10.2
2023-06-28T10:00Z,8,252,1.5,0.0,63.3,0.0,2.9,12.1,0.0,13.0,7.2
2023-06-28T10:00Z,9,319,3.0,0.0,80.0,0.0,0.5,0.4,0.0,10.6,5.5
2023-06-28T10:00Z,10,242,0.1,0.0,39.6,0.0,19.1,12.8,0.0,18.6,9.8
2023-06-28T10:00Z,11,212,0.0,0.0,53.8,0.0,0.0,0.0,0.0,42.7,3.4
2023-06-28T10:00Z,12,236,0.7,0.0,58.1,0.1,8.3,0.1,0.0,30.1,2.6
2023-06-28T10:00Z,13,225,0.1,0.0,42.9,0.3,28.4,6.0,0.0,15.3,7.0
2023-06-28T10:00Z,14,211,0.0,0.0,45.6,0.5,37.3,0.0,0.0,12.0,4.5
2023-06-28T10:00Z,15,208,2.7,0.0,47.0,0.1,14.1,14.6,0.0,14.8,6.7
2023-06-28T10:00Z,16,52,2.3,0.0,12.5,3.2,0.0,22.6,0.0,5.5,53.8
2023-06-28T10:00Z,17,280,0.0,0.0,71.1,0.0,0.0,0.0,0.0,9.8,19.1
2023-06-28T10:00Z,18,197,2.5,0.0,45.1,0.4,11.8,14.5,0.0,13.6,12.2
2023-06-28T10:30Z,1,0,0.0,0.0,0.0,8.7,0.0,0.0,0.0,0.0,91.3
2023-06-28T10:30Z,2,19,3.0,0.0,3.9,0.6,9.5,37.2,0.0,6.2,39.7
2023-06-28T10:30Z,3,82,1.9,0.0,20.1,0.0,11.0,55.9,0.0,3.0,8.0
2023-06-28T10:30Z,4,1,0.0,0.0,0.0,0.0,49.1,44.7,0.0,3.7,2.5
2023-06-28T10:30Z,5,264,17.4,0.0,61.6,0.0,3.0,2.7,0.0,4.5,10.8
2023-06-28T10:30Z,6,66,1.2,0.0,16.3,0.1,6.1,29.8,0.0,18.3,28.3
2023-06-28T10:30Z,7,321,0.0,0.0,81.5,0.0,0.0,0.0,0.0,8.1,10.3
2023-06-28T10:30Z,8,249,1.5,0.0,62.7,0.0,3.0,12.0,0.0,13.7,7.2
2023-06-28T10:30Z,9,318,3.0,0.0,79.9,0.0,0.5,0.5,0.0,10.9,5.4
2023-06-28T10:30Z,10,240,0.1,0.0,40.0,0.0,18.4,12.8,0.0,18.9,9.8
2023-06-28T10:30Z,11,207,0.0,0.0,52.6,0.0,0.0,0.0,0.0,44.0,3.4
2023-06-28T10:30Z,12,230,0.6,0.0,56.4,0.1,8.3,0.1,0.0,31.9,2.5
2023-06-28T10:30Z,13,223,0.1,0.0,42.8,0.2,28.4,5.9,0.0,15.7,6.8
2023-06-28T10:30Z,14,209,0.0,0.0,44.7,0.5,38.2,0.0,0.0,12.2,4.4
2023-06-28T10:30Z,15,205,2.7,0.0,46.3,0.1,14.5,14.4,0.0,15.5,6.6
2023-06-28T10:30Z,16,47,2.3,0.0,11.3,2.9,0.0,22.1,0.0,5.5,55.9
2023-06-28T10:30Z,17,273,0.0,0.0,69.3,0.0,0.0,0.0,0.0,10.8,19.9
2023-06-28T10:30Z,18,195,2.5,0.0,44.3,0.3,12.2,14.2,0.0,14.2,12.3
2023-06-28T11:00Z,1,0,0.0,0.0,0.0,7.7,0.0,0.0,0.0,0.0,92.3
2023-06-28T11:00Z,2,19,2.9,0.0,3.8,0.6,8.7,36.4,0.0,6.2,41.4
2023-06-28T11:00Z,3,80,1.8,0.0,19.7,0.0,11.0,56.0,0.0,3.1,8.4
2023-06-28T11:00Z,4,1,0.0,0.0,0.0,0.0,49.1,44.4,0.0,3.8,2.8
2023-06-28T11:00Z,5,263,17.4,0.0,61.5,0.0,3.2,2.8,0.0,4.7,10.5
2023-06-28T11:00Z,6,63,1.2,0.0,15.7,0.1,5.9,29.4,0.0,18.7,29.0
2023-06-28T11:00Z,7,318,0.0,0.0,80.7,0.0,0.0,0.0,0.0,8.7,10.6
2023-06-28T11:00Z,8,247,1.4,0.0,62.2,0.0,2.9,11.9,0.0,14.1,7.4
2023-06-28T11:00Z,9,317,2.9,0.0,79.7,0.0,0.5,0.5,0.0,11.1,5.3
2023-06-28T11:00Z,10,240,0.1,0.0,40.4,0.0,18.0,12.8,0.0,18.9,9.7
2023-06-28T11:00Z,11,196,0.0,0.0,49.8,0.0,0.0,0.0,0.0,46.8,3.4
2023-06-28T11:00Z,12,227,0.6,0.0,55.8,0.1,7.8,0.1,0.0,33.3,2.4
2023-06-28T11:00Z,13,225,0.1,0.0,43.5,0.2,28.0,5.8,0.0,15.7,6.7
2023-06-28T11:00Z,14,213,0.0,0.0,45.6,0.4,37.6,0.0,0.0,12.0,4.4
2023-06-28T11:00Z,15,205,2.7,0.0,46.2,0.0,14.4,14.2,0.0,15.9,6.6
2023-06-28T11:00Z,16,47,2.2,0.0,11.3,2.6,0.0,21.5,0.0,5.6,56.7
2023-06-28T11:00Z,17,273,0.0,0.0,69.3,0.0,0.0,0.0,0.0,11.1,19.6
2023-06-28T11:00Z,18,194,2.5,0.0,44.2,0.3,12.1,14.0,0.0,14.6,12.4
2023-06-28T11:30Z,1,0,0.0,0.0,0.0,6.8,0.0,0.0,0.0,0.0,93.2
2023-06-28T11:30Z,2,18,2.8,0.0,3.7,0.5,8.3,35.5,0.0,6.2,42.9
2023-06-28T11:30Z,3,79,1.8,0.0,19.3,0.0,11.2,55.7,0.0,3.3,8.7
2023-06-28T11:30Z,4,1,0.0,0.0,0.0,0.0,49.0,44.3,0.0,3.8,2.9
2023-06-28T11:30Z,5,264,17.0,0.0,61.9,0.0,3.3,2.9,0.0,4.8,10.1
2023-06-28T11:30Z,6,59,1.2,0.0,14.7,0.1,6.0,29.1,0.0,19.1,29.8
2023-06-28T11:30Z,7,316,0.0,0.0,80.3,0.0,0.0,0.0,0.0,8.9,10.8
2023-06-28T11:30Z,8,245,1.4,0.0,61.6,0.0,3.0,12.0,0.0,14.4,7.5
2023-06-28T11:30Z,9,317,2.9,0.0,79.4,0.0,0.6,0.5,0.0,11.4,5.2
2023-06-28T11:30Z,10,240,0.1,0.0,40.2,0.0,18.4,12.8,0.0,18.8,9.6
2023-06-28T11:30Z,11,185,0.0,0.0,47.1,0.0,0.0,0.0,0.0,49.4,3.5
2023-06-28T11:30Z,12,221,0.6,0.0,54.1,0.1,7.8,0.1,0.0,35.0,2.4
2023-06-28T11:30Z,13,223,0.1,0.0,42.9,0.2,28.9,5.8,0.0,15.6,6.6
2023-06-28T11:30Z,14,210,0.0,0.0,44.7,0.4,38.8,0.0,0.0,11.9,4.3
2023-06-28T11:30Z,15,202,2.7,0.0,45.3,0.0,14.8,14.0,0.0,16.5,6.7
2023-06-28T11:30Z,16,44,2.2,0.0,10.4,2.1,0.0,21.3,0.0,5.6,58.3
2023-06-28T11:30Z,17,270,0.0,0.0,68.6,0.0,0.0,0.0,0.0,11.4,20.0
2023-06-28T11:30Z,18,192,2.5,0.0,43.3,0.2,12.4,13.9,0.0,15.1,12.6
2023-06-28T12:00Z,1,0,0.0,0.0,0.0,6.1,0.0,0.0,0.0,0.0,93.9
2023-06-28T12:00Z,2,18,2.8,0.0,3.6,0.5,8.1,34.1,0.0,6.5,44.4
2023-06-28T12:00Z,3,78,1.8,0.0,19.2,0.0,11.2,55.6,0.0,3.5,8.6
2023-06-28T12:00Z,4,1,0.0,0.0,0.0,0.0,48.9,44.2,0.0,4.0,2.9
2023-06-28T12:00Z,5,264,17.1,0.0,61.7,0.0,3.4,3.1,0.0,5.0,9.6
2023-06-28T12:00Z,6,61,1.2,0.0,15.0,0.1,6.0,28.6,0.0,20.0,29.1
2023-06-28T12:00Z,7,317,0.0,0.0,80.5,0.0,0.0,0.0,0.0,8.7,10.8
2023-06-28T12:00Z,8,243,1.4,0.0,61.1,0.0,3.0,12.4,0.0,14.7,7.4
2023-06-28T12:00Z,9,315,3.0,0.0,78.9,0.0,0.6,0.5,0.0,11.9,5.1
2023-06-28T12:00Z,10,239,0.1,0.0,40.2,0.0,17.9,12.7,0.0,18.6,10.5
2023-06-28T12:00Z,11,187,0.0,0.0,47.4,0.0,0.0,0.0,0.0,49.3,3.3
2023-06-28T12:00Z,12,218,0.6,0.0,53.7,0.1,6.4,0.1,0.0,36.7,2.5
2023-06-28T12:00Z,13,226,0.1,0.0,43.9,0.2,26.1,5.7,0.0,16.4,7.5
2023-06-28T12:00Z,14,215,0.0,0.0,46.4,0.4,35.3,0.0,0.0,12.6,5.2
2023-06-28T12:00Z,15,201,2.6,0.0,44.9,0.0,14.5,14.0,0.0,17.0,6.9
2023-06-28T12:00Z,16,41,2.2,0.0,9.6,2.1,0.0,20.9,0.0,5.7,59.4
2023-06-28T12:00Z,17,269,0.0,0.0,68.4,0.0,0.0,0.0,0.0,11.7,19.9
2023-06-28T12:00Z,18,191,2.4,0.0,43.0,0.2,12.1,13.8,0.0,15.6,12.9
2023-06-28T12:30Z,1,0,0.0,0.0,0.0,5.8,0.0,0.0,0.0,0.0,94.2
2023-06-28T12:30Z,2,18,2.7,0.0,3.6,0.6,7.5,32.9,0.0,6.7,46.0
2023-06-28T12:30Z,3,76,1.7,0.0,18.8,0.0,11.3,55.8,0.0,3.7,8.7
2023-06-28T12:30Z,4,1,0.0,0.0,0.0,0.0,48.9,44.1,0.0,4.0,2.9
2023-06-28T12:30Z,5,261,17.2,0.0,60.9,0.0,3.9,3.4,0.0,5.3,9.3
2023-06-28T12:30Z,6,65,1.1,0.0,16.2,0.1,5.8,28.3,0.0,20.2,28.3
2023-06-28T12:30Z,7,319,0.0,0.0,80.8,0.0,0.0,0.0,0.0,8.4,10.7
2023-06-28T12:30Z,8,240,1.4,0.0,60.3,0.0,3.0,12.9,0.0,14.4,7.9
2023-06-28T12:30Z,9,313,3.0,0.0,78.4,0.0,0.7,0.6,0.0,12.2,5.1
2023-06-28T12:30Z,10,235,0.1,0.0,40.3,0.0,16.7,12.7,0.0,18.7,11.4
2023-06-28T12:30Z,11,185,0.0,0.0,47.0,0.0,0.0,0.0,0.0,49.7,3.3
2023-06-28T12:30Z,12,216,0.6,0.0,53.3,0.1,5.8,0.1,0.0,37.5,2.6
2023-06-28T12:30Z,13,225,0.1,0.0,44.2,0.2,24.6,5.8,0.0,16.8,8.4
2023-06-28T12:30Z,14,216,0.0,0.0,46.8,0.4,33.8,0.0,0.0,12.9,6.0
2023-06-28T12:30Z,15,200,2.6,0.0,44.8,0.1,14.0,14.0,0.0,17.4,7.2
2023-06-28T12:30Z,16,38,2.1,0.0,9.0,2.0,0.0,20.5,0.0,5.9,60.5
2023-06-28T12:30Z,17,270,0.0,0.0,68.7,0.0,0.0,0.0,0.0,11.7,19.6
2023-06-28T12:30Z,18,189,2.4,0.0,42.8,0.2,11.7,13.7,0.0,15.9,13.2
2023-06-28T13:00Z,1,0,0.0,0.0,0.0,5.3,0.0,0.0,0.0,0.0,94.7
2023-06-28T13:00Z,2,17,2.7,0.0,3.5,0.6,6.6,31.9,0.0,6.7,48.0
2023-06-28T13:00Z,3,75,1.6,0.0,18.6,0.0,11.1,56.1,0.0,3.7,9.0
2023-06-28T13:00Z,4,1,0.0,0.0,0.0,0.0,48.8,44.1,0.0,4.1,3.0
2023-06-28T13:00Z,5,260,17.3,0.0,60.8,0.0,4.0,3.7,0.0,5.4,8.9
2023-06-28T13:00Z,6,65,1.1,0.0,16.2,0.1,5.7,28.4,0.0,19.8,28.7
2023-06-28T13:00Z,7,316,0.0,0.0,80.2,0.0,0.0,0.0,0.0,8.7,11.1
2023-06-28T13:00Z,8,234,1.5,0.0,58.9,0.0,3.2,13.8,0.0,14.1,8.5
2023-06-28T13:00Z,9,312,3.2,0.0,78.2,0.0,0.8,0.7,0.0,12.1,5.1
2023-06-28T13:00Z,10,232,0.2,0.0,40.8,0.0,15.5,12.5,0.0,18.5,12.6
2023-06-28T13:00Z,11,187,0.0,0.0,47.4,0.0,0.0,0.0,0.0,49.2,3.4
2023-06-28T13:00Z,12,217,0.7,0.0,53.9,0.1,4.7,0.2,0.0,37.7,2.7
2023-06-28T13:00Z,13,226,0.1,0.0,45.4,0.2,21.4,5.8,0.0,17.5,9.6
2023-06-28T13:00Z,14,220,0.0,0.0,48.9,0.4,29.8,0.0,0.0,13.6,7.3
2023-06-28T13:00Z,15,199,2.6,0.0,44.8,0.1,13.3,14.2,0.0,17.4,7.6
2023-06-28T13:00Z,16,35,2.1,0.0,8.3,1.9,0.0,20.3,0.0,5.9,61.6
2023-06-28T13:00Z,17,271,0.0,0.0,68.8,0.0,0.0,0.0,0.0,11.8,19.5
2023-06-28T13:00Z,18,188,2.4,0.0,42.7,0.2,11.2,13.9,0.0,15.9,13.7
2023-06-28T13:30Z,1,0,0.0,0.0,0.0,4.9,0.0,0.0,0.0,0.0,95.1
2023-06-28T13:30Z,2,17,2.6,0.0,3.4,0.6,6.0,30.9,0.0,6.7,49.7
2023-06-28T13:30Z,3,73,1.5,0.0,18.0,0.0,11.1,56.4,0.0,3.6,9.4
2023-06-28T13:30Z,4,1,0.0,0.0,0.0,0.0,48.6,44.2,0.0,4.1,3.0
2023-06-28T13:30Z,5,255,17.8,0.0,59.3,0.0,4.6,4.0,0.0,5.5,8.8
2023-06-28T13:30Z,6,71,1.0,0.0,17.6,0.1,5.5,28.5,0.0,18.6,28.6
2023-06-28T13:30Z,7,316,0.0,0.0,80.2,0.0,0.0,0.0,0.0,8.8,11.0
2023-06-28T13:30Z,8,231,1.4,0.0,58.2,0.0,3.3,14.6,0.0,13.4,9.1
2023-06-28T13:30Z,9,313,3.2,0.0,78.5,0.0,0.8,0.7,0.0,11.6,5.1
2023-06-28T13:30Z,10,231,0.2,0.0,40.8,0.0,15.1,12.4,0.0,17.8,13.8
2023-06-28T13:30Z,11,187,0.0,0.0,47.5,0.0,0.0,0.0,0.0,48.9,3.6
2023-06-28T13:30Z,12,221,0.7,0.0,54.9,0.1,4.1,0.3,0.0,37.0,3.0
2023-06-28T13:30Z,13,228,0.1,0.0,46.3,0.2,19.6,6.0,0.0,17.1,10.7
2023-06-28T13:30Z,14,225,0.0,0.0,51.0,0.5,26.6,0.1,0.0,13.5,8.4
2023-06-28T13:30Z,15,199,2.6,0.0,45.0,0.1,12.7,14.3,0.0,17.1,8.2
2023-06-28T13:30Z,16,34,2.1,0.0,8.0,1.7,0.0,20.1,0.0,5.8,62.4
2023-06-28T13:30Z,17,275,0.0,0.0,69.7,0.0,0.0,0.0,0.0,11.5,18.8
2023-06-28T13:30Z,18,188,2.4,0.0,42.9,0.2,10.7,14.0,0.0,15.6,14.2
2023-06-28T14:00Z,1,0,0.0,0.0,0.0,4.7,0.0,0.0,0.0,0.0,95.3
2023-06-28T14:00Z,2,16,2.5,0.0,3.4,0.6,5.3,29.9,0.0,6.6,51.6
2023-06-28T14:00Z,3,75,1.3,0.0,18.5,0.0,10.9,56.1,0.0,3.5,9.6
2023-06-28T14:00Z,4,1,0.0,0.0,0.0,0.0,48.2,44.7,0.0,4.1,3.0
2023-06-28T14:00Z,5,256,17.8,0.0,59.5,0.0,4.9,4.2,0.0,5.2,8.4
2023-06-28T14:00Z,6,78,1.0,0.0,19.4,0.1,5.4,28.3,0.0,17.3,28.6
2023-06-28T14:00Z,7,315,0.0,0.0,80.0,0.0,0.0,0.0,0.0,9.0,11.0
2023-06-28T14:00Z,8,228,1.5,0.0,57.3,0.0,3.4,15.5,0.0,12.7,9.6
2023-06-28T14:00Z,9,314,3.5,0.0,78.6,0.0,1.0,0.8,0.0,11.0,5.2
2023-06-28T14:00Z,10,224,0.3,0.0,42.4,0.0,12.0,12.6,0.0,17.2,15.5
2023-06-28T14:00Z,11,198,0.0,0.0,50.2,0.0,0.0,0.0,0.0,46.2,3.6
2023-06-28T14:00Z,12,225,0.9,0.0,56.1,0.1,3.7,0.4,0.0,35.8,3.2
2023-06-28T14:00Z,13,227,0.2,0.0,48.1,0.2,16.3,6.1,0.0,17.1,12.1
2023-06-28T14:00Z,14,230,0.0,0.0,52.7,0.4,23.5,0.2,0.0,13.3,9.8
2023-06-28T14:00Z,15,198,2.6,0.0,46.3,0.1,11.2,14.4,0.0,16.5,9.0
2023-06-28T14:00Z,16,31,2.0,0.0,7.2,1.7,0.0,20.0,0.0,5.6,63.5
2023-06-28T14:00Z,17,277,0.0,0.0,70.3,0.0,0.0,0.0,0.0,11.3,18.4
2023-06-28T14:00Z,18,188,2.4,0.0,44.0,0.2,9.4,14.0,0.0,15.1,14.9
2023-06-28T14:30Z,1,0,0.0,0.0,0.0,4.9,0.0,0.0,0.0,0.0,95.1
2023-06-28T14:30Z,2,16,2.5,0.0,3.3,0.7,4.9,29.3,0.0,6.4,52.9
2023-06-28T14:30Z,3,74,1.4,0.0,18.3,0.0,11.2,55.7,0.0,3.4,10.0
2023-06-28T14:30Z,4,1,0.0,0.0,0.0,0.0,48.2,44.8,0.0,4.0,3.0
2023-06-28T14:30Z,5,257,17.8,0.0,59.7,0.0,5.1,4.3,0.0,5.1,8.0
2023-06-28T14:30Z,6,77,1.0,0.0,19.2,0.1,5.6,28.4,0.0,16.6,29.1
2023-06-28T14:30Z,7,315,0.0,0.0,79.9,0.0,0.0,0.0,0.0,9.1,11.1
2023-06-28T14:30Z,8,224,1.5,0.0,56.4,0.0,3.7,16.1,0.0,12.3,9.9
2023-06-28T14:30Z,9,316,3.6,0.0,79.0,0.0,1.0,0.9,0.0,10.4,5.1
2023-06-28T14:30Z,10,223,0.3,0.0,42.4,0.0,11.9,12.4,0.0,16.2,16.8
2023-06-28T14:30Z,11,205,0.0,0.0,52.0,0.0,0.0,0.0,0.0,44.2,3.8
2023-06-28T14:30Z,12,229,0.9,0.0,56.9,0.1,4.0,0.5,0.0,34.1,3.4
2023-06-28T14:30Z,13,227,0.2,0.0,47.9,0.2,15.8,6.2,0.0,16.3,13.3
2023-06-28T14:30Z,14,231,0.0,0.0,52.6,0.5,22.5,0.4,0.0,12.9,11.1
2023-06-28T14:30Z,15,200,2.6,0.0,46.6,0.1,11.1,14.5,0.0,15.7,9.4
2023-06-28T14:30Z,16,27,2.0,0.0,6.3,1.8,0.0,19.9,0.0,5.5,64.6
2023-06-28T14:30Z,17,278,0.0,0.0,70.4,0.0,0.0,0.0,0.0,11.3,18.2
2023-06-28T14:30Z,18,189,2.4,0.0,44.2,0.2,9.3,14.2,0.0,14.4,15.3
2023-06-28T15:00Z,1,0,0.0,0.0,0.0,5.1,0.0,0.0,0.0,0.0,94.9
2023-06-28T15:00Z,2,16,2.5,0.0,3.3,0.7,4.9,29.1,0.0,6.6,52.9
2023-06-28T15:00Z,3,74,1.3,0.0,18.2,0.0,11.0,56.1,0.0,3.5,9.9
2023-06-28T15:00Z,4,1,0.0,0.0,0.0,0.0,47.9,45.0,0.0,4.2,2.8
2023-06-28T15:00Z,5,260,17.3,0.0,60.7,0.0,4.8,4.4,0.0,5.0,7.9
2023-06-28T15:00Z,6,80,1.0,0.0,19.9,0.2,5.4,28.6,0.0,16.5,28.4
2023-06-28T15:00Z,7,317,0.0,0.0,80.5,0.0,0.0,0.0,0.0,8.7,10.8
2023-06-28T15:00Z,8,223,1.6,0.0,56.1,0.0,3.6,16.7,0.0,12.0,9.9
2023-06-28T15:00Z,9,315,3.9,0.0,78.6,0.0,1.1,0.9,0.0,10.4,5.1
2023-06-28T15:00Z,10,213,0.3,0.0,43.2,0.0,9.0,12.7,0.0,16.1,18.7
2023-06-28T15:00Z,11,211,0.0,0.0,53.6,0.0,0.0,0.0,0.0,42.7,3.7
2023-06-28T15:00Z,12,234,1.1,0.0,58.2,0.1,3.6,0.7,0.0,32.7,3.6
2023-06-28T15:00Z,13,224,0.3,0.0,49.0,0.2,13.6,6.2,0.0,16.1,14.7
2023-06-28T15:00Z,14,234,0.0,0.0,53.5,0.5,20.7,0.5,0.0,12.7,12.1
2023-06-28T15:00Z,15,199,2.7,0.0,47.5,0.1,10.0,14.6,0.0,15.3,9.8
2023-06-28T15:00Z,16,28,2.0,0.0,6.6,1.9,0.0,19.8,0.0,5.6,64.1
2023-06-28T15:00Z,17,281,0.0,0.0,71.4,0.0,0.0,0.0,0.0,10.9,17.7
2023-06-28T15:00Z,18,189,2.5,0.0,45.0,0.2,8.4,14.2,0.0,14.1,15.5
2023-06-28T15:30Z,1,0,0.0,0.0,0.0,5.5,0.0,0.0,0.0,0.0,94.5
2023-06-28T15:30Z,2,17,2.5,0.0,3.4,0.8,5.3,28.8,0.0,6.8,52.4
2023-06-28T15:30Z,3,75,1.4,0.0,18.6,0.1,10.9,56.1,0.0,3.5,9.4
2023-06-28T15:30Z,4,1,0.0,0.0,0.0,0.0,47.9,45.2,0.0,4.2,2.6
2023-06-28T15:30Z,5,264,16.9,0.0,61.8,0.0,4.3,4.4,0.0,4.8,7.8
2023-06-28T15:30Z,6,83,1.0,0.0,20.7,0.2,5.5,28.9,0.0,16.4,27.3
2023-06-28T15:30Z,7,321,0.0,0.0,81.6,0.0,0.0,0.0,0.0,7.9,10.5
2023-06-28T15:30Z,8,226,1.6,0.0,56.8,0.0,3.5,17.3,0.0,11.4,9.3
2023-06-28T15:30Z,9,317,3.8,0.0,79.4,0.0,1.0,1.0,0.0,10.0,4.9
2023-06-28T15:30Z,10,211,0.3,0.0,42.8,0.0,9.0,12.6,0.0,15.3,20.0
2023-06-28T15:30Z,11,216,0.0,0.0,54.8,0.0,0.0,0.0,0.0,41.4,3.8
2023-06-28T15:30Z,12,236,1.1,0.0,58.7,0.1,4.4,1.1,0.0,30.8,3.8
2023-06-28T15:30Z,13,219,0.2,0.0,47.4,0.2,14.7,6.5,0.0,15.2,15.8
2023-06-28T15:30Z,14,225,0.0,0.0,50.6,0.5,23.0,0.7,0.0,12.2,12.9
2023-06-28T15:30Z,15,199,2.7,0.0,47.8,0.1,10.0,14.7,0.0,14.6,10.1
2023-06-28T15:30Z,16,29,2.1,0.0,6.6,2.0,0.0,19.7,0.0,5.7,63.9
2023-06-28T15:30Z,17,284,0.0,0.0,72.1,0.0,0.0,0.0,0.0,10.5,17.4
2023-06-28T15:30Z,18,190,2.5,0.0,45.3,0.3,8.4,14.3,0.0,13.5,15.7
