from,regions.regionid,regions.intensity.forecast,biomass,coal,gas,hydro,imports,nuclear,other,solar,wind
2023-05-08T13:30Z,1,0,0.0,0.0,0.0,1.1,0.0,0.0,0.0,0.0,98.9
2023-05-08T13:30Z,2,3,2.1,0.0,0.0,0.2,4.7,40.5,0.0,3.2,49.3
2023-05-08T13:30Z,3,56,2.5,0.0,13.5,0.0,9.2,49.5,0.0,1.1,24.1
2023-05-08T13:30Z,4,1,0.2,0.0,0.0,0.0,62.1,30.6,0.0,2.0,5.1
2023-05-08T13:30Z,5,173,28.8,0.0,35.2,0.0,2.5,1.3,0.0,1.9,30.3
2023-05-08T13:30Z,6,37,1.7,0.0,8.8,2.2,5.5,32.8,0.0,10.6,38.4
2023-05-08T13:30Z,7,356,0.0,0.0,90.3,0.0,0.0,0.0,0.0,3.6,6.1
2023-05-08T13:30Z,8,203,3.2,0.0,50.2,0.0,7.7,13.5,0.0,6.9,18.4
2023-05-08T13:30Z,9,226,7.6,0.0,55.0,0.0,0.7,0.4,0.0,6.7,29.6
2023-05-08T13:30Z,10,199,0.0,0.0,27.9,0.0,27.1,0.0,0.0,10.7,34.3
2023-05-08T13:30Z,11,123,0.5,0.0,29.2,0.0,25.1,0.0,0.0,36.1,9.1
2023-05-08T13:30Z,12,119,1.0,0.0,26.2,0.0,52.5,0.0,0.0,12.7,7.7
2023-05-08T13:30Z,13,120,0.0,0.0,21.6,0.0,58.9,0.0,0.0,5.8,13.7
2023-05-08T13:30Z,14,105,0.0,0.0,20.4,0.0,65.0,0.0,0.0,4.8,9.8
2023-05-08T13:30Z,15,139,5.1,0.0,27.8,0.0,25.6,11.3,0.0,8.2,22.1
2023-05-08T13:30Z,16,29,1.6,0.0,6.8,0.3,0.0,25.0,0.0,2.6,63.7
2023-05-08T13:30Z,17,309,0.0,0.0,78.5,0.4,0.0,0.0,0.0,5.9,15.2
2023-05-08T13:30Z,18,137,4.3,0.0,28.7,0.1,20.8,12.2,0.0,7.3,26.6
2023-05-08T14:00Z,1,0,0.0,0.0,0.0,1.3,0.0,0.0,0.0,0.0,98.7
2023-05-08T14:00Z,2,3,2.2,0.0,0.0,0.2,5.0,42.6,0.0,3.4,46.7
2023-05-08T14:00Z,3,60,2.3,0.0,14.4,0.0,9.1,50.9,0.0,1.2,22.2
2023-05-08T14:00Z,4,1,0.2,0.0,0.0,0.0,62.1,30.6,0.0,2.2,4.9
2023-05-08T14:00Z,5,175,28.5,0.0,35.7,0.0,2.6,1.2,0.0,1.8,30.2
2023-05-08T14:00Z,6,39,1.5,0.0,9.3,2.2,5.4,33.7,0.0,10.2,37.6
2023-05-08T14:00Z,7,356,0.0,0.0,90.3,0.0,0.0,0.0,0.0,3.3,6.4
2023-05-08T14:00Z,8,209,3.2,0.0,51.8,0.0,7.0,13.5,0.0,6.5,18.1
2023-05-08T14:00Z,9,231,7.7,0.0,56.2,0.0,0.7,0.3,0.0,6.2,28.9
2023-05-08T14:00Z,10,199,0.0,0.0,29.0,0.0,25.7,0.0,0.0,9.8,35.4
2023-05-08T14:00Z,11,135,0.5,0.0,32.3,0.0,25.6,0.0,0.0,32.7,8.8
2023-05-08T14:00Z,12,129,1.1,0.0,28.8,0.0,51.0,0.0,0.0,11.5,7.6
2023-05-08T14:00Z,13,121,0.0,0.0,21.7,0.0,57.5,0.0,0.0,5.7,15.0
2023-05-08T14:00Z,14,103,0.0,0.0,20.1,0.1,64.6,0.0,0.0,4.8,10.4
2023-05-08T14:00Z,15,143,5.0,0.0,29.0,0.0,25.3,11.2,0.0,7.6,21.9
2023-05-08T14:00Z,16,35,1.7,0.0,8.3,0.3,0.0,26.1,0.0,2.8,60.8
2023-05-08T14:00Z,17,308,0.0,0.0,78.2,0.0,0.0,0.0,0.0,5.6,16.2
2023-05-08T14:00Z,18,140,4.3,0.0,29.8,0.0,20.7,12.2,0.0,6.9,26.1
2023-05-08T14:30Z,1,0,0.0,0.0,0.0,1.2,0.0,0.0,0.0,0.0,98.8
2023-05-08T14:30Z,2,3,2.3,0.0,0.0,0.2,6.9,44.5,0.0,3.5,42.7
2023-05-08T14:30Z,3,68,2.7,0.0,16.3,0.0,8.7,51.2,0.0,1.2,19.9
2023-05-08T14:30Z,4,1,0.2,0.0,0.0,0.0,62.6,30.3,0.0,2.3,4.6
2023-05-08T14:30Z,5,181,28.1,0.0,37.4,0.0,1.7,1.0,0.0,1.6,30.1
2023-05-08T14:30Z,6,51,1.8,0.0,12.3,1.6,5.5,33.1,0.0,9.7,35.9
2023-05-08T14:30Z,7,357,0.0,0.0,90.6,0.0,0.0,0.0,0.0,2.8,6.6
2023-05-08T14:30Z,8,222,2.8,0.0,55.3,0.0,6.5,13.1,0.0,5.8,16.4
2023-05-08T14:30Z,9,248,6.2,0.0,61.1,0.0,0.4,0.3,0.0,5.4,26.7
2023-05-08T14:30Z,10,203,0.0,0.0,31.2,0.0,24.1,0.0,0.0,8.9,35.8
2023-05-08T14:30Z,11,152,0.5,0.0,36.8,0.0,25.0,0.0,0.0,28.8,8.8
2023-05-08T14:30Z,12,135,1.0,0.0,30.4,0.0,49.9,0.0,0.0,10.6,8.1
2023-05-08T14:30Z,13,131,0.0,0.0,24.4,0.0,53.9,0.0,0.0,5.4,16.3
2023-05-08T14:30Z,14,111,0.0,0.0,22.5,0.1,62.3,0.0,0.0,4.4,10.7
2023-05-08T14:30Z,15,152,4.8,0.0,31.7,0.0,24.5,11.0,0.0,6.8,21.1
2023-05-08T14:30Z,16,47,1.7,0.0,11.5,0.6,0.0,26.5,0.0,2.8,56.9
2023-05-08T14:30Z,17,311,0.0,0.0,78.9,0.2,0.0,0.0,0.0,4.8,16.1
2023-05-08T14:30Z,18,149,4.1,0.0,32.5,0.1,20.1,12.1,0.0,6.2,25.0
2023-05-08T15:00Z,1,0,0.0,0.0,0.0,2.2,0.0,0.0,0.0,0.0,97.8
2023-05-08T15:00Z,2,3,2.4,0.0,0.0,0.2,7.3,45.7,0.0,3.3,41.2
2023-05-08T15:00Z,3,75,2.6,0.0,18.1,0.0,8.5,50.9,0.0,1.2,18.7
2023-05-08T15:00Z,4,1,0.1,0.0,0.0,0.0,63.6,29.8,0.0,2.3,4.2
2023-05-08T15:00Z,5,183,27.6,0.0,37.9,0.0,1.6,1.0,0.0,1.5,30.5
2023-05-08T15:00Z,6,54,1.7,0.0,13.1,1.0,5.5,33.3,0.0,9.4,36.0
2023-05-08T15:00Z,7,358,0.0,0.0,90.9,0.0,0.0,0.0,0.0,2.7,6.4
2023-05-08T15:00Z,8,227,2.9,0.0,56.5,0.0,5.4,13.7,0.0,5.3,16.1
2023-05-08T15:00Z,9,253,6.4,0.0,62.1,0.0,0.4,0.3,0.0,4.7,26.1
2023-05-08T15:00Z,10,198,0.0,0.0,32.7,0.0,20.5,0.0,0.0,8.1,38.7
2023-05-08T15:00Z,11,189,0.5,0.0,46.4,0.0,21.0,0.0,0.0,23.7,8.4
2023-05-08T15:00Z,12,151,1.2,0.0,34.9,0.0,45.5,0.0,0.0,9.8,8.6
2023-05-08T15:00Z,13,139,0.0,0.0,26.7,0.0,49.6,0.0,0.0,5.0,18.6
2023-05-08T15:00Z,14,118,0.0,0.0,24.5,0.1,60.1,0.0,0.0,4.0,11.4
2023-05-08T15:00Z,15,159,4.7,0.0,34.2,0.1,22.6,10.8,0.0,6.1,21.5
2023-05-08T15:00Z,16,52,1.7,0.0,12.7,1.4,0.0,26.3,0.0,2.6,55.2
2023-05-08T15:00Z,17,309,0.0,0.0,78.4,1.5,0.0,0.0,0.0,4.4,15.8
2023-05-08T15:00Z,18,154,4.0,0.0,34.7,0.3,18.5,11.9,0.0,5.6,25.0
2023-05-08T15:30Z,1,0,0.0,0.0,0.0,3.2,0.0,0.0,0.0,0.0,96.8
2023-05-08T15:30Z,2,3,2.5,0.0,0.0,0.2,8.0,46.3,0.0,3.0,39.9
2023-05-08T15:30Z,3,71,2.4,0.0,17.2,0.0,8.6,52.9,0.0,1.1,17.8
2023-05-08T15:30Z,4,1,0.1,0.0,0.0,0.0,64.2,29.7,0.0,2.2,3.9
2023-05-08T15:30Z,5,181,27.4,0.0,37.6,0.0,1.8,0.9,0.0,1.4,31.0
2023-05-08T15:30Z,6,52,1.6,0.0,12.7,2.3,5.6,33.1,0.0,8.9,35.8
2023-05-08T15:30Z,7,359,0.0,0.0,91.1,0.0,0.0,0.0,0.0,2.6,6.4
2023-05-08T15:30Z,8,225,3.1,0.0,56.1,0.1,5.2,14.4,0.0,4.8,16.4
2023-05-08T15:30Z,9,245,7.4,0.0,60.0,0.0,0.5,0.2,0.0,4.2,27.7
2023-05-08T15:30Z,10,191,0.0,0.0,33.9,0.0,17.4,0.0,0.0,7.3,41.4
2023-05-08T15:30Z,11,215,0.6,0.0,53.1,0.0,18.6,0.0,0.0,19.6,8.1
2023-05-08T15:30Z,12,155,1.4,0.0,36.0,0.0,44.6,0.0,0.0,8.9,9.0
2023-05-08T15:30Z,13,141,0.0,0.0,28.3,0.0,46.4,0.0,0.0,4.6,20.6
2023-05-08T15:30Z,14,121,0.0,0.0,26.1,0.1,58.3,0.0,0.0,3.5,12.1
2023-05-08T15:30Z,15,161,4.6,0.0,35.3,0.1,21.8,10.8,0.0,5.4,22.0
2023-05-08T15:30Z,16,57,1.7,0.0,13.8,2.3,0.0,26.3,0.0,2.4,53.4
2023-05-08T15:30Z,17,300,0.0,0.0,76.0,4.5,0.0,0.0,0.0,4.0,15.5
2023-05-08T15:30Z,18,155,4.0,0.0,35.5,0.7,17.8,11.9,0.0,5.0,25.2
2023-05-08T16:00Z,1,0,0.0,0.0,0.0,4.8,0.0,0.0,0.0,0.0,95.2
2023-05-08T16:00Z,2,3,2.5,0.0,0.1,0.3,8.6,47.8,0.0,2.7,38.0
2023-05-08T16:00Z,3,64,2.2,0.0,15.4,0.0,8.5,55.2,0.0,1.0,17.7
2023-05-08T16:00Z,4,1,0.1,0.0,0.0,0.0,64.7,30.0,0.0,1.9,3.4
2023-05-08T16:00Z,5,180,27.2,0.0,37.4,0.0,2.0,0.9,0.0,1.3,31.2
2023-05-08T16:00Z,6,46,1.4,0.0,11.2,4.5,5.4,33.3,0.0,7.9,36.2
2023-05-08T16:00Z,7,360,0.0,0.0,91.5,0.0,0.0,0.0,0.0,2.3,6.3
2023-05-08T16:00Z,8,222,3.2,0.0,55.3,0.2,4.4,15.3,0.0,4.2,17.3
2023-05-08T16:00Z,9,246,7.9,0.0,60.0,0.0,0.6,0.2,0.0,3.5,27.8
2023-05-08T16:00Z,10,179,0.0,0.0,35.7,0.0,12.7,0.0,0.0,6.8,44.8
2023-05-08T16:00Z,11,230,0.7,0.0,57.1,0.0,17.5,0.1,0.0,16.9,7.7
2023-05-08T16:00Z,12,162,1.7,0.0,37.7,0.0,43.1,0.2,0.0,7.7,9.6
2023-05-08T16:00Z,13,137,0.0,0.0,28.2,0.1,44.8,0.0,0.0,4.1,22.8
2023-05-08T16:00Z,14,118,0.0,0.0,24.7,0.1,59.6,0.0,0.0,2.9,12.7
2023-05-08T16:00Z,15,159,4.7,0.0,36.0,0.2,20.6,10.9,0.0,4.8,22.8
2023-05-08T16:00Z,16,56,1.8,0.0,13.7,3.6,0.0,26.3,0.0,2.2,52.4
2023-05-08T16:00Z,17,277,0.0,0.0,70.4,9.8,0.0,0.0,0.0,3.6,16.2
2023-05-08T16:00Z,18,153,4.0,0.0,35.8,1.3,16.8,11.9,0.0,4.4,25.8
2023-05-08T16:30Z,1,0,0.0,0.0,0.0,5.5,0.0,0.0,0.0,0.0,94.5
2023-05-08T16:30Z,2,4,2.6,0.0,0.1,0.3,9.1,49.4,0.0,2.3,36.3
2023-05-08T16:30Z,3,59,2.3,0.0,14.3,0.0,8.9,55.7,0.0,0.9,18.0
2023-05-08T16:30Z,4,1,0.1,0.0,0.0,0.0,65.1,30.2,0.0,1.6,2.9
2023-05-08T16:30Z,5,180,27.0,0.0,37.4,0.0,2.0,1.0,0.0,1.1,31.6
2023-05-08T16:30Z,6,49,1.3,0.0,12.1,7.9,5.0,31.7,0.0,6.7,35.3
2023-05-08T16:30Z,7,362,0.0,0.0,91.8,0.0,0.0,0.0,0.0,2.0,6.2
2023-05-08T16:30Z,8,220,3.3,0.0,54.7,0.4,3.4,16.5,0.0,3.6,18.0
2023-05-08T16:30Z,9,248,8.2,0.0,60.4,0.0,0.6,0.3,0.0,2.9,27.6
2023-05-08T16:30Z,10,171,0.0,0.0,39.2,0.0,6.8,0.0,0.0,6.0,47.9
2023-05-08T16:30Z,11,225,0.9,0.0,55.6,0.0,19.0,0.4,0.0,15.4,8.6
2023-05-08T16:30Z,12,168,2.0,0.0,39.6,0.0,40.8,0.9,0.0,6.3,10.4
2023-05-08T16:30Z,13,138,0.0,0.0,30.5,0.1,40.3,0.0,0.0,3.7,25.4
2023-05-08T16:30Z,14,121,0.0,0.0,25.8,0.1,58.2,0.0,0.0,2.5,13.4
2023-05-08T16:30Z,15,164,4.5,0.0,38.3,0.4,18.9,11.0,0.0,4.1,22.6
2023-05-08T16:30Z,16,59,1.8,0.0,14.3,4.7,0.0,26.5,0.0,1.9,50.8
2023-05-08T16:30Z,17,257,0.0,0.0,65.3,15.8,0.0,0.0,0.0,3.0,15.9
2023-05-08T16:30Z,18,154,3.9,0.0,37.5,2.0,15.4,12.0,0.0,3.7,25.4
2023-05-08T17:00Z,1,0,0.0,0.0,0.0,6.1,0.0,0.1,0.0,0.0,93.8
2023-05-08T17:00Z,2,4,2.6,0.0,0.1,0.2,9.5,50.6,0.0,2.1,34.9
2023-05-08T17:00Z,3,56,2.0,0.0,13.5,0.0,8.8,55.2,0.0,0.7,19.7
2023-05-08T17:00Z,4,1,0.2,0.0,0.0,0.0,65.2,30.3,0.0,1.5,2.8
2023-05-08T17:00Z,5,182,26.5,0.0,38.1,0.0,2.3,1.1,0.0,1.0,31.0
2023-05-08T17:00Z,6,43,1.2,0.0,10.5,10.3,4.9,30.3,0.0,5.5,37.3
2023-05-08T17:00Z,7,364,0.0,0.0,92.3,0.0,0.0,0.0,0.0,1.7,6.0
2023-05-08T17:00Z,8,213,3.3,0.0,53.0,0.9,3.3,17.6,0.0,3.0,19.0
2023-05-08T17:00Z,9,249,8.9,0.0,60.4,0.0,0.8,0.4,0.0,2.4,27.1
2023-05-08T17:00Z,10,178,0.0,0.0,42.3,0.0,4.3,0.0,0.0,4.9,48.5
2023-05-08T17:00Z,11,244,1.3,0.0,60.5,0.1,15.1,0.6,0.0,13.3,9.1
2023-05-08T17:00Z,12,188,2.8,0.0,44.8,0.1,32.7,1.4,0.0,5.6,12.5
2023-05-08T17:00Z,13,147,0.0,0.0,33.5,0.1,35.0,0.0,0.0,3.2,28.2
2023-05-08T17:00Z,14,127,0.0,0.0,27.6,0.1,55.4,0.0,0.0,2.1,14.6
2023-05-08T17:00Z,15,162,4.6,0.0,38.4,0.7,17.8,11.3,0.0,3.5,23.7
2023-05-08T17:00Z,16,65,1.8,0.0,16.1,5.9,0.0,26.6,0.0,1.7,48.0
2023-05-08T17:00Z,17,243,0.0,0.0,61.6,20.0,0.0,0.0,0.0,2.4,16.0
2023-05-08T17:00Z,18,155,3.9,0.0,37.5,2.7,14.5,12.2,0.0,3.2,25.9
2023-05-08T17:30Z,1,0,0.0,0.0,0.0,6.5,0.0,0.4,0.0,0.0,93.1
2023-05-08T17:30Z,2,4,2.8,0.0,0.0,0.1,9.1,51.9,0.0,1.9,34.3
2023-05-08T17:30Z,3,61,1.3,0.0,15.1,0.0,8.6,53.5,0.0,0.6,20.9
2023-05-08T17:30Z,4,1,0.2,0.0,0.0,0.0,65.8,30.0,0.0,1.3,2.7
2023-05-08T17:30Z,5,173,27.3,0.0,35.6,0.0,3.5,1.2,0.0,0.8,31.5
2023-05-08T17:30Z,6,42,0.8,0.0,10.4,13.7,4.5,28.4,0.0,4.2,38.0
2023-05-08T17:30Z,7,366,0.0,0.0,92.8,0.0,0.0,0.0,0.0,1.3,5.9
2023-05-08T17:30Z,8,202,2.9,0.0,50.4,1.4,3.6,19.2,0.0,2.4,20.1
2023-05-08T17:30Z,9,243,10.2,0.0,58.6,0.0,1.3,0.4,0.0,2.0,27.4
2023-05-08T17:30Z,10,177,0.0,0.0,43.1,0.0,1.6,0.0,0.0,3.8,51.5
2023-05-08T17:30Z,11,246,2.2,0.0,61.0,0.1,12.0,0.7,0.0,11.9,12.0
2023-05-08T17:30Z,12,215,4.0,0.0,52.2,0.2,21.6,1.6,0.0,4.7,15.6
2023-05-08T17:30Z,13,162,0.0,0.0,38.4,0.1,25.9,0.0,0.0,2.9,32.7
2023-05-08T17:30Z,14,145,0.0,0.0,33.4,0.2,47.3,0.0,0.0,1.9,17.3
2023-05-08T17:30Z,15,162,4.8,0.0,38.6,0.9,15.6,11.6,0.0,3.0,25.6
2023-05-08T17:30Z,16,68,1.8,0.0,16.8,6.5,0.0,27.3,0.0,1.4,46.1
2023-05-08T17:30Z,17,237,0.0,0.0,60.1,21.9,0.0,0.0,0.0,1.7,16.2
2023-05-08T17:30Z,18,156,4.1,0.0,37.8,3.1,12.7,12.5,0.0,2.7,27.1
2023-05-08T18:00Z,1,0,0.0,0.0,0.0,7.0,0.1,1.0,0.0,0.0,91.9
2023-05-08T18:00Z,2,4,2.9,0.0,0.2,0.0,11.1,53.1,0.0,1.7,31.0
2023-05-08T18:00Z,3,61,1.5,0.0,15.1,0.0,8.9,52.9,0.0,0.5,21.1
2023-05-08T18:00Z,4,1,0.2,0.0,0.0,0.0,66.2,30.3,0.0,1.1,2.3
2023-05-08T18:00Z,5,176,26.8,0.0,36.5,0.0,3.2,1.3,0.0,0.6,31.6
2023-05-08T18:00Z,6,43,0.9,0.0,10.5,15.3,4.5,27.1,0.0,3.4,38.3
2023-05-08T18:00Z,7,367,0.0,0.0,93.2,0.0,0.0,0.0,0.0,1.0,5.8
2023-05-08T18:00Z,8,206,2.9,0.0,51.3,1.6,3.5,19.1,0.0,1.8,19.6
2023-05-08T18:00Z,9,242,10.3,0.0,58.3,0.0,1.2,0.5,0.0,1.7,28.1
2023-05-08T18:00Z,10,183,0.0,0.0,43.7,0.0,2.5,0.0,0.0,2.7,51.2
2023-05-08T18:00Z,11,291,1.3,0.0,72.9,0.1,7.9,0.8,0.0,8.6,8.3
2023-05-08T18:00Z,12,210,4.0,0.0,50.8,0.3,23.5,2.0,0.0,4.0,15.5
2023-05-08T18:00Z,13,178,0.0,0.0,42.3,0.1,21.5,0.0,0.0,2.2,33.9
2023-05-08T18:00Z,14,165,0.0,0.0,39.0,0.2,39.5,0.0,0.0,1.5,19.8
2023-05-08T18:00Z,15,165,4.9,0.0,39.2,1.0,14.7,11.8,0.0,2.3,26.1
2023-05-08T18:00Z,16,77,1.8,0.0,18.9,6.8,0.0,27.6,0.0,1.2,43.7
2023-05-08T18:00Z,17,240,0.0,0.0,60.9,21.6,0.0,0.0,0.0,1.3,16.3
2023-05-08T18:00Z,18,160,4.2,0.0,38.6,3.2,12.0,12.7,0.0,2.1,27.3
2023-05-08T18:30Z,1,0,0.1,0.0,0.0,7.7,0.5,1.8,0.0,0.1,89.8
2023-05-08T18:30Z,2,5,3.0,0.0,0.4,0.0,12.2,54.3,0.0,1.4,28.7
2023-05-08T18:30Z,3,64,1.6,0.0,15.7,0.0,8.9,52.6,0.0,0.3,20.8
2023-05-08T18:30Z,4,1,0.2,0.0,0.0,0.0,66.8,30.3,0.0,0.8,1.9
2023-05-08T18:30Z,5,167,27.5,0.0,34.0,0.0,3.2,1.4,0.0,0.5,33.5
2023-05-08T18:30Z,6,42,0.9,0.0,10.4,16.5,4.5,26.3,0.0,2.5,39.0
2023-05-08T18:30Z,7,368,0.0,0.0,93.5,0.0,0.0,0.0,0.0,0.8,5.7
2023-05-08T18:30Z,8,210,3.0,0.0,52.3,1.7,3.4,18.9,0.0,1.4,19.3
2023-05-08T18:30Z,9,243,9.9,0.0,58.7,0.0,1.1,0.5,0.0,1.3,28.5
2023-05-08T18:30Z,10,190,0.0,0.0,44.4,0.0,3.4,0.0,0.0,1.7,50.5
2023-05-08T18:30Z,11,300,1.2,0.0,75.4,0.1,8.5,0.9,0.0,6.2,7.7
2023-05-08T18:30Z,12,208,3.7,0.0,50.2,0.3,25.9,2.3,0.0,2.9,14.7
2023-05-08T18:30Z,13,181,0.0,0.0,42.9,0.1,21.8,0.0,0.0,1.5,33.7
2023-05-08T18:30Z,14,167,0.0,0.0,39.8,0.2,39.2,0.0,0.0,1.1,19.7
2023-05-08T18:30Z,15,167,4.9,0.0,39.6,1.0,14.5,12.3,0.0,1.6,26.0
2023-05-08T18:30Z,16,79,1.9,0.0,19.4,6.9,0.0,28.7,0.0,1.0,42.0
2023-05-08T18:30Z,17,243,0.0,0.0,61.6,20.8,0.0,0.0,0.0,1.0,16.7
2023-05-08T18:30Z,18,162,4.3,0.0,39.1,3.1,11.9,13.1,0.0,1.5,27.0
2023-05-08T19:00Z,1,1,0.2,0.0,0.1,8.3,0.9,2.8,0.0,0.1,87.7
2023-05-08T19:00Z,2,6,3.0,0.0,0.5,0.0,12.8,55.6,0.0,0.9,27.1
2023-05-08T19:00Z,3,69,1.7,0.0,17.0,0.0,8.8,53.1,0.0,0.2,19.3
2023-05-08T19:00Z,4,1,0.1,0.0,0.0,0.0,67.3,30.4,0.0,0.5,1.7
2023-05-08T19:00Z,5,162,28.6,0.0,32.5,0.0,3.1,1.5,0.0,0.3,34.0
2023-05-08T19:00Z,6,41,0.9,0.0,10.0,16.4,4.6,26.6,0.0,1.6,39.8
2023-05-08T19:00Z,7,370,0.0,0.0,94.0,0.0,0.0,0.0,0.0,0.5,5.6
2023-05-08T19:00Z,8,214,3.2,0.0,53.3,1.6,3.3,18.6,0.0,0.9,19.2
2023-05-08T19:00Z,9,247,9.6,0.0,59.6,0.0,1.1,0.5,0.0,0.8,28.3
2023-05-08T19:00Z,10,197,0.0,0.0,47.5,0.0,2.1,0.0,0.0,0.9,49.5
2023-05-08T19:00Z,11,312,1.0,0.0,78.5,0.1,8.4,0.9,0.0,3.9,7.2
2023-05-08T19:00Z,12,211,3.3,0.0,51.0,0.2,27.2,2.6,0.0,1.8,13.8
2023-05-08T19:00Z,13,177,0.0,0.0,42.3,0.1,24.6,0.0,0.0,0.8,32.2
2023-05-08T19:00Z,14,157,0.0,0.0,36.8,0.1,44.3,0.0,0.0,0.6,18.2
2023-05-08T19:00Z,15,170,5.1,0.0,40.6,0.9,13.3,12.7,0.0,1.0,26.4
2023-05-08T19:00Z,16,91,1.9,0.0,22.4,6.4,0.0,29.1,0.0,0.7,39.4
2023-05-08T19:00Z,17,251,0.0,0.0,63.7,18.2,0.0,0.0,0.0,0.6,17.5
2023-05-08T19:00Z,18,166,4.4,0.0,40.3,2.7,10.9,13.5,0.0,1.0,27.2
2023-05-08T19:30Z,1,1,0.3,0.0,0.1,8.8,1.2,3.8,0.0,0.0,85.9
2023-05-08T19:30Z,2,6,3.1,0.0,0.5,0.0,13.3,56.7,0.0,0.4,26.0
2023-05-08T19:30Z,3,63,2.1,0.0,15.4,0.0,9.6,53.9,0.0,0.1,18.9
2023-05-08T19:30Z,4,1,0.1,0.0,0.0,0.0,68.1,30.1,0.0,0.2,1.4
2023-05-08T19:30Z,5,169,28.2,0.0,34.4,0.0,2.9,1.4,0.0,0.2,32.9
2023-05-08T19:30Z,6,39,1.1,0.0,9.4,15.0,5.0,26.8,0.0,0.9,41.6
2023-05-08T19:30Z,7,372,0.0,0.0,94.5,0.0,0.0,0.0,0.0,0.3,5.2
2023-05-08T19:30Z,8,217,3.4,0.0,53.9,1.5,3.5,18.2,0.0,0.4,19.0
2023-05-08T19:30Z,9,247,10.0,0.0,59.6,0.0,1.0,0.6,0.0,0.4,28.4
2023-05-08T19:30Z,10,193,0.0,0.0,48.3,0.0,0.7,0.0,0.0,0.5,50.6
2023-05-08T19:30Z,11,333,0.9,0.0,84.0,0.0,6.1,0.7,0.0,2.0,6.4
2023-05-08T19:30Z,12,219,3.7,0.0,53.2,0.2,24.8,2.3,0.0,0.9,15.0
2023-05-08T19:30Z,13,178,0.0,0.0,43.5,0.1,21.0,0.0,0.0,0.4,35.1
2023-05-08T19:30Z,14,160,0.0,0.0,37.9,0.1,40.9,0.0,0.0,0.3,20.8
2023-05-08T19:30Z,15,167,5.1,0.0,40.1,0.8,14.3,13.0,0.0,0.5,26.3
2023-05-08T19:30Z,16,97,1.9,0.0,24.0,5.9,0.0,30.1,0.0,0.3,37.7
2023-05-08T19:30Z,17,258,0.0,0.0,65.5,15.6,0.0,0.0,0.0,0.4,18.6
2023-05-08T19:30Z,18,166,4.4,0.0,40.2,2.4,11.8,13.8,0.0,0.5,26.9
2023-05-08T20:00Z,1,1,0.3,0.0,0.1,8.5,1.4,4.5,0.0,0.0,85.3
2023-05-08T20:00Z,2,6,3.1,0.0,0.4,0.0,14.3,57.2,0.0,0.2,24.8
2023-05-08T20:00Z,3,62,2.1,0.0,15.1,0.0,10.6,54.7,0.0,0.1,17.4
2023-05-08T20:00Z,4,1,0.1,0.0,0.0,0.0,67.3,31.2,0.0,0.1,1.3
2023-05-08T20:00Z,5,169,28.9,0.0,34.0,0.0,3.4,1.5,0.0,0.1,32.0
2023-05-08T20:00Z,6,41,1.2,0.0,9.9,12.7,5.8,28.9,0.0,0.4,41.2
2023-05-08T20:00Z,7,373,0.0,0.0,94.8,0.0,0.0,0.0,0.0,0.1,5.1
2023-05-08T20:00Z,8,221,3.4,0.0,55.0,1.2,3.9,18.1,0.0,0.2,18.2
2023-05-08T20:00Z,9,245,11.1,0.0,58.9,0.0,1.3,0.5,0.0,0.2,28.0
2023-05-08T20:00Z,10,182,0.0,0.0,45.9,0.0,0.3,0.0,0.0,0.2,53.6
2023-05-08T20:00Z,11,341,1.0,0.0,86.1,0.0,4.7,0.6,0.0,0.8,6.8
2023-05-08T20:00Z,12,231,4.4,0.0,56.2,0.2,20.9,2.0,0.0,0.3,16.0
2023-05-08T20:00Z,13,177,0.0,0.0,43.4,0.1,19.7,0.0,0.0,0.2,36.7
2023-05-08T20:00Z,14,167,0.1,0.0,39.7,0.1,38.3,0.0,0.0,0.1,21.7
2023-05-08T20:00Z,15,167,5.3,0.0,40.1,0.6,14.7,13.1,0.0,0.2,26.0
2023-05-08T20:00Z,16,91,2.0,0.0,22.6,5.5,0.0,31.0,0.0,0.1,38.7
2023-05-08T20:00Z,17,270,0.0,0.0,68.6,12.9,0.0,0.0,0.0,0.2,18.3
2023-05-08T20:00Z,18,167,4.6,0.0,40.2,1.9,12.2,14.1,0.0,0.2,26.8
2023-05-08T20:30Z,1,1,0.3,0.0,0.1,9.2,1.3,4.8,0.0,0.0,84.3
2023-05-08T20:30Z,2,6,3.2,0.0,0.5,0.0,14.8,58.3,0.0,0.0,23.2
2023-05-08T20:30Z,3,65,2.2,0.0,15.9,0.0,10.9,55.4,0.0,0.0,15.7
2023-05-08T20:30Z,4,1,0.1,0.0,0.0,0.0,67.3,31.6,0.0,0.0,1.1
2023-05-08T20:30Z,5,167,29.5,0.0,33.4,0.0,3.6,1.6,0.0,0.0,31.9
2023-05-08T20:30Z,6,41,1.3,0.0,9.9,10.0,6.2,31.4,0.0,0.0,41.1
2023-05-08T20:30Z,7,374,0.0,0.0,95.0,0.0,0.0,0.0,0.0,0.0,5.0
2023-05-08T20:30Z,8,221,3.7,0.0,55.0,0.9,4.0,18.7,0.0,0.0,17.7
2023-05-08T20:30Z,9,236,12.1,0.0,56.3,0.0,1.5,0.6,0.0,0.0,29.5
2023-05-08T20:30Z,10,174,0.0,0.0,44.3,0.0,0.0,0.0,0.0,0.0,55.7
2023-05-08T20:30Z,11,337,1.1,0.0,84.9,0.0,6.3,0.5,0.0,0.0,7.1
2023-05-08T20:30Z,12,225,4.2,0.0,54.5,0.1,24.1,2.1,0.0,0.0,15.1
2023-05-08T20:30Z,13,165,0.0,0.0,40.3,0.1,24.5,0.0,0.0,0.0,35.1
2023-05-08T20:30Z,14,156,0.0,0.0,36.7,0.1,44.4,0.0,0.0,0.0,18.8
2023-05-08T20:30Z,15,163,5.4,0.0,39.3,0.5,14.7,14.3,0.0,0.0,25.8
2023-05-08T20:30Z,16,97,2.0,0.0,24.1,5.2,0.0,31.7,0.0,0.0,37.0
2023-05-08T20:30Z,17,275,0.0,0.0,69.8,10.8,0.0,0.0,0.0,0.0,19.4
2023-05-08T20:30Z,18,164,4.7,0.0,39.7,1.7,12.2,15.1,0.0,0.0,26.5
2023-05-08T21:00Z,1,1,0.3,0.0,0.1,9.6,1.7,4.9,0.0,0.0,83.4
2023-05-08T21:00Z,2,7,3.3,0.0,0.8,0.0,16.2,57.0,0.0,0.0,22.7
2023-05-08T21:00Z,3,66,2.4,0.0,15.9,0.0,10.9,56.3,0.0,0.0,14.4
2023-05-08T21:00Z,4,1,0.1,0.0,0.0,0.0,67.0,31.9,0.0,0.0,1.0
2023-05-08T21:00Z,5,174,29.2,0.0,35.2,0.0,3.3,1.7,0.0,0.0,30.7
2023-05-08T21:00Z,6,45,1.5,0.0,10.9,7.7,7.0,32.5,0.0,0.0,40.3
2023-05-08T21:00Z,7,375,0.0,0.0,95.1,0.0,0.0,0.0,0.0,0.0,4.9
2023-05-08T21:00Z,8,225,3.9,0.0,55.8,0.7,3.9,19.1,0.0,0.0,16.5
2023-05-08T21:00Z,9,235,12.7,0.0,55.7,0.0,1.4,0.8,0.0,0.0,29.4
2023-05-08T21:00Z,10,163,0.0,0.0,41.5,0.0,0.4,0.0,0.0,0.0,58.1
2023-05-08T21:00Z,11,329,1.3,0.0,82.8,0.0,7.4,0.5,0.0,0.0,8.0
2023-05-08T21:00Z,12,226,4.3,0.0,54.8,0.1,24.2,2.0,0.0,0.0,14.7
2023-05-08T21:00Z,13,162,0.0,0.0,39.4,0.1,25.4,0.0,0.0,0.0,35.2
2023-05-08T21:00Z,14,161,0.0,0.0,37.9,0.1,43.8,0.0,0.0,0.0,18.2
2023-05-08T21:00Z,15,162,6.3,0.0,38.8,0.3,13.4,14.8,0.0,0.0,26.4
2023-05-08T21:00Z,16,104,2.1,0.0,25.8,4.4,0.0,30.8,0.0,0.0,36.9
2023-05-08T21:00Z,17,287,0.0,0.0,72.7,7.8,0.0,0.0,0.0,0.0,19.4
2023-05-08T21:00Z,18,164,5.4,0.0,39.7,1.2,11.1,15.5,0.0,0.0,27.1
2023-05-08T21:30Z,1,0,0.2,0.0,0.0,10.5,1.0,4.8,0.0,0.0,83.3
2023-05-08T21:30Z,2,6,3.3,0.0,0.5,0.0,15.1,58.4,0.0,0.0,22.6
2023-05-08T21:30Z,3,73,1.8,0.0,17.9,0.0,11.0,56.7,0.0,0.0,12.7
2023-05-08T21:30Z,4,1,0.2,0.0,0.0,0.0,66.9,31.8,0.0,0.0,1.1
2023-05-08T21:30Z,5,162,30.6,0.0,31.7,0.0,4.7,1.9,0.0,0.0,31.0
2023-05-08T21:30Z,6,52,1.2,0.0,12.8,7.1,7.1,34.7,0.0,0.0,37.0
2023-05-08T21:30Z,7,375,0.0,0.0,95.2,0.0,0.0,0.0,0.0,0.0,4.8
2023-05-08T21:30Z,8,218,3.8,0.0,54.1,0.7,4.5,20.3,0.0,0.0,16.5
2023-05-08T21:30Z,9,211,15.2,0.0,48.9,0.0,2.3,0.9,0.0,0.0,32.6
2023-05-08T21:30Z,10,151,0.0,0.0,38.3,0.0,0.8,0.0,0.0,0.0,60.9
2023-05-08T21:30Z,11,346,0.9,0.0,87.4,0.0,5.0,0.4,0.0,0.0,6.2
2023-05-08T21:30Z,12,215,4.7,0.0,51.8,0.1,26.4,1.9,0.0,0.0,15.2
2023-05-08T21:30Z,13,152,0.0,0.0,36.9,0.1,26.6,0.0,0.0,0.0,36.4
2023-05-08T21:30Z,14,153,0.0,0.0,35.9,0.2,44.8,0.0,0.0,0.0,19.1
2023-05-08T21:30Z,15,146,6.8,0.0,34.7,0.3,14.7,16.0,0.0,0.0,27.6
2023-05-08T21:30Z,16,103,2.2,0.0,25.4,4.0,0.0,31.7,0.0,0.0,36.7
2023-05-08T21:30Z,17,286,0.0,0.0,72.7,6.8,0.0,0.0,0.0,0.0,20.6
2023-05-08T21:30Z,18,154,5.9,0.0,36.1,1.1,12.1,16.7,0.0,0.0,28.1
2023-05-08T22:00Z,1,0,0.2,0.0,0.0,9.9,0.9,4.4,0.0,0.0,84.5
2023-05-08T22:00Z,2,6,3.5,0.0,0.3,0.0,14.1,59.9,0.0,0.0,22.1
2023-05-08T22:00Z,3,69,2.1,0.0,16.8,0.0,11.1,58.2,0.0,0.0,11.7
2023-05-08T22:00Z,4,1,0.2,0.0,0.0,0.0,65.9,32.8,0.0,0.0,1.1
2023-05-08T22:00Z,5,163,31.8,0.0,31.6,0.0,4.2,2.0,0.0,0.0,30.4
2023-05-08T22:00Z,6,52,1.4,0.0,12.9,6.5,6.9,35.7,0.0,0.0,36.5
2023-05-08T22:00Z,7,373,0.0,0.0,94.7,0.0,0.0,0.0,0.0,0.0,5.3
2023-05-08T22:00Z,8,209,4.5,0.0,51.8,0.7,4.5,21.6,0.0,0.0,16.9
2023-05-08T22:00Z,9,199,17.1,0.0,45.2,0.0,2.3,1.0,0.0,0.0,34.4
2023-05-08T22:00Z,10,127,0.0,0.0,32.1,0.0,3.3,0.0,0.0,0.0,64.6
2023-05-08T22:00Z,11,324,1.2,0.0,81.4,0.0,8.7,0.4,0.0,0.1,8.3
2023-05-08T22:00Z,12,191,4.4,0.0,45.2,0.1,32.6,1.8,0.0,0.0,15.8
2023-05-08T22:00Z,13,140,0.0,0.0,33.5,0.1,33.4,0.0,0.0,0.0,33.0
2023-05-08T22:00Z,14,147,0.0,0.0,34.2,0.2,48.6,0.0,0.0,0.0,17.0
2023-05-08T22:00Z,15,121,7.2,0.0,27.8,0.3,19.3,17.3,0.0,0.0,28.1
2023-05-08T22:00Z,16,105,2.2,0.0,26.0,3.8,0.0,32.2,0.0,0.0,35.7
2023-05-08T22:00Z,17,287,0.0,0.0,72.9,6.5,0.0,0.0,0.0,0.0,20.6
2023-05-08T22:00Z,18,139,6.2,0.0,30.6,1.1,15.9,17.8,0.0,0.0,28.5
2023-05-08T22:30Z,1,0,0.2,0.0,0.0,9.4,0.8,3.8,0.0,0.0,85.7
2023-05-08T22:30Z,2,5,3.7,0.0,0.2,0.0,13.4,61.0,0.0,0.0,21.7
2023-05-08T22:30Z,3,72,2.2,0.0,17.7,0.0,10.6,59.6,0.0,0.0,10.0
2023-05-08T22:30Z,4,1,0.2,0.0,0.0,0.0,64.6,34.2,0.0,0.0,1.1
2023-05-08T22:30Z,5,163,32.9,0.0,31.3,0.0,4.0,2.1,0.0,0.0,29.7
2023-05-08T22:30Z,6,45,1.5,0.0,10.9,7.0,6.9,37.7,0.0,0.0,35.9
2023-05-08T22:30Z,7,367,0.0,0.0,93.2,0.0,0.0,0.0,0.0,0.0,6.8
2023-05-08T22:30Z,8,187,5.6,0.0,45.7,0.9,5.0,23.8,0.0,0.0,18.9
2023-05-08T22:30Z,9,190,18.8,0.0,42.4,0.0,2.3,1.1,0.0,0.0,35.4
2023-05-08T22:30Z,10,123,0.0,0.0,31.0,0.0,2.8,0.0,0.0,0.0,66.1
2023-05-08T22:30Z,11,347,0.7,0.0,87.7,0.0,4.5,0.3,0.0,0.0,6.8
2023-05-08T22:30Z,12,181,5.0,0.0,42.4,0.1,34.2,1.7,0.0,0.0,16.6
2023-05-08T22:30Z,13,133,0.0,0.0,31.7,0.1,33.0,0.0,0.0,0.0,35.2
2023-05-08T22:30Z,14,139,0.0,0.0,32.1,0.2,49.8,0.0,0.0,0.0,17.9
2023-05-08T22:30Z,15,118,7.5,0.0,27.2,0.3,19.2,17.8,0.0,0.0,28.0
2023-05-08T22:30Z,16,100,2.3,0.0,24.8,3.6,0.0,32.7,0.0,0.0,36.6
2023-05-08T22:30Z,17,286,0.0,0.0,72.5,6.6,0.0,0.0,0.0,0.0,20.9
2023-05-08T22:30Z,18,135,6.4,0.0,29.8,1.0,15.8,18.3,0.0,0.0,28.5
2023-05-08T23:00Z,1,0,0.2,0.0,0.0,7.8,0.6,3.5,0.0,0.0,87.9
2023-05-08T23:00Z,2,5,3.8,0.0,0.0,0.0,12.4,62.0,0.0,0.1,21.8
2023-05-08T23:00Z,3,68,2.3,0.0,16.6,0.0,10.9,60.9,0.0,0.0,9.3
2023-05-08T23:00Z,4,1,0.3,0.0,0.0,0.0,64.4,34.1,0.0,0.0,1.1
2023-05-08T23:00Z,5,160,34.4,0.0,30.1,0.0,4.3,2.4,0.0,0.0,28.8
2023-05-08T23:00Z,6,45,1.8,0.0,10.8,6.9,7.6,39.2,0.0,0.0,33.8
2023-05-08T23:00Z,7,366,0.0,0.0,92.8,0.0,0.0,0.0,0.0,0.0,7.2
2023-05-08T23:00Z,8,180,5.9,0.0,43.7,0.9,5.5,25.5,0.0,0.0,18.3
2023-05-08T23:00Z,9,202,18.9,0.0,45.5,0.0,2.4,1.2,0.0,0.0,32.0
2023-05-08T23:00Z,10,122,0.0,0.0,30.9,0.0,1.9,0.0,0.0,0.0,67.2
2023-05-08T23:00Z,11,358,0.5,0.0,90.7,0.0,2.5,0.3,0.0,0.1,6.0
2023-05-08T23:00Z,12,188,6.0,0.0,44.2,0.1,30.7,1.5,0.0,0.1,17.4
2023-05-08T23:00Z,13,139,0.0,0.0,33.7,0.1,29.1,0.0,0.0,0.0,37.0
2023-05-08T23:00Z,14,150,0.0,0.0,35.5,0.2,45.5,0.0,0.0,0.0,18.8
2023-05-08T23:00Z,15,119,7.6,0.0,27.2,0.2,19.2,18.7,0.0,0.0,27.1
2023-05-08T23:00Z,16,99,2.4,0.0,24.4,3.1,0.0,33.5,0.0,0.1,36.6
2023-05-08T23:00Z,17,296,0.0,0.0,75.1,4.8,0.0,0.0,0.0,0.0,20.1
2023-05-08T23:00Z,18,136,6.5,0.0,30.0,0.8,15.8,19.1,0.0,0.0,27.7
2023-05-08T23:30Z,1,0,0.2,0.0,0.0,6.3,0.5,3.1,0.0,0.0,89.9
2023-05-08T23:30Z,2,5,3.8,0.0,0.0,0.0,12.5,61.6,0.0,0.0,22.1
2023-05-08T23:30Z,3,43,2.8,0.0,9.9,0.0,12.3,65.4,0.0,0.0,9.6
2023-05-08T23:30Z,4,2,0.3,0.0,0.0,0.0,63.8,34.8,0.0,0.0,1.1
2023-05-08T23:30Z,5,160,34.8,0.0,29.9,0.0,4.4,2.5,0.0,0.0,28.3
2023-05-08T23:30Z,6,46,2.0,0.0,11.1,5.2,8.1,41.5,0.0,0.0,32.0
2023-05-08T23:30Z,7,366,0.0,0.0,92.9,0.0,0.0,0.0,0.0,0.0,7.1
2023-05-08T23:30Z,8,178,6.1,0.0,43.3,0.7,5.7,26.7,0.0,0.0,17.5
2023-05-08T23:30Z,9,209,18.3,0.0,47.5,0.0,2.3,1.4,0.0,0.0,30.5
2023-05-08T23:30Z,10,126,1.2,0.0,31.6,0.0,2.0,0.0,0.0,0.0,65.2
2023-05-08T23:30Z,11,329,1.1,0.0,82.6,0.0,7.2,0.3,0.0,0.0,8.7
2023-05-08T23:30Z,12,184,5.4,0.0,43.1,0.1,34.4,1.4,0.0,0.0,15.6
2023-05-08T23:30Z,13,137,0.5,0.0,32.7,0.1,29.9,0.0,0.0,0.0,36.8
2023-05-08T23:30Z,14,144,0.0,0.0,33.4,0.2,47.4,0.0,0.0,0.0,19.0
2023-05-08T23:30Z,15,126,7.7,0.0,29.2,0.1,18.5,18.9,0.0,0.0,25.6
2023-05-08T23:30Z,16,99,2.5,0.0,24.4,2.3,0.0,34.2,0.0,0.0,36.7
2023-05-08T23:30Z,17,308,0.0,0.0,78.3,2.7,0.0,0.0,0.0,0.0,19.0
2023-05-08T23:30Z,18,137,6.6,0.0,31.7,0.5,15.3,19.4,0.0,0.0,26.4
2023-05-09T00:00Z,1,0,0.2,0.0,0.0,4.8,0.8,2.7,0.0,0.0,91.5
2023-05-09T00:00Z,2,5,3.8,0.0,0.0,0.0,12.9,61.4,0.0,0.1,21.8
2023-05-09T00:00Z,3,38,2.5,0.0,8.9,0.0,12.7,67.3,0.0,0.0,8.6
2023-05-09T00:00Z,4,2,0.3,0.0,0.0,0.0,64.4,34.2,0.0,0.0,1.1
2023-05-09T00:00Z,5,163,34.9,0.0,30.6,0.0,5.1,2.7,0.0,0.0,26.6
2023-05-09T00:00Z,6,52,1.8,0.0,12.6,3.2,8.1,43.4,0.0,0.0,30.9
2023-05-09T00:00Z,7,368,0.0,0.0,93.4,0.0,0.0,0.0,0.0,0.0,6.5
2023-05-09T00:00Z,8,187,5.4,0.0,45.9,0.4,5.5,27.4,0.0,0.0,15.4
2023-05-09T00:00Z,9,213,18.4,0.0,48.6,0.0,2.7,1.5,0.0,0.0,28.8
2023-05-09T00:00Z,10,120,0.9,0.0,29.8,0.0,4.0,0.1,0.0,0.0,65.2
2023-05-09T00:00Z,11,312,1.4,0.0,78.0,0.0,10.9,0.3,0.0,0.0,9.3
2023-05-09T00:00Z,12,187,4.7,0.0,43.9,0.1,36.0,1.3,0.0,0.0,14.1
2023-05-09T00:00Z,13,133,0.3,0.0,31.3,0.2,35.5,0.0,0.0,0.0,32.7
2023-05-09T00:00Z,14,139,0.0,0.0,32.1,0.2,50.7,0.0,0.0,0.0,16.9
2023-05-09T00:00Z,15,121,8.0,0.0,27.7,0.1,20.1,19.3,0.0,0.0,24.8
2023-05-09T00:00Z,16,109,2.4,0.0,26.9,1.6,0.0,33.8,0.0,0.0,35.3
2023-05-09T00:00Z,17,317,0.0,0.0,80.4,0.5,0.0,0.0,0.0,0.1,19.0
2023-05-09T00:00Z,18,136,6.9,0.0,30.9,0.3,16.6,19.7,0.0,0.0,25.6
2023-05-09T00:30Z,1,0,0.1,0.0,0.0,4.1,0.2,2.5,0.0,0.0,93.1
2023-05-09T00:30Z,2,5,3.9,0.0,0.0,0.0,12.8,61.3,0.0,0.0,22.0
2023-05-09T00:30Z,3,31,1.9,0.0,7.3,0.0,13.1,70.2,0.0,0.0,7.5
2023-05-09T00:30Z,4,2,0.3,0.0,0.0,0.0,64.6,34.1,0.0,0.0,1.1
2023-05-09T00:30Z,5,161,35.8,0.0,30.0,0.0,6.5,2.9,0.0,0.0,24.8
2023-05-09T00:30Z,6,45,1.6,0.0,10.8,1.9,8.9,45.9,0.0,0.0,31.0
2023-05-09T00:30Z,7,368,0.0,0.0,93.3,0.0,0.0,0.0,0.0,0.0,6.7
2023-05-09T00:30Z,8,183,5.1,0.0,44.9,0.2,6.1,29.1,0.0,0.0,14.5
2023-05-09T00:30Z,9,213,19.5,0.0,48.1,0.0,3.5,1.6,0.0,0.0,27.2
2023-05-09T00:30Z,10,124,1.3,0.0,30.9,0.0,4.2,0.1,0.0,0.0,63.5
2023-05-09T00:30Z,11,315,1.5,0.0,78.9,0.0,10.4,0.2,0.0,0.0,9.0
2023-05-09T00:30Z,12,197,4.8,0.0,46.5,0.1,34.7,1.1,0.0,0.0,12.8
2023-05-09T00:30Z,13,136,0.4,0.0,32.2,0.2,35.7,0.0,0.0,0.0,31.5
2023-05-09T00:30Z,14,142,0.0,0.0,32.8,0.2,50.3,0.0,0.0,0.0,16.7
2023-05-09T00:30Z,15,120,8.0,0.0,27.3,0.0,22.0,19.5,0.0,0.0,23.2
2023-05-09T00:30Z,16,113,2.3,0.0,28.0,1.5,0.0,33.0,0.0,0.0,35.1
2023-05-09T00:30Z,17,318,0.0,0.0,80.8,0.1,0.0,0.0,0.0,0.0,19.1
2023-05-09T00:30Z,18,137,6.9,0.0,30.8,0.2,18.1,19.8,0.0,0.0,24.2
2023-05-09T01:00Z,1,0,0.1,0.0,0.0,4.8,0.3,2.9,0.0,0.0,91.9
2023-05-09T01:00Z,2,5,4.0,0.0,0.0,0.0,12.3,61.8,0.0,0.0,21.9
2023-05-09T01:00Z,3,21,1.7,0.0,4.9,0.0,12.4,73.6,0.0,0.0,7.4
2023-05-09T01:00Z,4,1,0.3,0.0,0.0,0.0,64.5,34.2,0.0,0.0,1.0
2023-05-09T01:00Z,5,165,36.1,0.0,31.0,0.0,6.4,3.2,0.0,0.0,23.4
2023-05-09T01:00Z,6,40,1.5,0.0,9.6,2.5,8.2,46.9,0.0,0.0,31.2
2023-05-09T01:00Z,7,368,0.0,0.0,93.5,0.0,0.0,0.0,0.0,0.0,6.5
2023-05-09T01:00Z,8,177,5.3,0.0,43.2,0.3,6.1,30.3,0.0,0.0,14.7
2023-05-09T01:00Z,9,205,21.5,0.0,45.4,0.0,3.8,1.8,0.0,0.1,27.4
2023-05-09T01:00Z,10,121,0.7,0.0,30.0,0.0,6.7,0.1,0.0,0.1,62.6
2023-05-09T01:00Z,11,305,1.3,0.0,76.3,0.0,13.6,0.2,0.0,0.0,8.5
2023-05-09T01:00Z,12,180,3.9,0.0,42.1,0.1,42.4,0.9,0.0,0.0,10.6
2023-05-09T01:00Z,13,130,0.2,0.0,30.1,0.2,42.7,0.0,0.0,0.0,26.8
2023-05-09T01:00Z,14,133,0.0,0.0,30.2,0.2,54.7,0.0,0.0,0.0,14.9
2023-05-09T01:00Z,15,123,8.1,0.0,28.0,0.1,22.8,19.4,0.0,0.0,21.7
2023-05-09T01:00Z,16,110,2.4,0.0,27.2,1.8,0.0,32.6,0.0,0.0,36.1
2023-05-09T01:00Z,17,318,0.0,0.0,80.7,1.4,0.0,0.0,0.0,0.0,17.9
2023-05-09T01:00Z,18,135,6.9,0.0,31.3,0.4,18.7,19.6,0.0,0.0,23.0
2023-05-09T01:30Z,1,0,0.2,0.0,0.0,4.5,0.7,3.3,0.0,0.0,91.2
2023-05-09T01:30Z,2,5,4.2,0.0,0.0,0.0,12.8,60.9,0.0,0.0,22.1
2023-05-09T01:30Z,3,20,1.6,0.0,4.4,0.0,11.2,75.6,0.0,0.0,7.1
2023-05-09T01:30Z,4,2,0.3,0.0,0.0,0.0,64.8,33.8,0.0,0.0,1.1
2023-05-09T01:30Z,5,168,37.8,0.0,31.1,0.0,5.9,3.4,0.0,0.0,21.8
2023-05-09T01:30Z,6,42,1.4,0.0,10.1,2.6,7.4,47.2,0.0,0.0,31.3
2023-05-09T01:30Z,7,368,0.0,0.0,93.4,0.0,0.0,0.0,0.0,0.0,6.6
2023-05-09T01:30Z,8,167,5.5,0.0,40.5,0.3,7.5,32.2,0.0,0.0,14.0
2023-05-09T01:30Z,9,198,23.5,0.0,43.1,0.0,3.8,2.1,0.0,0.0,27.5
2023-05-09T01:30Z,10,124,0.0,0.0,30.9,0.0,9.2,0.1,0.0,0.0,59.8
2023-05-09T01:30Z,11,310,0.7,0.0,77.7,0.0,13.8,0.2,0.0,0.0,7.6
2023-05-09T01:30Z,12,176,2.6,0.0,41.2,0.1,47.7,0.7,0.0,0.0,7.8
2023-05-09T01:30Z,13,126,0.0,0.0,29.0,0.2,49.2,0.0,0.0,0.0,21.6
2023-05-09T01:30Z,14,127,0.0,0.0,28.6,0.2,58.2,0.0,0.0,0.0,13.0
2023-05-09T01:30Z,15,121,8.1,0.0,27.3,0.1,25.3,19.6,0.0,0.0,19.6
2023-05-09T01:30Z,16,121,2.4,0.0,30.0,1.8,0.0,30.6,0.0,0.0,35.2
2023-05-09T01:30Z,17,318,0.0,0.0,80.7,2.0,0.0,0.0,0.0,0.0,17.3
2023-05-09T01:30Z,18,133,6.9,0.0,31.1,0.4,20.7,19.6,0.0,0.0,21.3
2023-05-09T02:00Z,1,0,0.3,0.0,0.0,5.5,1.2,4.0,0.0,0.0,89.0
2023-05-09T02:00Z,2,5,3.9,0.0,0.0,0.0,14.1,60.8,0.0,0.0,21.1
2023-05-09T02:00Z,3,16,1.1,0.0,3.6,0.0,12.7,76.2,0.0,0.0,6.4
2023-05-09T02:00Z,4,2,0.3,0.0,0.0,0.0,65.8,33.1,0.0,0.0,0.9
2023-05-09T02:00Z,5,166,38.1,0.0,30.4,0.0,7.9,3.8,0.0,0.0,19.8
2023-05-09T02:00Z,6,46,1.1,0.0,11.4,2.4,8.4,47.2,0.0,0.0,29.5
2023-05-09T02:00Z,7,368,0.0,0.0,93.5,0.0,0.0,0.0,0.0,0.0,6.5
2023-05-09T02:00Z,8,161,5.2,0.0,39.2,0.3,8.3,33.6,0.0,0.0,13.4
2023-05-09T02:00Z,9,203,24.1,0.0,44.1,0.0,5.0,2.4,0.0,0.0,24.4
2023-05-09T02:00Z,10,132,0.7,0.0,32.7,0.0,9.8,0.1,0.0,0.0,56.6
2023-05-09T02:00Z,11,285,1.1,0.0,70.9,0.0,19.5,0.2,0.0,0.0,8.2
2023-05-09T02:00Z,12,169,2.9,0.0,39.2,0.1,50.2,0.7,0.0,0.0,7.0
2023-05-09T02:00Z,13,126,0.1,0.0,28.9,0.2,50.7,0.0,0.0,0.0,20.1
2023-05-09T02:00Z,14,125,0.0,0.0,28.1,0.2,59.6,0.0,0.0,0.0,12.1
2023-05-09T02:00Z,15,119,7.9,0.0,26.6,0.1,28.0,19.7,0.0,0.0,17.7
2023-05-09T02:00Z,16,127,2.4,0.0,31.4,1.7,0.0,29.7,0.0,0.0,34.8
2023-05-09T02:00Z,17,321,0.0,0.0,81.5,2.2,0.0,0.0,0.0,0.0,16.4
2023-05-09T02:00Z,18,132,6.7,0.0,30.8,0.4,22.8,19.5,0.0,0.0,19.7
2023-05-09T02:30Z,1,0,0.3,0.0,0.0,5.4,1.3,5.2,0.0,0.0,87.8
2023-05-09T02:30Z,2,5,3.9,0.0,0.0,0.0,15.6,60.0,0.0,0.0,20.5
2023-05-09T02:30Z,3,12,0.3,0.0,2.9,0.0,13.5,77.8,0.0,0.0,5.5
2023-05-09T02:30Z,4,1,0.2,0.0,0.0,0.0,66.9,32.1,0.0,0.0,0.8
2023-05-09T02:30Z,5,163,38.6,0.0,29.6,0.0,10.1,4.2,0.0,0.0,17.6
2023-05-09T02:30Z,6,51,0.8,0.0,12.8,1.7,9.2,47.3,0.0,0.0,28.3
2023-05-09T02:30Z,7,370,0.0,0.0,93.8,0.0,0.0,0.0,0.0,0.0,6.2
2023-05-09T02:30Z,8,164,4.2,0.0,40.2,0.3,7.8,35.0,0.0,0.0,12.4
2023-05-09T02:30Z,9,192,26.4,0.0,40.8,0.0,6.9,2.7,0.0,0.0,23.2
2023-05-09T02:30Z,10,127,2.3,0.0,30.7,0.0,11.7,0.2,0.0,0.0,55.1
2023-05-09T02:30Z,11,277,1.4,0.0,68.7,0.0,21.1,0.3,0.0,0.0,8.4
2023-05-09T02:30Z,12,169,3.4,0.0,39.2,0.0,50.4,0.7,0.0,0.0,6.3
2023-05-09T02:30Z,13,128,0.3,0.0,28.9,0.1,53.4,0.0,0.0,0.0,17.2
2023-05-09T02:30Z,14,128,0.0,0.0,28.7,0.2,60.5,0.0,0.0,0.0,10.7
2023-05-09T02:30Z,15,120,7.9,0.0,26.8,0.1,28.6,19.8,0.0,0.0,16.8
2023-05-09T02:30Z,16,142,2.3,0.0,35.3,1.5,0.0,28.7,0.0,0.0,32.2
2023-05-09T02:30Z,17,329,0.0,0.0,83.4,1.0,0.0,0.0,0.0,0.0,15.6
2023-05-09T02:30Z,18,133,6.7,0.0,31.6,0.3,23.2,19.6,0.0,0.0,18.6
2023-05-09T03:00Z,1,1,0.5,0.0,0.0,6.2,2.1,6.7,0.0,0.0,84.4
2023-05-09T03:00Z,2,5,4.0,0.0,0.0,0.0,15.9,59.9,0.0,0.0,20.2
2023-05-09T03:00Z,3,12,0.3,0.0,3.0,0.0,13.4,78.6,0.0,0.0,4.7
2023-05-09T03:00Z,4,1,0.2,0.0,0.0,0.0,67.5,31.5,0.0,0.0,0.8
2023-05-09T03:00Z,5,168,39.8,0.0,30.5,0.0,10.0,4.4,0.0,0.0,15.4
2023-05-09T03:00Z,6,64,0.7,0.0,16.1,1.5,8.6,47.0,0.0,0.0,26.2
2023-05-09T03:00Z,7,375,0.0,0.0,95.2,0.0,0.0,0.0,0.0,0.0,4.8
2023-05-09T03:00Z,8,193,3.2,0.0,48.1,0.2,6.2,33.0,0.0,0.0,9.3
2023-05-09T03:00Z,9,201,26.9,0.0,42.8,0.0,6.7,2.9,0.0,0.0,20.6
2023-05-09T03:00Z,10,141,2.6,0.0,34.4,0.0,12.6,0.2,0.0,0.0,50.2
2023-05-09T03:00Z,11,283,1.2,0.0,70.4,0.0,20.4,0.3,0.0,0.1,7.5
2023-05-09T03:00Z,12,166,3.2,0.0,38.2,0.0,52.4,0.8,0.0,0.0,5.4
2023-05-09T03:00Z,13,139,0.3,0.0,31.9,0.1,53.5,0.0,0.0,0.0,14.1
2023-05-09T03:00Z,14,139,0.0,0.0,31.6,0.1,59.1,0.0,0.0,0.0,9.1
2023-05-09T03:00Z,15,128,8.0,0.0,28.8,0.1,28.9,19.6,0.0,0.0,14.7
2023-05-09T03:00Z,16,146,2.4,0.0,36.4,1.7,0.0,28.1,0.0,0.0,31.4
2023-05-09T03:00Z,17,334,0.0,0.0,84.7,0.6,0.0,0.0,0.0,0.0,14.7
2023-05-09T03:00Z,18,141,6.8,0.0,33.4,0.3,23.5,19.3,0.0,0.0,16.6
2023-05-09T03:30Z,1,1,0.5,0.0,0.0,6.9,2.0,8.3,0.0,0.0,82.2
2023-05-09T03:30Z,2,5,4.2,0.0,0.0,0.0,15.7,59.9,0.0,0.0,20.2
2023-05-09T03:30Z,3,11,0.1,0.0,2.7,0.0,13.5,79.6,0.0,0.0,4.1
2023-05-09T03:30Z,4,1,0.2,0.0,0.0,0.0,68.4,30.6,0.0,0.0,0.7
2023-05-09T03:30Z,5,168,40.9,0.0,30.1,0.0,10.8,4.6,0.0,0.0,13.7
2023-05-09T03:30Z,6,62,0.6,0.0,15.4,1.8,9.1,47.9,0.0,0.0,25.2
2023-05-09T03:30Z,7,376,0.0,0.0,95.5,0.0,0.0,0.0,0.0,0.0,4.5
2023-05-09T03:30Z,8,198,2.8,0.0,49.4,0.2,6.3,32.8,0.0,0.0,8.5
2023-05-09T03:30Z,9,203,27.9,0.0,42.9,0.0,7.4,2.9,0.0,0.0,18.9
2023-05-09T03:30Z,10,160,2.7,0.0,38.9,0.0,12.9,0.3,0.0,0.0,45.2
2023-05-09T03:30Z,11,255,2.1,0.0,62.7,0.0,26.1,0.5,0.0,0.0,8.7
2023-05-09T03:30Z,12,173,4.0,0.0,40.0,0.0,49.2,1.0,0.0,0.0,5.7
2023-05-09T03:30Z,13,139,0.3,0.0,31.7,0.1,54.9,0.1,0.0,0.0,12.9
2023-05-09T03:30Z,14,136,0.0,0.0,30.7,0.1,61.0,0.0,0.0,0.0,8.1
2023-05-09T03:30Z,15,132,8.1,0.0,29.8,0.1,29.2,19.5,0.0,0.0,13.4
2023-05-09T03:30Z,16,151,2.4,0.0,37.6,2.0,0.0,27.4,0.0,0.0,30.5
2023-05-09T03:30Z,17,340,0.0,0.0,86.2,1.0,0.0,0.0,0.0,0.0,12.8
2023-05-09T03:30Z,18,144,6.9,0.0,34.5,0.4,23.7,19.1,0.0,0.0,15.4
2023-05-09T04:00Z,1,1,0.7,0.0,0.0,7.2,2.7,10.7,0.0,0.0,78.6
2023-05-09T04:00Z,2,5,3.9,0.0,0.0,0.0,15.7,60.7,0.0,0.2,19.5
2023-05-09T04:00Z,3,9,0.0,0.0,2.2,0.0,13.4,80.5,0.0,0.1,3.8
2023-05-09T04:00Z,4,1,0.2,0.0,0.0,0.0,68.2,30.7,0.0,0.1,0.8
2023-05-09T04:00Z,5,164,42.1,0.0,28.8,0.0,11.2,4.4,0.0,0.1,13.3
2023-05-09T04:00Z,6,59,0.6,0.0,14.7,3.5,8.8,47.4,0.0,0.3,24.7
2023-05-09T04:00Z,7,376,0.0,0.0,95.5,0.0,0.0,0.0,0.0,0.0,4.4
2023-05-09T04:00Z,8,209,2.6,0.0,52.2,0.4,6.1,30.4,0.0,0.2,8.1
2023-05-09T04:00Z,9,205,28.0,0.0,43.6,0.0,7.5,2.6,0.0,0.4,17.9
2023-05-09T04:00Z,10,161,3.3,0.0,39.1,0.0,14.7,0.3,0.0,0.5,42.1
2023-05-09T04:00Z,11,292,0.9,0.0,72.7,0.0,18.7,0.4,0.0,0.4,6.8
2023-05-09T04:00Z,12,158,2.8,0.0,36.3,0.0,55.4,1.0,0.0,0.4,4.1
2023-05-09T04:00Z,13,137,0.3,0.0,31.0,0.1,58.2,0.1,0.0,0.2,10.1
2023-05-09T04:00Z,14,134,0.0,0.0,30.2,0.1,62.1,0.0,0.0,0.1,7.4
2023-05-09T04:00Z,15,132,8.2,0.0,29.7,0.1,30.1,19.3,0.0,0.2,12.3
2023-05-09T04:00Z,16,157,2.3,0.0,39.2,2.2,0.0,27.1,0.0,0.1,29.1
2023-05-09T04:00Z,17,337,0.0,0.0,85.6,1.7,0.0,0.0,0.0,0.1,12.6
2023-05-09T04:00Z,18,144,6.9,0.0,34.5,0.5,24.5,19.0,0.0,0.2,14.3
2023-05-09T04:30Z,1,1,0.9,0.0,0.0,8.3,3.9,13.7,0.0,0.1,73.1
2023-05-09T04:30Z,2,5,3.8,0.0,0.1,0.0,17.3,60.3,0.0,0.3,18.2
2023-05-09T04:30Z,3,11,0.8,0.0,2.5,0.0,13.2,79.8,0.0,0.1,3.6
2023-05-09T04:30Z,4,1,0.1,0.0,0.0,0.0,68.3,30.7,0.0,0.2,0.8
2023-05-09T04:30Z,5,180,41.9,0.0,33.0,0.0,9.1,3.7,0.0,0.2,12.1
2023-05-09T04:30Z,6,70,0.8,0.0,17.5,5.0,8.0,45.2,0.0,0.8,22.7
2023-05-09T04:30Z,7,378,0.0,0.0,95.9,0.0,0.0,0.0,0.0,0.1,4.0
2023-05-09T04:30Z,8,234,2.8,0.0,58.5,0.4,4.9,26.1,0.0,0.4,6.7
2023-05-09T04:30Z,9,268,19.2,0.0,62.2,0.0,4.1,2.1,0.0,0.8,11.6
2023-05-09T04:30Z,10,193,4.7,0.0,46.8,0.0,12.4,0.3,0.0,1.2,34.7
2023-05-09T04:30Z,11,298,1.2,0.0,74.3,0.0,16.2,0.4,0.0,1.8,6.1
2023-05-09T04:30Z,12,184,3.5,0.0,43.0,0.1,47.4,0.9,0.0,1.1,4.0
2023-05-09T04:30Z,13,145,0.8,0.0,33.1,0.1,55.7,0.1,0.0,0.4,9.8
2023-05-09T04:30Z,14,135,0.0,0.0,30.4,0.2,62.6,0.0,0.0,0.2,6.5
2023-05-09T04:30Z,15,154,7.6,0.0,35.5,0.1,27.9,18.2,0.0,0.6,10.0
2023-05-09T04:30Z,16,169,2.3,0.0,42.3,2.2,0.0,25.8,0.0,0.2,27.2
2023-05-09T04:30Z,17,337,0.0,0.0,85.6,2.4,0.0,0.0,0.0,0.2,11.8
2023-05-09T04:30Z,18,163,6.5,0.0,39.5,0.5,22.8,17.9,0.0,0.5,12.2
2023-05-09T05:00Z,1,2,1.1,0.0,0.1,16.7,5.8,15.5,0.0,0.3,60.6
2023-05-09T05:00Z,2,6,3.7,0.0,0.3,0.0,19.1,59.5,0.0,0.9,16.4
2023-05-09T05:00Z,3,19,2.8,0.0,4.0,0.0,13.2,75.7,0.0,0.3,4.0
2023-05-09T05:00Z,4,1,0.1,0.0,0.0,0.0,68.8,29.8,0.0,0.4,0.8
2023-05-09T05:00Z,5,196,41.9,0.0,36.9,0.0,6.1,2.9,0.0,0.5,11.7
2023-05-09T05:00Z,6,87,1.5,0.0,21.7,5.3,7.2,41.1,0.0,1.8,21.4
2023-05-09T05:00Z,7,378,0.0,0.0,95.9,0.0,0.0,0.0,0.0,0.3,3.8
2023-05-09T05:00Z,8,259,3.4,0.0,64.7,0.2,4.2,21.1,0.0,1.0,5.4
2023-05-09T05:00Z,9,307,12.7,0.0,74.0,0.0,1.9,1.6,0.0,1.4,8.5
2023-05-09T05:00Z,10,228,3.0,0.0,56.2,0.0,10.4,0.2,0.0,2.0,28.1
2023-05-09T05:00Z,11,295,0.7,0.0,73.9,0.0,15.6,0.3,0.0,4.2,5.3
2023-05-09T05:00Z,12,186,2.2,0.0,44.0,0.1,48.1,0.8,0.0,2.1,2.8
2023-05-09T05:00Z,13,166,0.5,0.0,38.9,0.2,51.1,0.0,0.0,0.8,8.4
2023-05-09T05:00Z,14,155,0.0,0.0,35.7,0.3,57.9,0.0,0.0,0.5,5.6
2023-05-09T05:00Z,15,178,6.8,0.0,42.1,0.1,25.0,16.4,0.0,1.1,8.4
2023-05-09T05:00Z,16,173,2.2,0.0,43.2,3.6,0.0,25.3,0.0,0.6,25.1
2023-05-09T05:00Z,17,339,0.0,0.0,86.1,3.3,0.0,0.0,0.0,0.6,10.0
2023-05-09T05:00Z,18,182,5.8,0.0,45.1,0.7,20.6,16.3,0.0,1.0,10.4
2023-05-09T05:30Z,1,2,1.1,0.0,0.2,24.9,6.2,17.1,0.0,0.4,50.0
2023-05-09T05:30Z,2,7,3.6,0.0,0.7,0.0,20.3,59.0,0.0,1.4,14.9
2023-05-09T05:30Z,3,26,3.5,0.0,5.5,0.0,12.6,74.2,0.0,0.4,3.8
2023-05-09T05:30Z,4,1,0.1,0.0,0.0,0.0,68.9,29.4,0.0,0.7,0.9
2023-05-09T05:30Z,5,229,36.7,0.0,47.0,0.0,3.7,2.0,0.0,0.7,9.9
2023-05-09T05:30Z,6,77,2.1,0.0,18.7,5.4,8.1,39.5,0.0,3.7,22.4
2023-05-09T05:30Z,7,377,0.0,0.0,95.6,0.0,0.0,0.0,0.0,0.7,3.7
2023-05-09T05:30Z,8,272,3.6,0.0,67.9,0.1,3.3,19.0,0.0,1.7,4.5
2023-05-09T05:30Z,9,320,11.0,0.0,77.9,0.0,1.1,1.0,0.0,2.0,7.0
2023-05-09T05:30Z,10,248,3.0,0.0,61.4,0.1,8.4,0.2,0.0,3.2,23.9
2023-05-09T05:30Z,11,279,0.9,0.0,69.8,0.0,16.3,0.1,0.0,8.4,4.5
2023-05-09T05:30Z,12,202,2.3,0.0,48.3,0.1,42.5,0.4,0.0,3.8,2.5
2023-05-09T05:30Z,13,177,0.6,0.0,41.8,0.3,47.8,0.0,0.0,1.4,8.0
2023-05-09T05:30Z,14,159,0.0,0.0,37.0,0.4,56.6,0.0,0.0,0.8,5.2
2023-05-09T05:30Z,15,200,6.2,0.0,47.9,0.2,21.9,14.8,0.0,1.9,7.1
2023-05-09T05:30Z,16,186,2.0,0.0,46.6,4.6,0.0,23.6,0.0,0.9,22.2
2023-05-09T05:30Z,17,340,0.0,0.0,86.2,3.4,0.0,0.0,0.0,1.1,9.3
2023-05-09T05:30Z,18,197,5.4,0.0,50.1,0.9,18.1,14.9,0.0,1.7,8.9
2023-05-09T06:00Z,1,3,1.3,0.0,0.4,30.3,7.2,18.3,0.0,0.7,41.7
2023-05-09T06:00Z,2,10,3.7,0.0,1.3,0.0,20.8,58.2,0.0,2.1,13.8
2023-05-09T06:00Z,3,36,4.1,0.0,7.8,0.0,11.3,72.5,0.0,0.6,3.7
2023-05-09T06:00Z,4,1,0.1,0.0,0.0,0.0,69.8,28.1,0.0,1.0,0.9
2023-05-09T06:00Z,5,257,32.6,0.0,55.4,0.0,1.3,1.3,0.0,0.9,8.4
2023-05-09T06:00Z,6,115,2.2,0.0,28.5,5.1,6.0,34.0,0.0,5.5,18.7
2023-05-09T06:00Z,7,374,0.0,0.0,95.0,0.0,0.0,0.0,0.0,1.2,3.8
2023-05-09T06:00Z,8,272,3.8,0.0,67.7,0.0,5.7,15.5,0.0,3.0,4.3
2023-05-09T06:00Z,9,327,10.1,0.0,79.9,0.0,0.4,0.5,0.0,2.9,6.2
2023-05-09T06:00Z,10,248,2.7,0.0,61.5,0.1,9.5,0.1,0.0,4.6,21.5
2023-05-09T06:00Z,11,321,0.1,0.0,81.1,0.0,4.0,0.1,0.0,11.3,3.3
2023-05-09T06:00Z,12,198,1.4,0.0,47.5,0.1,43.6,0.3,0.0,5.4,1.7
2023-05-09T06:00Z,13,175,0.5,0.0,41.4,0.3,49.8,0.0,0.0,2.0,5.9
2023-05-09T06:00Z,14,162,0.0,0.0,37.6,0.4,56.4,0.0,0.0,1.2,4.4
2023-05-09T06:00Z,15,197,6.0,0.0,47.2,0.1,23.4,13.7,0.0,3.0,6.6
2023-05-09T06:00Z,16,194,1.9,0.0,48.7,5.7,0.0,22.4,0.0,1.4,19.8
2023-05-09T06:00Z,17,340,0.0,0.0,86.3,3.2,0.0,0.0,0.0,1.8,8.6
2023-05-09T06:00Z,18,200,5.1,0.0,49.8,1.0,19.3,13.8,0.0,2.7,8.2
2023-05-09T06:30Z,1,4,1.4,0.0,0.7,30.9,7.8,20.3,0.0,1.1,37.8
2023-05-09T06:30Z,2,12,3.8,0.0,1.9,0.0,21.3,56.7,0.0,3.1,13.3
2023-05-09T06:30Z,3,44,4.2,0.0,9.7,0.0,11.2,70.3,0.0,0.9,3.6
2023-05-09T06:30Z,4,1,0.1,0.0,0.0,0.0,68.9,28.5,0.0,1.5,1.0
2023-05-09T06:30Z,5,264,31.8,0.0,57.3,0.0,0.9,0.7,0.0,1.3,7.9
2023-05-09T06:30Z,6,142,1.8,0.0,35.6,5.1,4.7,29.4,0.0,7.4,16.0
2023-05-09T06:30Z,7,372,0.0,0.0,94.5,0.0,0.0,0.0,0.0,1.8,3.7
2023-05-09T06:30Z,8,277,3.4,0.0,69.0,0.0,6.0,13.1,0.0,4.6,3.9
2023-05-09T06:30Z,9,330,8.9,0.0,81.0,0.0,0.3,0.2,0.0,4.0,5.5
2023-05-09T06:30Z,10,245,2.4,0.0,60.8,0.1,10.5,0.1,0.0,6.4,19.7
2023-05-09T06:30Z,11,322,0.0,0.0,81.8,0.0,0.0,0.0,0.0,15.3,2.8
2023-05-09T06:30Z,12,191,1.1,0.0,45.8,0.1,43.7,0.0,0.0,7.9,1.4
2023-05-09T06:30Z,13,163,0.3,0.0,38.2,0.3,53.4,0.0,0.0,2.9,4.9
2023-05-09T06:30Z,14,151,0.0,0.0,34.7,0.4,59.3,0.0,0.0,1.7,4.0
2023-05-09T06:30Z,15,204,5.6,0.0,49.0,0.1,22.4,13.0,0.0,4.1,5.7
2023-05-09T06:30Z,16,201,2.0,0.0,50.5,5.6,0.5,21.3,0.0,2.1,18.0
2023-05-09T06:30Z,17,341,0.0,0.0,86.6,2.2,0.0,0.0,0.0,2.8,8.4
2023-05-09T06:30Z,18,204,4.9,0.0,51.4,0.9,18.5,13.2,0.0,3.8,7.3
2023-05-09T07:00Z,1,7,1.6,0.0,1.3,30.3,8.6,21.7,0.0,1.7,34.7
2023-05-09T07:00Z,2,17,3.9,0.0,3.1,0.1,20.6,55.7,0.0,4.0,12.5
2023-05-09T07:00Z,3,51,4.6,0.0,11.5,0.0,10.3,68.8,0.0,1.2,3.5
2023-05-09T07:00Z,4,6,0.6,0.0,1.1,0.0,66.8,28.3,0.0,2.0,1.2
2023-05-09T07:00Z,5,278,29.5,0.0,61.7,0.0,0.0,0.4,0.0,1.7,6.8
2023-05-09T07:00Z,6,153,1.9,0.0,38.2,4.5,4.2,27.4,0.0,9.4,14.4
2023-05-09T07:00Z,7,370,0.0,0.0,94.0,0.0,0.0,0.0,0.0,2.4,3.6
2023-05-09T07:00Z,8,276,3.4,0.0,68.7,0.0,6.8,11.2,0.0,6.2,3.7
2023-05-09T07:00Z,9,330,8.7,0.0,81.1,0.0,0.0,0.1,0.0,5.1,5.0
2023-05-09T07:00Z,10,243,2.2,0.0,60.2,0.1,10.8,0.0,0.0,8.5,18.2
2023-05-09T07:00Z,11,313,0.0,0.0,79.5,0.0,0.0,0.0,0.0,17.9,2.5
2023-05-09T07:00Z,12,186,0.8,0.0,44.7,0.0,42.8,0.0,0.0,10.4,1.3
2023-05-09T07:00Z,13,153,0.2,0.0,35.5,0.2,55.8,0.0,0.0,3.9,4.3
2023-05-09T07:00Z,14,140,0.0,0.0,32.0,0.3,61.6,0.0,0.0,2.2,3.8
2023-05-09T07:00Z,15,204,5.5,0.0,49.2,0.1,21.8,12.7,0.0,5.4,5.3
2023-05-09T07:00Z,16,201,2.1,0.0,50.3,5.9,0.8,21.0,0.0,2.8,17.1
2023-05-09T07:00Z,17,338,0.0,0.0,85.8,2.0,0.0,0.0,0.0,3.9,8.3
2023-05-09T07:00Z,18,205,4.7,0.0,51.6,0.9,18.0,12.9,0.0,5.0,6.9
2023-05-09T07:30Z,1,10,1.9,0.0,1.9,29.1,8.8,23.5,0.0,2.3,32.6
2023-05-09T07:30Z,2,22,4.3,0.0,4.2,0.1,19.7,54.5,0.0,5.1,12.1
2023-05-09T07:30Z,3,54,5.0,0.0,12.1,0.0,10.0,68.0,0.0,1.7,3.3
2023-05-09T07:30Z,4,16,1.6,0.0,3.3,0.0,63.2,28.0,0.0,2.5,1.4
2023-05-09T07:30Z,5,283,28.6,0.0,63.2,0.0,0.0,0.2,0.0,2.1,6.0
2023-05-09T07:30Z,6,157,2.0,0.0,39.1,3.2,4.0,26.1,0.0,12.0,13.6
2023-05-09T07:30Z,7,368,0.0,0.0,93.5,0.0,0.0,0.0,0.0,3.0,3.5
2023-05-09T07:30Z,8,275,3.3,0.0,68.5,0.0,6.7,10.3,0.0,7.8,3.4
2023-05-09T07:30Z,9,328,8.3,0.0,80.8,0.0,0.0,0.0,0.0,6.4,4.5
2023-05-09T07:30Z,10,242,2.2,0.0,60.2,0.0,10.2,0.0,0.0,10.7,16.7
2023-05-09T07:30Z,11,296,0.0,0.0,75.1,0.0,0.0,0.0,0.0,22.2,2.7
2023-05-09T07:30Z,12,181,0.7,0.0,43.6,0.0,41.9,0.0,0.0,12.6,1.1
2023-05-09T07:30Z,13,153,0.3,0.0,35.6,0.2,54.6,0.0,0.0,5.2,4.2
2023-05-09T07:30Z,14,139,0.0,0.0,31.7,0.2,61.3,0.0,0.0,3.0,3.8
2023-05-09T07:30Z,15,200,5.4,0.0,48.3,0.1,21.6,12.7,0.0,7.0,5.1
2023-05-09T07:30Z,16,200,2.1,0.0,50.1,6.1,0.9,20.8,0.0,3.6,16.3
2023-05-09T07:30Z,17,336,0.0,0.0,85.4,1.8,0.0,0.0,0.0,4.8,8.0
2023-05-09T07:30Z,18,203,4.7,0.0,50.8,0.9,17.8,12.8,0.0,6.4,6.6
2023-05-09T08:00Z,1,10,2.0,0.0,1.8,26.6,9.3,25.3,0.0,3.0,32.0
2023-05-09T08:00Z,2,20,4.0,0.0,3.7,0.0,19.2,54.6,0.0,6.2,12.2
2023-05-09T08:00Z,3,49,4.8,0.0,11.0,0.0,9.9,69.0,0.0,2.0,3.3
2023-05-09T08:00Z,4,11,1.1,0.0,2.2,0.0,64.1,27.9,0.0,3.2,1.6
2023-05-09T08:00Z,5,280,29.5,0.0,62.0,0.0,0.0,0.1,0.0,2.6,5.8
2023-05-09T08:00Z,6,152,1.9,0.0,38.1,1.8,3.9,25.1,0.0,14.6,14.7
2023-05-09T08:00Z,7,364,0.0,0.0,92.5,0.0,0.0,0.0,0.0,3.7,3.8
2023-05-09T08:00Z,8,273,2.9,0.0,68.0,0.0,6.4,9.5,0.0,9.6,3.4
2023-05-09T08:00Z,9,323,7.9,0.0,79.5,0.0,0.0,0.0,0.0,8.3,4.2
2023-05-09T08:00Z,10,233,1.9,0.0,57.9,0.0,10.2,0.0,0.0,13.7,16.2
2023-05-09T08:00Z,11,288,0.0,0.0,73.1,0.0,0.0,0.0,0.0,24.2,2.7
2023-05-09T08:00Z,12,179,0.6,0.0,43.2,0.0,39.2,0.0,0.0,15.9,1.1
2023-05-09T08:00Z,13,146,0.2,0.0,33.7,0.1,55.2,0.0,0.0,6.7,4.0
2023-05-09T08:00Z,14,130,0.0,0.0,29.3,0.1,63.1,0.0,0.0,3.9,3.7
2023-05-09T08:00Z,15,194,5.3,0.0,46.8,0.1,21.7,12.5,0.0,8.6,5.0
2023-05-09T08:00Z,16,199,2.1,0.0,49.9,6.1,0.8,20.8,0.0,4.4,16.0
2023-05-09T08:00Z,17,329,0.0,0.0,83.5,1.8,0.0,0.0,0.0,5.9,8.8
2023-05-09T08:00Z,18,198,4.6,0.0,49.4,0.9,17.8,12.7,0.0,7.9,6.5
2023-05-09T08:30Z,1,10,2.0,0.0,1.9,24.1,9.8,27.0,0.0,3.7,31.5
2023-05-09T08:30Z,2,20,3.9,0.0,3.7,0.0,19.1,53.7,0.0,7.3,12.3
2023-05-09T08:30Z,3,50,4.5,0.0,11.2,0.0,9.5,69.2,0.0,2.4,3.2
2023-05-09T08:30Z,4,8,0.8,0.0,1.4,0.0,64.5,27.8,0.0,3.8,1.7
2023-05-09T08:30Z,5,277,30.3,0.0,61.1,0.0,0.0,0.0,0.0,3.1,5.5
2023-05-09T08:30Z,6,150,1.7,0.0,37.4,1.0,3.7,23.9,0.0,16.9,15.3
2023-05-09T08:30Z,7,361,0.0,0.0,91.6,0.0,0.0,0.0,0.0,4.4,3.9
2023-05-09T08:30Z,8,270,2.8,0.0,67.3,0.0,6.0,9.0,0.0,11.4,3.4
2023-05-09T08:30Z,9,316,8.0,0.0,77.8,0.0,0.0,0.0,0.0,10.2,4.0
2023-05-09T08:30Z,10,224,1.8,0.0,55.7,0.0,9.9,0.0,0.0,16.9,15.8
2023-05-09T08:30Z,11,276,0.0,0.0,70.1,0.0,0.0,0.0,0.0,27.1,2.9
2023-05-09T08:30Z,12,172,0.6,0.0,41.4,0.0,37.6,0.0,0.0,19.3,1.1
2023-05-09T08:30Z,13,141,0.2,0.0,32.5,0.1,54.7,0.0,0.0,8.4,4.2
2023-05-09T08:30Z,14,124,0.0,0.0,27.7,0.1,63.9,0.0,0.0,4.8,3.6
2023-05-09T08:30Z,15,192,5.2,0.0,46.2,0.1,21.2,12.4,0.0,10.2,4.8
2023-05-09T08:30Z,16,200,2.0,0.0,50.2,5.5,0.9,20.6,0.0,5.2,15.7
2023-05-09T08:30Z,17,324,0.0,0.0,82.3,1.3,0.0,0.0,0.0,7.0,9.5
2023-05-09T08:30Z,18,194,4.5,0.0,48.8,0.8,17.5,12.6,0.0,9.4,6.3
2023-05-09T09:00Z,1,11,2.2,0.0,2.2,21.7,10.1,27.8,0.0,4.5,31.5
2023-05-09T09:00Z,2,21,4.0,0.0,4.0,0.0,18.4,52.9,0.0,8.3,12.4
2023-05-09T09:00Z,3,48,4.4,0.0,10.8,0.0,9.1,69.5,0.0,2.8,3.3
2023-05-09T09:00Z,4,9,0.9,0.0,1.7,0.0,63.4,27.9,0.0,4.2,1.9
2023-05-09T09:00Z,5,276,30.3,0.0,60.8,0.0,0.0,0.0,0.0,3.5,5.3
2023-05-09T09:00Z,6,149,1.6,0.0,37.2,1.0,3.3,23.0,0.0,19.2,14.7
2023-05-09T09:00Z,7,356,0.0,0.0,90.3,0.0,0.0,0.0,0.0,5.2,4.4
2023-05-09T09:00Z,8,265,2.6,0.0,66.3,0.0,5.6,8.8,0.0,13.2,3.5
2023-05-09T09:00Z,9,312,7.5,0.0,77.0,0.0,0.0,0.0,0.0,11.7,3.7
2023-05-09T09:00Z,10,218,1.6,0.0,54.4,0.0,9.4,0.0,0.0,19.8,14.7
2023-05-09T09:00Z,11,261,0.0,0.0,66.3,0.0,0.0,0.0,0.0,30.6,3.1
2023-05-09T09:00Z,12,169,0.5,0.0,40.8,0.0,35.6,0.0,0.0,22.0,1.1
2023-05-09T09:00Z,13,139,0.2,0.0,32.2,0.1,53.4,0.0,0.0,10.0,4.2
2023-05-09T09:00Z,14,122,0.0,0.0,27.1,0.1,63.6,0.0,0.0,5.7,3.5
2023-05-09T09:00Z,15,188,5.1,0.0,45.3,0.0,20.8,12.3,0.0,11.8,4.6
2023-05-09T09:00Z,16,197,2.2,0.0,49.3,4.7,1.2,20.6,0.0,6.3,15.9
2023-05-09T09:00Z,17,320,0.0,0.0,81.1,1.0,0.0,0.0,0.0,8.1,9.8
2023-05-09T09:00Z,18,191,4.5,0.0,47.9,0.7,17.2,12.5,0.0,11.0,6.3
2023-05-09T09:30Z,1,11,2.1,0.0,2.1,19.3,10.2,29.1,0.0,5.1,32.1
2023-05-09T09:30Z,2,20,3.8,0.0,3.8,0.1,18.1,52.5,0.0,9.1,12.7
2023-05-09T09:30Z,3,45,4.1,0.0,10.0,0.0,8.7,70.5,0.0,3.3,3.4
2023-05-09T09:30Z,4,6,0.7,0.0,1.1,0.0,63.3,28.3,0.0,4.6,2.0
2023-05-09T09:30Z,5,275,30.1,0.0,60.7,0.0,0.0,0.0,0.0,4.0,5.2
2023-05-09T09:30Z,6,150,1.4,0.0,37.5,1.5,3.1,21.8,0.0,20.8,13.9
2023-05-09T09:30Z,7,351,0.0,0.0,89.1,0.0,0.0,0.0,0.0,6.1,4.8
2023-05-09T09:30Z,8,257,2.3,0.0,64.3,0.0,5.8,8.6,0.0,15.3,3.5
2023-05-09T09:30Z,9,309,7.0,0.0,76.4,0.0,0.0,0.0,0.0,13.1,3.5
2023-05-09T09:30Z,10,208,1.6,0.0,51.9,0.0,9.4,0.0,0.0,23.0,14.0
2023-05-09T09:30Z,11,249,0.0,0.0,63.2,0.0,0.0,0.0,0.0,33.6,3.2
2023-05-09T09:30Z,12,159,0.3,0.0,38.4,0.0,34.9,0.0,0.0,25.5,0.9
2023-05-09T09:30Z,13,137,0.2,0.0,31.6,0.1,52.3,0.0,0.0,12.0,3.8
2023-05-09T09:30Z,14,122,0.0,0.0,27.2,0.1,62.6,0.0,0.0,6.6,3.4
2023-05-09T09:30Z,15,186,4.9,0.0,44.8,0.0,20.3,12.0,0.0,13.5,4.5
2023-05-09T09:30Z,16,195,2.1,0.0,48.9,3.9,1.2,20.7,0.0,7.1,16.1
2023-05-09T09:30Z,17,315,0.0,0.0,80.0,0.8,0.0,0.0,0.0,9.2,10.0
2023-05-09T09:30Z,18,187,4.3,0.0,47.3,0.5,16.9,12.3,0.0,12.5,6.2
2023-05-09T10:00Z,1,10,2.1,0.0,1.9,15.8,10.2,30.0,0.0,5.7,34.3
2023-05-09T10:00Z,2,18,3.6,0.0,3.3,0.1,17.4,52.0,0.0,9.7,13.9
2023-05-09T10:00Z,3,42,3.9,0.0,9.5,0.0,8.5,70.6,0.0,3.9,3.6
2023-05-09T10:00Z,4,3,0.3,0.0,0.4,0.0,64.5,27.5,0.0,5.1,2.2
2023-05-09T10:00Z,5,270,30.8,0.0,59.2,0.0,0.0,0.0,0.0,4.8,5.2
2023-05-09T10:00Z,6,141,1.3,0.0,35.3,1.4,2.9,21.1,0.0,23.2,14.9
2023-05-09T10:00Z,7,345,0.0,0.0,87.7,0.0,0.0,0.0,0.0,6.9,5.4
2023-05-09T10:00Z,8,256,2.2,0.0,64.0,0.0,5.3,8.2,0.0,16.5,3.9
2023-05-09T10:00Z,9,307,7.0,0.0,75.8,0.0,0.0,0.0,0.0,13.9,3.3
2023-05-09T10:00Z,10,196,1.6,0.0,48.7,0.0,9.5,0.0,0.0,26.2,13.9
2023-05-09T10:00Z,11,219,0.0,0.0,55.5,0.0,0.0,0.0,0.0,40.5,4.0
2023-05-09T10:00Z,12,148,0.3,0.0,35.7,0.0,34.6,0.0,0.0,28.4,0.9
2023-05-09T10:00Z,13,132,0.2,0.0,30.4,0.1,51.9,0.0,0.0,13.5,3.9
2023-05-09T10:00Z,14,119,0.0,0.0,26.6,0.1,62.3,0.0,0.0,7.6,3.4
2023-05-09T10:00Z,15,182,4.9,0.0,43.8,0.1,20.1,11.6,0.0,15.1,4.5
2023-05-09T10:00Z,16,192,2.0,0.0,48.2,3.5,0.6,20.9,0.0,7.3,17.4
2023-05-09T10:00Z,17,309,0.0,0.0,78.4,1.0,0.0,0.0,0.0,9.9,10.7
2023-05-09T10:00Z,18,182,4.3,0.0,46.3,0.5,16.8,12.0,0.0,13.9,6.3
2023-05-09T10:30Z,1,12,2.2,0.0,2.3,13.7,9.9,30.6,0.0,6.0,35.3
2023-05-09T10:30Z,2,20,3.7,0.0,3.8,0.1,16.7,50.8,0.0,10.1,14.8
2023-05-09T10:30Z,3,44,3.9,0.0,10.1,0.0,8.0,70.0,0.0,4.3,3.7
2023-05-09T10:30Z,4,8,0.9,0.0,1.6,0.0,61.7,27.7,0.0,5.6,2.4
2023-05-09T10:30Z,5,275,29.3,0.0,60.8,0.0,0.0,0.0,0.0,5.1,4.8
2023-05-09T10:30Z,6,140,1.2,0.0,35.1,1.8,2.7,19.8,0.0,24.3,15.0
2023-05-09T10:30Z,7,342,0.0,0.0,86.8,0.0,0.0,0.0,0.0,7.5,5.8
2023-05-09T10:30Z,8,253,2.0,0.0,63.5,0.0,5.2,8.0,0.0,17.4,4.0
2023-05-09T10:30Z,9,306,6.6,0.0,75.6,0.0,0.0,0.0,0.0,14.7,3.0
2023-05-09T10:30Z,10,194,1.6,0.0,48.1,0.0,9.3,0.0,0.0,27.9,13.1
2023-05-09T10:30Z,11,216,0.0,0.0,54.9,0.0,0.0,0.0,0.0,40.7,4.4
2023-05-09T10:30Z,12,143,0.2,0.0,34.5,0.0,33.5,0.0,0.0,30.9,0.9
2023-05-09T10:30Z,13,129,0.2,0.0,29.7,0.1,50.9,0.0,0.0,15.3,3.7
2023-05-09T10:30Z,14,116,0.0,0.0,25.8,0.1,62.2,0.0,0.0,8.4,3.4
2023-05-09T10:30Z,15,180,4.8,0.0,43.5,0.1,19.6,11.4,0.0,16.2,4.4
2023-05-09T10:30Z,16,191,2.0,0.0,47.9,3.3,0.2,21.1,0.0,7.4,18.1
2023-05-09T10:30Z,17,301,0.0,0.0,76.4,1.6,0.0,0.0,0.0,10.6,11.4
2023-05-09T10:30Z,18,181,4.2,0.0,45.8,0.5,16.5,11.9,0.0,14.9,6.3
2023-05-09T11:00Z,1,12,2.2,0.0,2.2,13.1,9.0,30.1,0.0,6.2,37.1
2023-05-09T11:00Z,2,19,3.6,0.0,3.8,0.1,15.3,50.9,0.0,10.6,15.7
2023-05-09T11:00Z,3,40,3.6,0.0,9.0,0.0,7.1,71.4,0.0,4.9,4.0
2023-05-09T11:00Z,4,10,1.1,0.0,2.0,0.0,59.6,28.1,0.0,6.5,2.7
2023-05-09T11:00Z,5,275,28.9,0.0,61.1,0.0,0.0,0.0,0.0,5.5,4.6
2023-05-09T11:00Z,6,136,1.1,0.0,34.1,3.2,2.2,19.4,0.0,25.2,14.9
2023-05-09T11:00Z,7,336,0.0,0.0,85.2,0.0,0.0,0.0,0.0,8.1,6.7
2023-05-09T11:00Z,8,246,2.0,0.0,61.7,0.0,5.4,8.1,0.0,18.3,4.5
2023-05-09T11:00Z,9,299,7.1,0.0,73.7,0.0,0.0,0.0,0.0,16.1,3.2
2023-05-09T11:00Z,10,192,1.5,0.0,47.7,0.0,9.0,0.0,0.0,29.5,12.3
2023-05-09T11:00Z,11,210,0.0,0.0,53.4,0.0,0.0,0.0,0.0,41.9,4.8
2023-05-09T11:00Z,12,135,0.1,0.0,32.4,0.0,34.6,0.0,0.0,32.1,0.8
2023-05-09T11:00Z,13,125,0.2,0.0,28.7,0.1,50.8,0.0,0.0,16.7,3.6
2023-05-09T11:00Z,14,113,0.0,0.0,25.0,0.1,62.0,0.0,0.0,9.6,3.4
2023-05-09T11:00Z,15,174,4.8,0.0,41.9,0.1,19.9,11.4,0.0,17.4,4.5
2023-05-09T11:00Z,16,188,1.9,0.0,47.2,3.1,0.0,21.5,0.0,7.3,19.0
2023-05-09T11:00Z,17,296,0.0,0.0,75.2,2.6,0.0,0.0,0.0,10.8,11.4
2023-05-09T11:00Z,18,176,4.2,0.0,44.4,0.6,16.6,11.9,0.0,15.9,6.5
2023-05-09T11:30Z,1,11,2.1,0.0,2.1,13.5,8.4,29.7,0.0,6.0,38.3
2023-05-09T11:30Z,2,19,3.7,0.0,3.7,0.2,14.8,50.6,0.0,10.6,16.4
2023-05-09T11:30Z,3,41,3.7,0.0,9.3,0.0,7.0,70.5,0.0,5.3,4.3
2023-05-09T11:30Z,4,13,1.3,0.0,2.6,0.0,58.4,27.8,0.0,7.1,2.8
2023-05-09T11:30Z,5,276,28.6,0.0,61.3,0.0,0.0,0.0,0.0,5.6,4.4
2023-05-09T11:30Z,6,129,1.1,0.0,32.3,6.1,2.1,18.6,0.0,25.4,14.4
2023-05-09T11:30Z,7,333,0.0,0.0,84.4,0.0,0.0,0.0,0.0,8.2,7.4
2023-05-09T11:30Z,8,245,2.0,0.0,61.3,0.0,5.1,8.3,0.0,18.4,4.8
2023-05-09T11:30Z,9,299,6.8,0.0,73.7,0.0,0.0,0.0,0.0,16.4,3.0
2023-05-09T11:30Z,10,187,1.5,0.0,46.5,0.0,9.0,0.0,0.0,31.4,11.7
2023-05-09T11:30Z,11,209,0.0,0.0,53.0,0.0,0.0,0.0,0.0,41.8,5.2
2023-05-09T11:30Z,12,137,0.2,0.0,32.9,0.0,33.2,0.0,0.0,32.8,0.9
2023-05-09T11:30Z,13,120,0.2,0.0,27.4,0.1,51.1,0.0,0.0,17.7,3.6
2023-05-09T11:30Z,14,105,0.0,0.0,22.8,0.1,63.3,0.0,0.0,10.5,3.3
2023-05-09T11:30Z,15,172,4.8,0.0,41.3,0.1,19.7,11.4,0.0,18.0,4.5
2023-05-09T11:30Z,16,184,1.9,0.0,46.2,3.1,0.0,21.9,0.0,7.3,19.6
2023-05-09T11:30Z,17,289,0.0,0.0,73.4,3.9,0.0,0.0,0.0,11.0,11.7
2023-05-09T11:30Z,18,173,4.2,0.0,43.6,0.7,16.5,11.9,0.0,16.5,6.6
2023-05-09T12:00Z,1,8,1.8,0.0,1.4,13.1,7.9,29.4,0.0,5.9,40.5
2023-05-09T12:00Z,2,14,3.3,0.0,2.4,0.2,14.1,52.1,0.0,10.4,17.5
2023-05-09T12:00Z,3,37,3.2,0.0,8.4,0.0,7.1,71.1,0.0,5.6,4.6
2023-05-09T12:00Z,4,2,0.3,0.0,0.2,0.0,60.7,28.7,0.0,7.3,2.8
2023-05-09T12:00Z,5,272,29.5,0.0,60.0,0.0,0.0,0.1,0.0,5.9,4.5
2023-05-09T12:00Z,6,114,0.9,0.0,28.6,9.2,2.1,18.5,0.0,26.3,14.3
2023-05-09T12:00Z,7,330,0.0,0.0,83.9,0.0,0.0,0.0,0.0,8.0,8.2
2023-05-09T12:00Z,8,242,1.8,0.0,60.6,0.0,5.3,8.5,0.0,18.5,5.2
2023-05-09T12:00Z,9,295,6.3,0.0,72.9,0.0,0.0,0.0,0.0,17.6,3.1
2023-05-09T12:00Z,10,184,1.1,0.0,44.8,0.0,9.9,0.0,0.0,32.1,12.1
2023-05-09T12:00Z,11,201,0.0,0.0,51.1,0.0,0.0,0.0,0.0,42.9,5.9
2023-05-09T12:00Z,12,135,0.1,0.0,32.4,0.0,33.9,0.0,0.0,32.7,0.8
2023-05-09T12:00Z,13,126,0.1,0.0,28.8,0.1,50.4,0.0,0.0,17.0,3.7
2023-05-09T12:00Z,14,115,0.0,0.0,25.5,0.1,60.6,0.0,0.0,10.5,3.2
2023-05-09T12:00Z,15,170,4.7,0.0,40.8,0.2,19.9,11.5,0.0,18.3,4.6
2023-05-09T12:00Z,16,177,1.9,0.0,44.4,3.2,0.0,22.4,0.0,7.4,20.7
2023-05-09T12:00Z,17,282,0.0,0.0,71.5,5.3,0.0,0.0,0.0,11.0,12.2
2023-05-09T12:00Z,18,171,4.1,0.0,42.9,0.8,16.6,12.0,0.0,16.7,6.8
2023-05-09T12:30Z,1,6,1.7,0.0,1.0,13.0,7.3,28.8,0.0,5.5,42.6
2023-05-09T12:30Z,2,11,3.2,0.0,1.9,0.2,13.4,52.6,0.0,10.1,18.7
2023-05-09T12:30Z,3,36,3.0,0.0,8.3,0.0,7.4,70.6,0.0,5.9,4.8
2023-05-09T12:30Z,4,1,0.2,0.0,0.0,0.0,60.6,29.3,0.0,7.2,2.7
2023-05-09T12:30Z,5,266,30.6,0.0,58.1,0.0,0.5,0.2,0.0,6.2,4.4
2023-05-09T12:30Z,6,96,0.9,0.0,24.2,11.6,2.3,18.6,0.0,27.7,14.7
2023-05-09T12:30Z,7,326,0.0,0.0,82.8,0.0,0.0,0.0,0.0,8.1,9.1
2023-05-09T12:30Z,8,240,1.8,0.0,60.2,0.0,5.1,9.0,0.0,18.0,5.9
2023-05-09T12:30Z,9,295,6.5,0.0,72.8,0.0,0.1,0.1,0.0,17.5,3.1
2023-05-09T12:30Z,10,186,1.1,0.0,44.5,0.0,10.6,0.0,0.0,31.6,12.3
2023-05-09T12:30Z,11,175,0.0,0.0,44.5,0.0,0.0,0.0,0.0,48.2,7.2
2023-05-09T12:30Z,12,132,0.3,0.0,31.5,0.0,36.3,0.0,0.0,31.3,0.6
2023-05-09T12:30Z,13,125,0.2,0.0,28.3,0.1,51.3,0.0,0.0,16.4,3.8
2023-05-09T12:30Z,14,114,0.0,0.0,25.2,0.1,60.9,0.0,0.0,10.5,3.3
2023-05-09T12:30Z,15,169,4.7,0.0,40.1,0.2,20.3,11.5,0.0,18.2,4.8
2023-05-09T12:30Z,16,171,1.9,0.0,42.8,3.3,0.0,23.0,0.0,7.2,21.8
2023-05-09T12:30Z,17,273,0.0,0.0,69.2,6.2,0.0,0.0,0.0,11.4,13.1
2023-05-09T12:30Z,18,167,4.2,0.0,42.1,0.9,17.0,12.1,0.0,16.7,7.1
2023-05-09T13:00Z,1,6,1.6,0.0,0.9,11.3,6.9,27.8,0.0,5.1,46.3
2023-05-09T13:00Z,2,11,3.1,0.0,1.7,0.1,13.1,52.5,0.0,9.6,19.7
2023-05-09T13:00Z,3,39,2.7,0.0,9.0,0.0,7.5,70.0,0.0,5.7,5.2
2023-05-09T13:00Z,4,1,0.2,0.0,0.0,0.0,60.7,29.8,0.0,6.6,2.7
2023-05-09T13:00Z,5,253,32.6,0.0,54.3,0.0,1.3,0.3,0.0,6.7,4.8
2023-05-09T13:00Z,6,97,0.8,0.0,24.3,12.3,2.2,18.5,0.0,27.1,14.7
2023-05-09T13:00Z,7,321,0.0,0.0,81.6,0.0,0.0,0.0,0.0,8.8,9.6
2023-05-09T13:00Z,8,238,1.8,0.0,59.5,0.0,5.2,9.1,0.0,18.1,6.3
2023-05-09T13:00Z,9,294,6.7,0.0,72.5,0.0,0.3,0.1,0.0,17.2,3.3
2023-05-09T13:00Z,10,187,0.9,0.0,44.3,0.0,11.1,0.0,0.0,30.2,13.5
2023-05-09T13:00Z,11,157,0.0,0.0,39.7,0.0,1.5,0.0,0.0,50.6,8.2
2023-05-09T13:00Z,12,135,0.2,0.0,32.2,0.0,37.2,0.0,0.0,29.6,0.7
2023-05-09T13:00Z,13,126,0.1,0.0,28.5,0.1,51.7,0.0,0.0,15.3,4.2
2023-05-09T13:00Z,14,115,0.0,0.0,25.4,0.1,61.0,0.0,0.0,10.0,3.5
2023-05-09T13:00Z,15,163,4.9,0.0,38.6,0.2,21.0,11.7,0.0,18.2,5.4
2023-05-09T13:00Z,16,168,1.9,0.0,42.0,3.3,0.0,23.1,0.0,7.1,22.7
2023-05-09T13:00Z,17,271,0.0,0.0,68.8,6.5,0.0,0.0,0.0,11.5,13.2
2023-05-09T13:00Z,18,164,4.3,0.0,40.7,0.9,17.5,12.2,0.0,16.6,7.7
2023-05-09T13:30Z,1,6,1.5,0.0,1.0,11.2,6.5,26.6,0.0,4.6,48.6
2023-05-09T13:30Z,2,12,3.1,0.0,2.0,0.1,13.2,51.7,0.0,9.3,20.5
2023-05-09T13:30Z,3,49,2.5,0.0,11.5,0.0,7.2,67.9,0.0,5.4,5.4
2023-05-09T13:30Z,4,1,0.2,0.0,0.0,0.0,60.2,31.2,0.0,5.7,2.8
2023-05-09T13:30Z,5,253,32.8,0.0,54.2,0.0,1.3,0.3,0.0,6.6,4.8
2023-05-09T13:30Z,6,104,0.7,0.0,26.3,12.5,2.1,18.2,0.0,25.8,14.5
2023-05-09T13:30Z,7,319,0.0,0.0,80.9,0.0,0.0,0.0,0.0,9.1,10.0
2023-05-09T13:30Z,8,239,1.7,0.0,59.9,0.0,5.3,8.8,0.0,17.6,6.6
2023-05-09T13:30Z,9,297,6.5,0.0,73.4,0.0,0.3,0.1,0.0,16.4,3.4
2023-05-09T13:30Z,10,189,0.8,0.0,43.9,0.0,12.2,0.0,0.0,28.3,14.8
2023-05-09T13:30Z,11,158,0.0,0.0,40.1,0.0,1.5,0.0,0.0,49.5,8.9
2023-05-09T13:30Z,12,135,0.2,0.0,32.2,0.0,39.0,0.0,0.0,27.7,0.8
2023-05-09T13:30Z,13,127,0.1,0.0,28.7,0.1,53.0,0.0,0.0,13.7,4.4
2023-05-09T13:30Z,14,118,0.0,0.0,26.1,0.1,60.9,0.0,0.0,9.2,3.7
2023-05-09T13:30Z,15,163,4.9,0.0,38.5,0.3,21.2,12.3,0.0,17.2,5.7
2023-05-09T13:30Z,16,161,1.8,0.0,40.3,3.4,0.0,23.9,0.0,6.9,23.6
2023-05-09T13:30Z,17,270,0.0,0.0,68.5,6.4,0.0,0.0,0.0,11.7,13.4
2023-05-09T13:30Z,18,165,4.3,0.0,40.5,1.0,17.5,12.9,0.0,15.7,8.1
2023-05-09T14:00Z,1,6,1.5,0.0,1.0,11.3,5.6,25.9,0.0,4.2,50.6
2023-05-09T14:00Z,2,12,3.2,0.0,2.1,0.1,11.8,52.6,0.0,9.0,21.3
2023-05-09T14:00Z,3,52,2.9,0.0,12.3,0.0,6.2,67.7,0.0,5.4,5.5
2023-05-09T14:00Z,4,1,0.2,0.0,0.0,0.0,58.8,32.7,0.0,5.5,2.9
2023-05-09T14:00Z,5,255,33.7,0.0,54.5,0.0,0.4,0.3,0.0,6.2,4.9
2023-05-09T14:00Z,6,109,0.8,0.0,27.3,12.0,1.8,17.8,0.0,25.5,14.8
2023-05-09T14:00Z,7,319,0.0,0.0,81.1,0.0,0.0,0.0,0.0,8.9,10.1
2023-05-09T14:00Z,8,244,1.7,0.0,61.0,0.0,5.3,8.4,0.0,16.9,6.7
2023-05-09T14:00Z,9,301,6.2,0.0,74.4,0.0,0.1,0.1,0.0,15.7,3.6
2023-05-09T14:00Z,10,186,0.9,0.0,42.3,0.0,13.6,0.0,0.0,26.9,16.3
2023-05-09T14:00Z,11,163,0.0,0.0,41.2,0.0,1.1,0.0,0.0,48.3,9.3
2023-05-09T14:00Z,12,132,0.2,0.0,31.1,0.0,41.4,0.0,0.0,26.2,1.0
2023-05-09T14:00Z,13,118,0.1,0.0,26.2,0.1,55.7,0.0,0.0,12.6,5.2
2023-05-09T14:00Z,14,109,0.0,0.0,23.7,0.1,62.7,0.0,0.0,8.7,4.8
2023-05-09T14:00Z,15,156,5.2,0.0,36.4,0.3,22.0,12.7,0.0,17.0,6.4
2023-05-09T14:00Z,16,156,1.9,0.0,39.0,3.6,0.0,24.9,0.0,6.5,24.1
2023-05-09T14:00Z,17,271,0.0,0.0,68.8,6.0,0.0,0.0,0.0,11.5,13.7
2023-05-09T14:00Z,18,162,4.5,0.0,38.7,1.0,18.2,13.2,0.0,15.5,8.9
2023-05-09T14:30Z,1,7,1.5,0.0,1.2,13.7,4.8,24.2,0.0,3.7,50.9
2023-05-09T14:30Z,2,15,3.5,0.0,2.7,0.2,10.9,52.7,0.0,8.4,21.7
2023-05-09T14:30Z,3,65,3.4,0.0,15.5,0.0,5.7,64.8,0.0,5.2,5.4
2023-05-09T14:30Z,4,9,1.2,0.0,1.6,0.0,57.2,31.9,0.0,5.1,3.0
2023-05-09T14:30Z,5,262,33.1,0.0,56.4,0.0,0.0,0.3,0.0,5.4,4.8
2023-05-09T14:30Z,6,119,0.9,0.0,29.9,12.4,1.7,16.7,0.0,23.9,14.6
2023-05-09T14:30Z,7,320,0.0,0.0,81.3,0.0,0.0,0.0,0.0,8.3,10.5
2023-05-09T14:30Z,8,247,1.8,0.0,61.8,0.0,5.9,7.8,0.0,15.8,6.9
2023-05-09T14:30Z,9,303,6.4,0.0,75.1,0.0,0.0,0.1,0.0,14.6,3.8
2023-05-09T14:30Z,10,191,0.8,0.0,42.6,0.0,14.7,0.0,0.0,24.1,17.7
2023-05-09T14:30Z,11,173,0.0,0.0,43.9,0.0,1.1,0.0,0.0,45.6,9.4
2023-05-09T14:30Z,12,145,0.2,0.0,34.4,0.0,41.4,0.0,0.0,22.9,1.2
2023-05-09T14:30Z,13,121,0.1,0.0,26.7,0.1,56.3,0.0,0.0,10.9,5.9
2023-05-09T14:30Z,14,111,0.0,0.0,24.0,0.1,62.6,0.0,0.0,7.7,5.6
2023-05-09T14:30Z,15,166,5.0,0.0,38.7,0.3,21.4,12.3,0.0,15.4,6.8
2023-05-09T14:30Z,16,152,1.9,0.0,38.1,3.9,0.0,25.5,0.0,6.0,24.6
2023-05-09T14:30Z,17,271,0.0,0.0,68.8,6.8,0.0,0.0,0.0,10.6,13.8
2023-05-09T14:30Z,18,168,4.4,0.0,40.5,1.1,17.8,13.0,0.0,14.1,9.1
2023-05-09T15:00Z,1,11,1.8,0.0,2.2,16.6,4.8,22.7,0.0,3.6,48.3
2023-05-09T15:00Z,2,24,3.9,0.0,5.0,0.2,10.6,50.9,0.0,8.1,21.3
2023-05-09T15:00Z,3,79,4.1,0.0,18.8,0.0,4.9,61.9,0.0,4.8,5.5
2023-05-09T15:00Z,4,32,3.6,0.0,6.9,0.0,51.5,30.4,0.0,4.8,2.9
2023-05-09T15:00Z,5,278,30.0,0.0,61.4,0.0,0.0,0.1,0.0,4.4,4.1
2023-05-09T15:00Z,6,127,1.1,0.0,31.9,12.4,1.9,16.0,0.0,21.8,14.9
2023-05-09T15:00Z,7,323,0.0,0.0,81.9,0.0,0.0,0.0,0.0,7.4,10.7
2023-05-09T15:00Z,8,253,1.5,0.0,63.5,0.0,6.6,7.0,0.0,15.0,6.4
2023-05-09T15:00Z,9,315,4.6,0.0,78.6,0.0,0.1,0.0,0.0,13.3,3.4
2023-05-09T15:00Z,10,198,0.7,0.0,45.1,0.0,15.2,0.0,0.0,21.0,18.0
2023-05-09T15:00Z,11,230,0.0,0.0,58.5,0.0,0.0,0.0,0.0,33.7,7.8
2023-05-09T15:00Z,12,162,0.0,0.0,39.2,0.0,36.0,0.0,0.0,22.8,2.0
2023-05-09T15:00Z,13,133,0.0,0.0,29.9,0.1,55.0,0.0,0.0,9.7,5.3
2023-05-09T15:00Z,14,124,0.0,0.0,27.3,0.1,60.6,0.0,0.0,6.5,5.5
2023-05-09T15:00Z,15,184,4.7,0.0,43.6,0.4,20.0,11.9,0.0,13.2,6.3
2023-05-09T15:00Z,16,153,1.8,0.0,38.2,4.1,0.0,25.8,0.0,5.6,24.5
2023-05-09T15:00Z,17,273,0.0,0.0,69.4,7.1,0.0,0.0,0.0,9.5,14.1
2023-05-09T15:00Z,18,182,4.1,0.0,44.6,1.2,16.7,12.6,0.0,12.2,8.7
2023-05-09T15:30Z,1,12,1.7,0.0,2.5,19.4,4.6,22.0,0.0,3.3,46.4
2023-05-09T15:30Z,2,28,4.0,0.0,5.8,0.3,10.8,50.2,0.0,7.7,21.3
2023-05-09T15:30Z,3,84,4.1,0.0,20.0,0.0,4.6,61.5,0.0,4.3,5.5
2023-05-09T15:30Z,4,35,3.8,0.0,7.5,0.0,50.5,30.9,0.0,4.7,2.7
2023-05-09T15:30Z,5,282,29.8,0.0,62.5,0.0,0.0,0.0,0.0,3.8,3.8
2023-05-09T15:30Z,6,128,1.2,0.0,32.1,12.9,1.8,16.2,0.0,19.8,15.9
2023-05-09T15:30Z,7,325,0.0,0.0,82.6,0.0,0.0,0.0,0.0,6.5,10.9
2023-05-09T15:30Z,8,262,1.5,0.0,65.6,0.0,6.4,6.5,0.0,13.3,6.6
2023-05-09T15:30Z,9,323,4.6,0.0,80.5,0.0,0.1,0.0,0.0,11.7,3.1
2023-05-09T15:30Z,10,215,0.8,0.0,48.6,0.0,15.6,0.0,0.0,17.4,17.6
2023-05-09T15:30Z,11,234,0.0,0.0,59.5,0.0,0.0,0.0,0.0,32.2,8.4
2023-05-09T15:30Z,12,174,0.0,0.0,42.2,0.0,34.4,0.0,0.0,21.1,2.2
2023-05-09T15:30Z,13,131,0.0,0.0,29.5,0.1,56.1,0.0,0.0,8.9,5.4
2023-05-09T15:30Z,14,119,0.0,0.0,25.9,0.1,62.6,0.0,0.0,5.7,5.7
2023-05-09T15:30Z,15,188,4.8,0.0,44.4,0.4,20.4,12.0,0.0,11.7,6.3
2023-05-09T15:30Z,16,154,1.8,0.0,38.5,4.4,0.0,25.9,0.0,5.1,24.4
2023-05-09T15:30Z,17,273,0.0,0.0,69.3,7.7,0.0,0.0,0.0,8.5,14.5
2023-05-09T15:30Z,18,187,4.2,0.0,45.3,1.2,17.0,12.7,0.0,10.8,8.7
2023-05-09T16:00Z,1,13,1.7,0.0,2.7,22.0,5.0,21.3,0.0,3.0,44.3
2023-05-09T16:00Z,2,29,4.0,0.0,6.2,0.3,11.4,50.4,0.0,6.9,20.8
2023-05-09T16:00Z,3,88,4.2,0.0,21.0,0.0,5.1,60.2,0.0,3.8,5.7
2023-05-09T16:00Z,4,40,3.8,0.0,8.6,0.0,50.0,30.9,0.0,4.2,2.4
2023-05-09T16:00Z,5,293,27.5,0.0,65.9,0.0,0.0,0.0,0.0,3.2,3.4
2023-05-09T16:00Z,6,136,1.4,0.0,33.9,12.2,2.2,16.7,0.0,17.7,15.8
2023-05-09T16:00Z,7,327,0.0,0.0,83.1,0.0,0.0,0.0,0.0,6.1,10.8
2023-05-09T16:00Z,8,269,1.7,0.0,67.4,0.0,6.6,6.4,0.0,11.5,6.4
2023-05-09T16:00Z,9,331,4.7,0.0,82.5,0.0,0.0,0.0,0.0,9.8,3.0
2023-05-09T16:00Z,10,233,0.7,0.0,53.7,0.0,14.2,0.0,0.0,13.9,17.5
2023-05-09T16:00Z,11,246,0.0,0.0,62.4,0.0,0.0,0.0,0.0,29.2,8.4
2023-05-09T16:00Z,12,180,0.1,0.0,43.8,0.0,35.1,0.0,0.0,18.6,2.4
2023-05-09T16:00Z,13,144,0.1,0.0,32.5,0.1,53.9,0.0,0.0,7.3,6.2
2023-05-09T16:00Z,14,130,0.0,0.0,28.8,0.1,60.5,0.0,0.0,4.6,6.0
2023-05-09T16:00Z,15,192,4.9,0.0,45.4,0.3,20.5,12.1,0.0,10.3,6.4
2023-05-09T16:00Z,16,154,1.7,0.0,38.6,4.4,0.0,26.0,0.0,4.7,24.5
2023-05-09T16:00Z,17,278,0.0,0.0,70.7,6.8,0.0,0.0,0.0,7.9,14.6
2023-05-09T16:00Z,18,193,4.2,0.0,46.2,1.2,17.1,12.9,0.0,9.6,8.9
2023-05-09T16:30Z,1,11,1.6,0.0,2.4,23.6,4.5,21.2,0.0,2.6,44.1
2023-05-09T16:30Z,2,28,3.9,0.0,5.8,0.3,10.9,51.2,0.0,6.3,21.6
2023-05-09T16:30Z,3,90,4.1,0.0,21.6,0.0,5.0,59.8,0.0,3.3,6.1
2023-05-09T16:30Z,4,36,3.7,0.0,7.8,0.0,50.6,31.7,0.0,4.0,2.1
2023-05-09T16:30Z,5,290,28.9,0.0,64.8,0.0,0.0,0.0,0.0,3.0,3.3
2023-05-09T16:30Z,6,138,1.3,0.0,34.5,15.5,2.0,16.2,0.0,15.1,15.4
2023-05-09T16:30Z,7,329,0.0,0.0,83.6,0.0,0.0,0.0,0.0,5.8,10.7
2023-05-09T16:30Z,8,276,1.6,0.0,69.3,0.0,6.3,6.0,0.0,10.0,6.7
2023-05-09T16:30Z,9,337,4.5,0.0,84.1,0.0,0.0,0.0,0.0,8.4,3.0
2023-05-09T16:30Z,10,240,0.7,0.0,55.1,0.0,14.1,0.0,0.0,11.7,18.3
2023-05-09T16:30Z,11,261,0.0,0.0,66.2,0.0,0.0,0.0,0.0,25.4,8.4
2023-05-09T16:30Z,12,188,0.1,0.0,45.8,0.0,34.6,0.0,0.0,16.8,2.7
2023-05-09T16:30Z,13,150,0.1,0.0,34.1,0.1,52.4,0.0,0.0,6.5,6.9
2023-05-09T16:30Z,14,134,0.0,0.0,29.6,0.1,59.8,0.0,0.0,3.8,6.7
2023-05-09T16:30Z,15,198,5.1,0.0,46.5,0.4,20.1,12.0,0.0,9.0,6.7
2023-05-09T16:30Z,16,152,1.7,0.0,38.1,5.2,0.0,25.8,0.0,4.4,24.9
2023-05-09T16:30Z,17,279,0.0,0.0,70.9,7.6,0.0,0.0,0.0,7.3,14.3
2023-05-09T16:30Z,18,197,4.5,0.0,47.0,1.3,16.8,12.8,0.0,8.4,9.1
2023-05-09T17:00Z,1,11,1.6,0.0,2.3,25.3,4.6,21.0,0.0,2.2,43.0
2023-05-09T17:00Z,2,27,4.0,0.0,5.6,0.5,11.5,52.2,0.0,5.5,20.7
2023-05-09T17:00Z,3,88,4.0,0.0,21.0,0.0,5.1,60.4,0.0,2.8,6.6
2023-05-09T17:00Z,4,31,3.4,0.0,6.7,0.0,51.6,32.7,0.0,3.5,2.1
2023-05-09T17:00Z,5,290,29.8,0.0,64.5,0.0,0.0,0.0,0.0,2.4,3.2
2023-05-09T17:00Z,6,136,1.3,0.0,34.1,18.7,1.8,15.6,0.0,12.4,16.1
2023-05-09T17:00Z,7,331,0.0,0.0,84.0,0.0,0.0,0.0,0.0,5.1,10.8
2023-05-09T17:00Z,8,284,2.2,0.0,71.1,0.0,5.4,6.0,0.0,8.2,7.1
2023-05-09T17:00Z,9,340,5.9,0.0,84.5,0.0,0.0,0.0,0.0,6.6,3.0
2023-05-09T17:00Z,10,256,1.2,0.0,59.0,0.0,13.0,0.0,0.0,9.4,17.3
2023-05-09T17:00Z,11,267,0.0,0.0,67.7,0.0,0.0,0.0,0.0,23.6,8.8
2023-05-09T17:00Z,12,197,0.3,0.0,48.0,0.0,35.0,0.0,0.0,14.2,2.4
2023-05-09T17:00Z,13,162,0.2,0.0,37.4,0.1,49.7,0.0,0.0,5.9,6.8
2023-05-09T17:00Z,14,142,0.0,0.0,31.8,0.1,58.2,0.0,0.0,3.3,6.5
2023-05-09T17:00Z,15,202,5.3,0.0,47.4,0.5,20.2,12.2,0.0,7.6,6.8
2023-05-09T17:00Z,16,159,1.6,0.0,39.9,6.5,0.0,25.2,0.0,3.6,23.1
2023-05-09T17:00Z,17,279,0.0,0.0,70.8,8.7,0.0,0.0,0.0,6.1,14.4
2023-05-09T17:00Z,18,201,4.6,0.0,48.0,1.6,16.8,12.9,0.0,7.1,9.0
2023-05-09T17:30Z,1,17,2.0,0.0,3.7,27.6,3.0,20.6,0.0,1.8,41.4
2023-05-09T17:30Z,2,44,5.1,0.0,9.5,0.8,7.7,51.8,0.0,4.8,20.3
2023-05-09T17:30Z,3,98,4.9,0.0,23.5,0.0,2.2,59.5,0.0,2.3,7.6
2023-05-09T17:30Z,4,78,8.1,0.0,17.1,0.0,38.0,30.8,0.0,3.4,2.6
2023-05-09T17:30Z,5,293,29.9,0.0,65.1,0.0,0.0,0.0,0.0,1.8,3.1
2023-05-09T17:30Z,6,153,1.2,0.0,38.4,20.7,0.8,14.2,0.0,9.2,15.5
2023-05-09T17:30Z,7,336,0.0,0.0,85.2,0.0,0.0,0.0,0.0,4.1,10.7
2023-05-09T17:30Z,8,293,1.9,0.0,73.5,0.0,5.0,5.9,0.0,6.5,7.2
2023-05-09T17:30Z,9,347,5.5,0.0,86.5,0.0,0.0,0.0,0.0,5.1,2.9
2023-05-09T17:30Z,10,268,1.0,0.0,61.1,0.0,14.2,0.0,0.0,7.0,16.7
2023-05-09T17:30Z,11,279,0.0,0.0,70.8,0.0,0.0,0.0,0.0,20.2,9.0
2023-05-09T17:30Z,12,203,0.3,0.0,49.4,0.0,36.4,0.0,0.0,11.5,2.3
2023-05-09T17:30Z,13,170,0.1,0.0,39.2,0.1,50.0,0.0,0.0,4.5,6.1
2023-05-09T17:30Z,14,152,0.0,0.0,34.4,0.1,57.1,0.0,0.0,2.7,5.7
2023-05-09T17:30Z,15,210,5.4,0.0,49.2,0.7,19.5,12.4,0.0,6.1,6.7
2023-05-09T17:30Z,16,162,1.7,0.0,40.5,7.9,0.0,24.6,0.0,3.0,22.4
2023-05-09T17:30Z,17,275,0.0,0.0,69.7,11.0,0.0,0.0,0.0,4.8,14.5
2023-05-09T17:30Z,18,210,4.7,0.0,49.5,2.1,16.2,13.0,0.0,5.7,8.9
2023-05-09T18:00Z,1,20,2.1,0.0,4.3,30.2,2.7,20.6,0.0,1.4,38.7
2023-05-09T18:00Z,2,51,5.4,0.0,11.3,0.9,7.0,52.3,0.0,3.7,19.4
2023-05-09T18:00Z,3,103,5.0,0.0,24.6,0.0,1.7,59.4,0.0,1.6,7.6
2023-05-09T18:00Z,4,94,9.1,0.0,21.0,0.0,33.7,31.3,0.0,2.6,2.4
2023-05-09T18:00Z,5,300,28.5,0.0,67.5,0.0,0.0,0.0,0.0,1.2,2.8
2023-05-09T18:00Z,6,165,1.2,0.0,41.5,20.1,0.7,13.6,0.0,6.9,16.0
2023-05-09T18:00Z,7,343,0.0,0.0,87.0,0.0,0.0,0.0,0.0,3.1,10.0
2023-05-09T18:00Z,8,301,2.1,0.0,75.6,0.0,4.8,5.9,0.0,4.9,6.7
2023-05-09T18:00Z,9,352,5.8,0.0,87.6,0.0,0.0,0.0,0.0,3.7,2.8
2023-05-09T18:00Z,10,279,1.0,0.0,63.3,0.0,14.6,0.0,0.0,4.6,16.5
2023-05-09T18:00Z,11,296,0.0,0.0,75.1,0.0,0.0,0.0,0.0,16.1,8.8
2023-05-09T18:00Z,12,213,0.4,0.0,51.8,0.0,36.9,0.0,0.0,8.5,2.4
2023-05-09T18:00Z,13,170,0.2,0.0,38.7,0.2,50.9,0.0,0.0,3.2,6.9
2023-05-09T18:00Z,14,146,0.0,0.0,32.8,0.2,58.8,0.0,0.0,2.0,6.2
2023-05-09T18:00Z,15,215,5.6,0.0,50.6,0.7,18.7,12.6,0.0,4.7,7.1
2023-05-09T18:00Z,16,165,1.7,0.0,41.5,8.6,0.0,24.6,0.0,2.2,21.4
2023-05-09T18:00Z,17,277,0.0,0.0,70.4,11.8,0.0,0.0,0.0,3.6,14.2
2023-05-09T18:00Z,18,216,4.8,0.0,50.8,2.3,15.4,13.2,0.0,4.4,9.1
2023-05-09T18:30Z,1,18,2.0,0.0,4.1,32.5,3.8,20.7,0.0,1.0,35.8
2023-05-09T18:30Z,2,46,5.0,0.0,10.1,1.2,9.5,53.5,0.0,2.6,18.1
2023-05-09T18:30Z,3,99,4.9,0.0,23.7,0.0,3.2,59.7,0.0,1.1,7.5
2023-05-09T18:30Z,4,71,6.8,0.0,15.7,0.0,40.9,33.1,0.0,1.7,1.8
2023-05-09T18:30Z,5,303,28.4,0.0,68.2,0.0,0.0,0.0,0.0,0.8,2.6
2023-05-09T18:30Z,6,164,1.2,0.0,41.2,21.1,1.0,13.8,0.0,4.8,16.9
2023-05-09T18:30Z,7,348,0.0,0.0,88.4,0.0,0.0,0.0,0.0,2.1,9.5
2023-05-09T18:30Z,8,305,2.5,0.0,76.3,0.0,5.1,6.1,0.0,3.4,6.6
2023-05-09T18:30Z,9,355,6.9,0.0,87.9,0.0,0.0,0.0,0.0,2.4,2.8
2023-05-09T18:30Z,10,285,1.2,0.0,64.3,0.0,15.1,0.0,0.0,2.9,16.5
2023-05-09T18:30Z,11,312,0.0,0.0,79.1,0.0,0.0,0.0,0.0,12.1,8.8
2023-05-09T18:30Z,12,215,0.5,0.0,52.2,0.1,39.3,0.0,0.0,5.5,2.3
2023-05-09T18:30Z,13,175,0.2,0.0,39.7,0.2,50.8,0.0,0.0,2.0,7.1
2023-05-09T18:30Z,14,152,0.0,0.0,34.2,0.3,57.7,0.0,0.0,1.3,6.6
2023-05-09T18:30Z,15,221,5.5,0.0,51.7,0.7,19.5,12.8,0.0,3.1,6.7
2023-05-09T18:30Z,16,171,1.7,0.0,43.0,9.4,0.0,23.8,0.0,1.6,20.5
2023-05-09T18:30Z,17,279,0.0,0.0,70.8,12.8,0.0,0.0,0.0,2.4,14.0
2023-05-09T18:30Z,18,219,4.7,0.0,51.9,2.4,16.1,13.3,0.0,2.9,8.7
2023-05-09T19:00Z,1,25,2.4,0.0,5.6,33.4,2.2,20.9,0.0,0.7,34.9
2023-05-09T19:00Z,2,61,5.9,0.0,13.7,1.3,5.4,53.5,0.0,1.6,18.6
2023-05-09T19:00Z,3,103,5.0,0.0,24.5,0.0,0.7,61.2,0.0,0.6,7.9
2023-05-09T19:00Z,4,116,11.0,0.0,26.0,0.0,26.1,33.3,0.0,1.1,2.3
2023-05-09T19:00Z,5,304,28.4,0.0,68.6,0.0,0.0,0.0,0.0,0.5,2.6
2023-05-09T19:00Z,6,171,1.0,0.0,43.0,21.4,0.4,13.3,0.0,2.8,18.0
2023-05-09T19:00Z,7,353,0.0,0.0,89.7,0.0,0.0,0.0,0.0,1.3,9.0
2023-05-09T19:00Z,8,312,2.1,0.0,78.3,0.0,5.1,6.2,0.0,2.1,6.2
2023-05-09T19:00Z,9,362,5.9,0.0,90.0,0.0,0.0,0.0,0.0,1.4,2.7
2023-05-09T19:00Z,10,287,0.9,0.0,66.1,0.0,14.6,0.0,0.0,1.7,16.8
2023-05-09T19:00Z,11,332,0.0,0.0,84.3,0.0,0.0,0.0,0.0,7.4,8.3
2023-05-09T19:00Z,12,230,0.4,0.0,56.2,0.1,37.5,0.0,0.0,3.4,2.5
2023-05-09T19:00Z,13,178,0.1,0.0,40.8,0.2,50.5,0.0,0.0,1.1,7.2
2023-05-09T19:00Z,14,159,0.0,0.0,36.0,0.3,56.2,0.0,0.0,0.7,6.8
2023-05-09T19:00Z,15,225,5.6,0.0,52.7,0.6,19.6,13.2,0.0,1.8,6.6
2023-05-09T19:00Z,16,170,1.7,0.0,42.6,10.1,0.0,23.5,0.0,1.0,21.0
2023-05-09T19:00Z,17,282,0.0,0.0,71.6,12.7,0.0,0.0,0.0,1.5,14.3
2023-05-09T19:00Z,18,225,4.8,0.0,52.8,2.5,16.1,13.5,0.0,1.7,8.8
2023-05-09T19:30Z,1,25,2.4,0.0,5.5,34.5,2.6,21.1,0.0,0.4,33.5
2023-05-09T19:30Z,2,60,5.8,0.0,13.4,1.4,6.3,54.2,0.0,0.8,18.1
2023-05-09T19:30Z,3,102,5.0,0.0,24.3,0.0,1.1,61.5,0.0,0.3,7.8
2023-05-09T19:30Z,4,108,10.1,0.0,24.1,0.0,29.2,33.9,0.0,0.5,2.2
2023-05-09T19:30Z,5,306,28.3,0.0,69.0,0.0,0.0,0.0,0.0,0.2,2.5
2023-05-09T19:30Z,6,173,1.1,0.0,43.6,20.7,0.3,13.4,0.0,1.3,19.7
2023-05-09T19:30Z,7,359,0.0,0.0,91.1,0.0,0.0,0.0,0.0,0.6,8.3
2023-05-09T19:30Z,8,319,2.6,0.0,79.9,0.0,4.0,6.6,0.0,0.9,6.0
2023-05-09T19:30Z,9,363,6.8,0.0,90.1,0.0,0.0,0.0,0.0,0.6,2.5
2023-05-09T19:30Z,10,293,1.3,0.0,65.3,0.0,16.1,0.0,0.0,0.7,16.6
2023-05-09T19:30Z,11,348,0.0,0.0,88.4,0.0,0.0,0.0,0.0,3.6,8.0
2023-05-09T19:30Z,12,245,0.7,0.0,60.1,0.0,35.1,0.0,0.0,1.5,2.6
2023-05-09T19:30Z,13,184,0.2,0.0,42.6,0.2,49.1,0.0,0.0,0.4,7.5
2023-05-09T19:30Z,14,165,0.0,0.0,37.8,0.3,54.5,0.0,0.0,0.2,7.2
2023-05-09T19:30Z,15,231,5.6,0.0,53.8,0.6,19.5,13.2,0.0,0.8,6.5
2023-05-09T19:30Z,16,178,1.7,0.0,44.6,10.3,0.0,22.7,0.0,0.5,20.1
2023-05-09T19:30Z,17,286,0.0,0.0,72.6,12.2,0.0,0.0,0.0,0.7,14.5
2023-05-09T19:30Z,18,230,4.8,0.0,54.0,2.5,15.9,13.5,0.0,0.7,8.6
2023-05-09T20:00Z,1,22,2.3,0.0,5.0,32.8,3.0,22.6,0.0,0.1,34.1
2023-05-09T20:00Z,2,55,5.6,0.0,12.3,1.0,7.4,54.8,0.0,0.3,18.4
2023-05-09T20:00Z,3,97,4.7,0.0,23.2,0.0,1.6,63.0,0.0,0.1,7.5
2023-05-09T20:00Z,4,92,8.7,0.0,20.6,0.0,32.7,35.8,0.0,0.2,2.1
2023-05-09T20:00Z,5,305,28.5,0.0,68.7,0.0,0.0,0.0,0.0,0.1,2.7
2023-05-09T20:00Z,6,174,1.2,0.0,43.9,17.1,0.4,14.1,0.0,0.4,22.9
2023-05-09T20:00Z,7,361,0.0,0.0,91.6,0.0,0.0,0.0,0.0,0.2,8.3
2023-05-09T20:00Z,8,326,2.8,0.0,81.8,0.0,1.7,6.9,0.0,0.3,6.5
2023-05-09T20:00Z,9,362,7.7,0.0,89.5,0.0,0.0,0.0,0.0,0.2,2.6
2023-05-09T20:00Z,10,299,1.9,0.0,68.6,0.0,12.6,0.0,0.0,0.2,16.7
2023-05-09T20:00Z,11,358,0.0,0.0,91.0,0.0,0.0,0.0,0.0,1.1,7.9
2023-05-09T20:00Z,12,280,1.1,0.0,69.3,0.0,25.9,0.0,0.0,0.4,3.1
2023-05-09T20:00Z,13,204,0.4,0.0,48.2,0.1,42.5,0.0,0.0,0.1,8.6
2023-05-09T20:00Z,14,174,0.0,0.0,40.8,0.2,50.8,0.0,0.0,0.0,8.2
2023-05-09T20:00Z,15,232,5.8,0.0,54.0,0.5,19.1,13.4,0.0,0.2,6.9
2023-05-09T20:00Z,16,183,1.7,0.0,46.0,9.4,0.0,22.4,0.0,0.2,20.2
2023-05-09T20:00Z,17,293,0.0,0.0,74.4,10.1,0.0,0.0,0.0,0.2,15.3
2023-05-09T20:00Z,18,233,5.0,0.0,54.4,2.2,15.6,13.6,0.0,0.2,9.0
2023-05-09T20:30Z,1,20,2.2,0.0,4.4,31.1,3.2,24.6,0.0,0.0,34.6
2023-05-09T20:30Z,2,48,5.2,0.0,10.6,0.7,7.7,57.4,0.0,0.0,18.3
2023-05-09T20:30Z,3,94,4.4,0.0,22.5,0.0,1.8,64.4,0.0,0.0,6.9
2023-05-09T20:30Z,4,78,7.8,0.0,17.2,0.0,35.3,37.7,0.0,0.0,2.0
2023-05-09T20:30Z,5,300,29.9,0.0,67.0,0.0,0.0,0.0,0.0,0.0,3.1
2023-05-09T20:30Z,6,177,1.1,0.0,44.7,12.7,0.5,15.3,0.0,0.0,25.7
2023-05-09T20:30Z,7,361,0.0,0.0,91.6,0.0,0.0,0.0,0.0,0.0,8.4
2023-05-09T20:30Z,8,326,2.8,0.0,81.9,0.0,1.7,6.9,0.0,0.0,6.8
2023-05-09T20:30Z,9,363,7.4,0.0,89.9,0.0,0.0,0.0,0.0,0.0,2.7
2023-05-09T20:30Z,10,301,1.7,0.0,66.8,0.0,14.2,0.0,0.0,0.0,17.2
2023-05-09T20:30Z,11,355,0.0,0.0,90.2,0.0,0.0,0.0,0.0,0.0,9.8
2023-05-09T20:30Z,12,269,1.3,0.0,66.1,0.0,29.7,0.0,0.0,0.0,2.9
2023-05-09T20:30Z,13,210,0.4,0.0,49.0,0.1,41.0,0.0,0.0,0.0,9.4
2023-05-09T20:30Z,14,181,0.0,0.0,42.6,0.2,48.6,0.0,0.0,0.0,8.7
2023-05-09T20:30Z,15,226,5.8,0.0,52.3,0.4,20.3,13.9,0.0,0.0,7.2
2023-05-09T20:30Z,16,182,1.7,0.0,45.7,8.4,0.0,24.1,0.0,0.0,20.2
2023-05-09T20:30Z,17,300,0.0,0.0,76.2,7.5,0.0,0.0,0.0,0.0,16.3
2023-05-09T20:30Z,18,229,5.0,0.0,53.0,1.8,16.7,14.2,0.0,0.0,9.2
2023-05-09T21:00Z,1,23,2.9,0.0,4.8,25.1,2.3,27.4,0.0,0.0,37.4
2023-05-09T21:00Z,2,46,6.0,0.0,9.9,0.4,4.8,59.1,0.0,0.0,19.9
2023-05-09T21:00Z,3,82,4.6,0.0,19.3,0.0,0.4,66.0,0.0,0.0,9.7
2023-05-09T21:00Z,4,93,11.9,0.0,19.9,0.0,25.8,39.4,0.0,0.0,3.0
2023-05-09T21:00Z,5,280,35.6,0.0,60.3,0.0,0.0,0.0,0.0,0.0,4.1
2023-05-09T21:00Z,6,158,1.2,0.0,39.7,7.9,0.2,17.3,0.0,0.0,33.7
2023-05-09T21:00Z,7,360,0.0,0.0,91.5,0.0,0.0,0.0,0.0,0.0,8.5
2023-05-09T21:00Z,8,327,1.6,0.0,82.4,0.0,1.7,7.5,0.0,0.0,6.9
2023-05-09T21:00Z,9,370,4.5,0.0,92.5,0.0,0.0,0.0,0.0,0.0,3.0
2023-05-09T21:00Z,10,286,0.8,0.0,65.9,0.0,10.6,0.0,0.0,0.0,22.7
2023-05-09T21:00Z,11,352,0.0,0.0,89.4,0.0,0.0,0.0,0.0,0.0,10.6
2023-05-09T21:00Z,12,266,0.7,0.0,65.6,0.0,30.7,0.0,0.0,0.0,3.1
2023-05-09T21:00Z,13,216,0.2,0.0,51.5,0.1,36.7,0.0,0.0,0.0,11.6
2023-05-09T21:00Z,14,189,0.0,0.0,45.3,0.1,45.0,0.0,0.0,0.0,9.6
2023-05-09T21:00Z,15,223,5.9,0.0,51.9,0.3,19.0,14.5,0.0,0.0,8.4
2023-05-09T21:00Z,16,190,1.8,0.0,47.8,6.0,0.0,24.3,0.0,0.0,20.1
2023-05-09T21:00Z,17,301,0.0,0.0,76.4,5.4,0.0,0.0,0.0,0.0,18.2
2023-05-09T21:00Z,18,227,5.0,0.0,52.9,1.3,15.7,14.8,0.0,0.0,10.3
2023-05-09T21:30Z,1,19,3.0,0.0,4.0,23.0,2.8,30.4,0.0,0.0,36.8
2023-05-09T21:30Z,2,38,5.9,0.0,7.8,0.3,5.4,60.5,0.0,0.0,20.1
2023-05-09T21:30Z,3,72,4.8,0.0,16.9,0.0,0.8,66.0,0.0,0.0,11.5
2023-05-09T21:30Z,4,74,11.1,0.0,15.3,0.0,28.5,42.0,0.0,0.0,3.1
2023-05-09T21:30Z,5,266,39.6,0.0,55.4,0.0,0.0,0.0,0.0,0.0,5.0
2023-05-09T21:30Z,6,141,1.3,0.0,35.3,6.7,0.4,17.6,0.0,0.0,38.8
2023-05-09T21:30Z,7,358,0.0,0.0,91.0,0.0,0.0,0.0,0.0,0.0,9.0
2023-05-09T21:30Z,8,322,1.4,0.0,81.2,0.0,2.4,7.7,0.0,0.0,7.3
2023-05-09T21:30Z,9,369,4.0,0.0,92.5,0.0,0.0,0.0,0.0,0.0,3.5
2023-05-09T21:30Z,10,267,0.4,0.0,59.4,0.0,12.2,0.0,0.0,0.0,28.0
2023-05-09T21:30Z,11,354,0.0,0.0,89.8,0.0,0.0,0.0,0.0,0.0,10.2
2023-05-09T21:30Z,12,263,0.5,0.0,64.9,0.0,31.1,0.0,0.0,0.0,3.4
2023-05-09T21:30Z,13,207,0.1,0.0,48.7,0.1,37.4,0.0,0.0,0.0,13.6
2023-05-09T21:30Z,14,182,0.0,0.0,43.5,0.1,46.4,0.0,0.0,0.0,10.0
2023-05-09T21:30Z,15,201,6.7,0.0,46.2,0.3,20.1,15.7,0.0,0.0,11.0
2023-05-09T21:30Z,16,188,2.0,0.0,47.2,4.1,0.0,25.5,0.0,0.0,21.3
2023-05-09T21:30Z,17,294,0.0,0.0,74.6,4.0,0.0,0.0,0.0,0.0,21.3
2023-05-09T21:30Z,18,213,5.8,0.0,48.1,0.9,16.6,15.8,0.0,0.0,12.8
2023-05-09T22:00Z,1,13,2.6,0.0,2.4,18.8,3.8,32.6,0.0,0.0,39.7
2023-05-09T22:00Z,2,25,5.1,0.0,4.6,0.2,7.4,62.8,0.0,0.0,19.8
2023-05-09T22:00Z,3,61,4.6,0.0,14.2,0.0,2.3,67.0,0.0,0.0,12.0
2023-05-09T22:00Z,4,43,6.9,0.0,8.6,0.0,36.7,45.2,0.0,0.0,2.6
2023-05-09T22:00Z,5,258,41.4,0.0,52.9,0.0,0.0,0.0,0.0,0.0,5.7
2023-05-09T22:00Z,6,98,1.5,0.0,24.3,6.4,0.8,19.2,0.0,0.0,47.9
2023-05-09T22:00Z,7,356,0.0,0.0,90.4,0.0,0.0,0.0,0.0,0.0,9.6
2023-05-09T22:00Z,8,317,2.2,0.0,79.8,0.0,2.3,7.5,0.0,0.0,8.3
2023-05-09T22:00Z,9,361,6.0,0.0,89.8,0.0,0.0,0.0,0.0,0.0,4.2
2023-05-09T22:00Z,10,254,0.6,0.0,53.4,0.0,14.4,0.0,0.0,0.0,31.6
2023-05-09T22:00Z,11,352,0.0,0.0,89.5,0.0,0.0,0.0,0.0,0.1,10.5
2023-05-09T22:00Z,12,262,0.8,0.0,64.6,0.0,30.4,0.0,0.0,0.1,4.0
2023-05-09T22:00Z,13,198,0.2,0.0,45.5,0.1,38.4,0.0,0.0,0.0,15.9
2023-05-09T22:00Z,14,175,0.0,0.0,41.6,0.1,46.9,0.0,0.0,0.0,11.4
2023-05-09T22:00Z,15,193,6.9,0.0,43.6,0.3,20.6,16.1,0.0,0.0,12.5
2023-05-09T22:00Z,16,184,2.1,0.0,46.0,3.0,0.0,26.8,0.0,0.0,22.2
2023-05-09T22:00Z,17,284,0.0,0.0,72.0,3.6,0.0,0.0,0.0,0.0,24.5
2023-05-09T22:00Z,18,205,6.0,0.0,45.6,0.7,17.1,16.3,0.0,0.0,14.3
2023-05-09T22:30Z,1,10,2.3,0.0,1.9,18.6,3.4,32.6,0.0,0.0,41.3
2023-05-09T22:30Z,2,21,4.8,0.0,3.8,0.2,6.8,63.5,0.0,0.0,21.0
2023-05-09T22:30Z,3,56,3.7,0.0,13.1,0.0,1.8,68.3,0.0,0.0,13.1
2023-05-09T22:30Z,4,30,5.8,0.0,5.8,0.0,37.4,48.4,0.0,0.0,2.7
2023-05-09T22:30Z,5,241,46.0,0.0,47.2,0.0,0.0,0.0,0.0,0.0,6.9
2023-05-09T22:30Z,6,88,1.1,0.0,22.0,6.3,0.6,18.3,0.0,0.0,51.7
2023-05-09T22:30Z,7,355,0.0,0.0,90.0,0.0,0.0,0.0,0.0,0.0,10.0
2023-05-09T22:30Z,8,310,2.0,0.0,78.0,0.0,3.1,7.8,0.0,0.0,9.1
2023-05-09T22:30Z,9,350,8.0,0.0,86.3,0.0,0.0,0.0,0.0,0.0,5.8
2023-05-09T22:30Z,10,219,0.2,0.0,43.5,0.0,17.4,0.0,0.0,0.0,38.9
2023-05-09T22:30Z,11,348,0.0,0.0,88.3,0.0,0.0,0.0,0.0,0.0,11.7
2023-05-09T22:30Z,12,249,0.5,0.0,61.3,0.0,34.0,0.0,0.0,0.0,4.2
2023-05-09T22:30Z,13,179,0.1,0.0,41.2,0.1,42.2,0.0,0.0,0.0,16.5
2023-05-09T22:30Z,14,168,0.0,0.0,39.9,0.1,47.6,0.0,0.0,0.0,12.4
2023-05-09T22:30Z,15,184,7.2,0.0,41.3,0.2,20.3,17.1,0.0,0.0,14.0
2023-05-09T22:30Z,16,184,2.1,0.0,46.2,2.5,0.0,27.0,0.0,0.0,22.3
2023-05-09T22:30Z,17,283,0.0,0.0,71.8,3.0,0.0,0.0,0.0,0.0,25.2
2023-05-09T22:30Z,18,195,6.2,0.0,43.6,0.7,16.8,17.1,0.0,0.0,15.6
2023-05-09T23:00Z,1,10,2.6,0.0,1.8,17.0,2.1,32.2,0.0,0.0,44.2
2023-05-09T23:00Z,2,21,5.3,0.0,3.7,0.1,4.3,64.5,0.0,0.0,22.0
2023-05-09T23:00Z,3,53,3.5,0.0,12.3,0.0,0.6,69.5,0.0,0.0,14.1
2023-05-09T23:00Z,4,45,9.4,0.0,8.4,0.0,29.6,48.9,0.0,0.0,3.7
2023-05-09T23:00Z,5,231,48.2,0.0,43.9,0.0,0.0,0.0,0.0,0.0,7.9
2023-05-09T23:00Z,6,79,0.9,0.0,19.7,4.6,0.2,18.1,0.0,0.1,56.4
2023-05-09T23:00Z,7,353,0.0,0.0,89.6,0.0,0.0,0.0,0.0,0.0,10.4
2023-05-09T23:00Z,8,306,1.9,0.0,77.1,0.1,1.8,8.8,0.0,0.0,10.3
2023-05-09T23:00Z,9,352,6.6,0.0,87.3,0.0,0.0,0.0,0.0,0.0,6.1
2023-05-09T23:00Z,10,211,0.2,0.0,41.4,0.0,16.1,0.0,0.0,0.0,42.3
2023-05-09T23:00Z,11,347,0.0,0.0,88.0,0.0,0.0,0.0,0.0,0.1,11.9
2023-05-09T23:00Z,12,248,0.7,0.0,60.9,0.0,32.9,0.0,0.0,0.1,5.3
2023-05-09T23:00Z,13,177,0.1,0.0,40.5,0.1,38.7,0.0,0.0,0.0,20.6
2023-05-09T23:00Z,14,166,0.0,0.0,39.9,0.1,45.4,0.0,0.0,0.0,14.5
2023-05-09T23:00Z,15,171,7.6,0.0,37.6,0.2,20.6,18.0,0.0,0.0,16.1
2023-05-09T23:00Z,16,181,2.2,0.0,45.3,2.0,0.0,28.0,0.0,0.0,22.5
2023-05-09T23:00Z,17,277,0.0,0.0,70.3,2.1,0.0,0.0,0.0,0.0,27.6
2023-05-09T23:00Z,18,188,6.5,0.0,40.4,0.5,17.2,18.0,0.0,0.0,17.5
2023-05-09T23:30Z,1,7,2.5,0.0,1.1,15.6,2.3,32.5,0.0,0.0,46.0
2023-05-09T23:30Z,2,15,5.1,0.0,2.2,0.1,4.7,64.8,0.0,0.0,23.0
2023-05-09T23:30Z,3,28,3.4,0.0,6.0,0.0,0.9,73.8,0.0,0.0,15.9
2023-05-09T23:30Z,4,32,7.7,0.0,5.7,0.0,32.2,50.8,0.0,0.0,3.6
2023-05-09T23:30Z,5,218,51.4,0.0,39.6,0.0,0.0,0.0,0.0,0.0,9.0
2023-05-09T23:30Z,6,75,0.7,0.0,18.9,3.3,0.2,18.3,0.0,0.0,58.7
2023-05-09T23:30Z,7,353,0.0,0.0,89.5,0.0,0.0,0.0,0.0,0.0,10.5
2023-05-09T23:30Z,8,294,2.0,0.0,73.9,0.1,1.7,9.8,0.0,0.0,12.5
2023-05-09T23:30Z,9,341,8.3,0.0,84.0,0.0,0.1,0.0,0.0,0.0,7.6
2023-05-09T23:30Z,10,197,0.0,0.0,36.1,0.0,17.6,0.0,0.0,0.0,46.3
2023-05-09T23:30Z,11,337,0.0,0.0,85.5,0.0,0.0,0.0,0.0,0.0,14.5
2023-05-09T23:30Z,12,240,0.9,0.0,58.8,0.1,34.5,0.0,0.0,0.0,5.8
2023-05-09T23:30Z,13,167,0.0,0.0,37.3,0.1,39.7,0.0,0.0,0.0,22.9
2023-05-09T23:30Z,14,158,0.0,0.0,37.7,0.2,46.4,0.0,0.0,0.0,15.7
2023-05-09T23:30Z,15,163,7.8,0.0,35.0,0.1,21.1,18.1,0.0,0.0,17.8
2023-05-09T23:30Z,16,184,2.3,0.0,46.0,1.3,0.0,27.2,0.0,0.0,23.2
2023-05-09T23:30Z,17,267,0.0,0.0,67.7,1.3,0.0,0.0,0.0,0.0,31.0
2023-05-09T23:30Z,18,179,6.8,0.0,38.0,0.3,17.7,18.1,0.0,0.0,19.2
2023-05-10T00:00Z,1,7,2.5,0.0,1.0,13.4,2.7,32.6,0.0,0.0,47.8
2023-05-10T00:00Z,2,13,4.9,0.0,1.9,0.0,5.4,65.2,0.0,0.0,22.5
2023-05-10T00:00Z,3,24,3.4,0.0,5.0,0.0,1.2,75.0,0.0,0.0,15.4
2023-05-10T00:00Z,4,25,6.2,0.0,4.4,0.0,34.7,51.4,0.0,0.0,3.3
2023-05-10T00:00Z,5,214,51.7,0.0,38.6,0.0,0.0,0.0,0.0,0.0,9.7
2023-05-10T00:00Z,6,75,0.7,0.0,18.7,1.1,0.3,18.3,0.0,0.1,60.8
2023-05-10T00:00Z,7,352,0.0,0.0,89.3,0.0,0.0,0.0,0.0,0.0,10.6
2023-05-10T00:00Z,8,283,2.0,0.0,71.0,0.1,2.2,11.1,0.0,0.0,13.6
2023-05-10T00:00Z,9,333,8.0,0.0,81.4,0.0,0.8,0.0,0.0,0.0,9.8
2023-05-10T00:00Z,10,192,0.0,0.0,34.4,0.0,18.7,0.0,0.0,0.1,46.9
2023-05-10T00:00Z,11,321,0.1,0.0,81.4,0.0,3.1,0.0,0.0,0.0,15.4
2023-05-10T00:00Z,12,230,0.8,0.0,56.0,0.1,36.4,0.0,0.0,0.0,6.7
2023-05-10T00:00Z,13,155,0.0,0.0,34.2,0.1,43.4,0.0,0.0,0.0,22.2
2023-05-10T00:00Z,14,145,0.0,0.0,34.2,0.2,50.1,0.0,0.0,0.0,15.5
2023-05-10T00:00Z,15,162,7.8,0.0,34.6,0.1,20.8,18.2,0.0,0.0,18.4
2023-05-10T00:00Z,16,189,2.3,0.0,47.2,1.1,0.0,26.0,0.0,0.0,23.4
2023-05-10T00:00Z,17,273,0.0,0.0,69.3,0.5,0.0,0.0,0.0,0.0,30.1
2023-05-10T00:00Z,18,176,6.8,0.0,38.0,0.2,17.4,18.0,0.0,0.0,19.6
2023-05-10T00:30Z,1,5,2.0,0.0,0.5,12.2,2.8,32.8,0.0,0.0,49.6
2023-05-10T00:30Z,2,9,4.1,0.0,1.1,0.0,5.6,66.6,0.0,0.0,22.6
2023-05-10T00:30Z,3,16,1.6,0.0,3.6,0.0,1.2,78.4,0.0,0.0,15.2
2023-05-10T00:30Z,4,7,1.6,0.0,1.0,0.0,39.2,55.5,0.0,0.0,2.7
2023-05-10T00:30Z,5,212,51.4,0.0,38.2,0.0,0.0,0.0,0.0,0.0,10.4
2023-05-10T00:30Z,6,76,0.3,0.0,19.3,0.6,0.2,17.8,0.0,0.0,61.8
2023-05-10T00:30Z,7,354,0.0,0.0,89.9,0.0,0.0,0.0,0.0,0.0,10.1
2023-05-10T00:30Z,8,275,1.9,0.0,68.9,0.0,1.6,12.5,0.0,0.0,15.0
2023-05-10T00:30Z,9,295,13.9,0.0,69.2,0.0,1.8,0.0,0.0,0.0,15.1
2023-05-10T00:30Z,10,191,0.0,0.0,34.7,0.0,17.7,0.0,0.0,0.0,47.5
2023-05-10T00:30Z,11,295,0.2,0.0,74.5,0.0,8.0,0.0,0.0,0.0,17.3
2023-05-10T00:30Z,12,220,0.9,0.0,53.4,0.1,38.8,0.0,0.0,0.0,6.8
2023-05-10T00:30Z,13,155,0.0,0.0,34.5,0.1,42.5,0.0,0.0,0.0,22.8
2023-05-10T00:30Z,14,146,0.0,0.0,34.5,0.2,49.2,0.0,0.0,0.0,16.1
2023-05-10T00:30Z,15,157,7.4,0.0,33.9,0.1,22.2,18.3,0.0,0.0,18.2
2023-05-10T00:30Z,16,195,2.2,0.0,48.7,1.2,0.0,25.3,0.0,0.0,22.5
2023-05-10T00:30Z,17,274,0.0,0.0,69.4,0.4,0.0,0.0,0.0,0.0,30.1
2023-05-10T00:30Z,18,170,6.4,0.0,37.6,0.2,18.5,18.0,0.0,0.0,19.4
2023-05-10T01:00Z,1,4,2.0,0.0,0.4,11.8,3.0,32.6,0.0,0.0,50.2
2023-05-10T01:00Z,2,8,4.0,0.0,0.7,0.0,6.1,67.0,0.0,0.0,22.2
2023-05-10T01:00Z,3,12,1.3,0.0,2.7,0.0,1.3,80.4,0.0,0.0,14.4
2023-05-10T01:00Z,4,1,0.4,0.0,0.0,0.0,40.2,57.1,0.0,0.0,2.3
2023-05-10T01:00Z,5,208,52.2,0.0,37.0,0.0,0.0,0.0,0.0,0.0,10.8
2023-05-10T01:00Z,6,74,0.3,0.0,18.8,0.9,0.3,17.7,0.0,0.1,62.0
2023-05-10T01:00Z,7,351,0.0,0.0,89.0,0.0,0.0,0.0,0.0,0.0,10.9
2023-05-10T01:00Z,8,253,2.5,0.0,63.0,0.1,3.1,13.6,0.0,0.0,17.6
2023-05-10T01:00Z,9,270,17.5,0.0,61.1,0.0,2.7,0.0,0.0,0.0,18.7
2023-05-10T01:00Z,10,183,0.0,0.0,31.3,0.0,19.6,0.0,0.0,0.0,49.0
2023-05-10T01:00Z,11,296,0.1,0.0,74.8,0.0,7.8,0.0,0.0,0.0,17.3
2023-05-10T01:00Z,12,201,0.5,0.0,48.4,0.1,44.2,0.0,0.0,0.0,6.8
2023-05-10T01:00Z,13,151,0.0,0.0,33.7,0.1,44.3,0.0,0.0,0.0,21.8
2023-05-10T01:00Z,14,145,0.0,0.0,34.3,0.2,49.4,0.0,0.0,0.0,16.2
2023-05-10T01:00Z,15,154,7.3,0.0,32.8,0.1,22.8,18.5,0.0,0.0,18.6
2023-05-10T01:00Z,16,195,2.2,0.0,48.8,1.4,0.0,24.9,0.0,0.0,22.7
2023-05-10T01:00Z,17,272,0.0,0.0,69.1,0.7,0.0,0.0,0.0,0.0,30.1
2023-05-10T01:00Z,18,164,6.3,0.0,36.7,0.3,19.0,18.1,0.0,0.0,19.7
2023-05-10T01:30Z,1,3,2.1,0.0,0.2,11.9,2.7,32.1,0.0,0.0,51.0
2023-05-10T01:30Z,2,7,4.4,0.0,0.5,0.0,5.5,67.1,0.0,0.0,22.5
2023-05-10T01:30Z,3,4,1.1,0.0,0.7,0.0,0.9,82.5,0.0,0.0,14.7
2023-05-10T01:30Z,4,3,0.7,0.0,0.2,0.0,38.7,58.0,0.0,0.0,2.3
2023-05-10T01:30Z,5,200,53.4,0.0,34.4,0.0,0.0,0.0,0.0,0.0,12.1
2023-05-10T01:30Z,6,66,0.2,0.0,16.6,1.8,0.2,17.8,0.0,0.0,63.3
2023-05-10T01:30Z,7,354,0.0,0.0,89.8,0.0,0.0,0.0,0.0,0.0,10.2
2023-05-10T01:30Z,8,256,2.1,0.0,64.0,0.1,3.4,13.7,0.0,0.0,16.7
2023-05-10T01:30Z,9,263,16.7,0.0,59.6,0.0,2.9,0.0,0.0,0.0,20.8
2023-05-10T01:30Z,10,166,0.0,0.0,26.6,0.0,20.9,0.0,0.0,0.0,52.5
2023-05-10T01:30Z,11,283,0.0,0.0,71.2,0.0,10.7,0.0,0.0,0.0,18.1
2023-05-10T01:30Z,12,195,0.1,0.0,47.1,0.1,46.6,0.0,0.0,0.0,6.1
2023-05-10T01:30Z,13,143,0.0,0.0,32.0,0.1,46.8,0.0,0.0,0.0,21.1
2023-05-10T01:30Z,14,140,0.0,0.0,32.8,0.1,50.8,0.0,0.0,0.0,16.2
2023-05-10T01:30Z,15,148,7.4,0.0,30.2,0.1,24.3,18.9,0.0,0.0,19.1
2023-05-10T01:30Z,16,191,2.4,0.0,47.8,1.3,0.0,24.9,0.0,0.0,23.6
2023-05-10T01:30Z,17,267,0.0,0.0,67.9,1.0,0.0,0.0,0.0,0.0,31.1
2023-05-10T01:30Z,18,158,6.4,0.0,34.4,0.3,20.2,18.3,0.0,0.0,20.4
2023-05-10T02:00Z,1,7,2.8,0.0,0.8,11.9,1.7,31.7,0.0,0.0,51.1
2023-05-10T02:00Z,2,13,5.7,0.0,1.7,0.1,3.6,66.4,0.0,0.0,22.5
2023-05-10T02:00Z,3,12,2.2,0.0,2.4,0.0,0.0,81.0,0.0,0.0,14.4
2023-05-10T02:00Z,4,32,8.7,0.0,5.5,0.0,26.1,55.5,0.0,0.0,4.1
2023-05-10T02:00Z,5,199,52.8,0.0,34.3,0.0,0.0,0.0,0.0,0.0,12.9
2023-05-10T02:00Z,6,65,0.5,0.0,16.3,2.3,0.0,17.4,0.0,0.0,63.5
2023-05-10T02:00Z,7,349,0.0,0.0,88.5,0.0,0.0,0.0,0.0,0.0,11.5
2023-05-10T02:00Z,8,237,2.0,0.0,58.4,0.2,8.3,14.3,0.0,0.0,16.8
2023-05-10T02:00Z,9,249,10.0,0.0,55.7,0.0,8.1,0.0,0.0,0.0,26.2
2023-05-10T02:00Z,10,165,0.0,0.0,25.1,0.0,23.9,0.0,0.0,0.0,51.0
2023-05-10T02:00Z,11,278,0.0,0.0,70.0,0.0,11.6,0.0,0.0,0.1,18.2
2023-05-10T02:00Z,12,173,0.0,0.0,41.2,0.0,52.3,0.0,0.0,0.0,6.5
2023-05-10T02:00Z,13,123,0.0,0.0,27.2,0.1,55.5,0.0,0.0,0.0,17.1
2023-05-10T02:00Z,14,120,0.0,0.0,27.4,0.1,57.7,0.0,0.0,0.0,14.8
2023-05-10T02:00Z,15,146,7.2,0.0,29.5,0.1,24.2,18.8,0.0,0.0,20.2
2023-05-10T02:00Z,16,193,2.4,0.0,48.4,1.4,0.0,24.3,0.0,0.0,23.5
2023-05-10T02:00Z,17,273,0.0,0.0,69.4,1.1,0.0,0.0,0.0,0.0,29.5
2023-05-10T02:00Z,18,154,6.2,0.0,34.1,0.3,20.1,18.2,0.0,0.0,21.2
2023-05-10T02:30Z,1,8,3.0,0.0,1.1,11.7,1.5,31.1,0.0,0.0,51.7
2023-05-10T02:30Z,2,16,6.3,0.0,2.2,0.1,3.2,65.8,0.0,0.0,22.4
2023-05-10T02:30Z,3,16,2.7,0.0,3.3,0.0,0.0,80.2,0.0,0.0,13.8
2023-05-10T02:30Z,4,45,11.6,0.0,7.8,0.0,22.0,53.5,0.0,0.0,5.1
2023-05-10T02:30Z,5,200,51.2,0.0,35.2,0.0,0.0,0.0,0.0,0.0,13.6
2023-05-10T02:30Z,6,60,0.6,0.0,15.1,2.4,0.0,17.5,0.0,0.0,64.3
2023-05-10T02:30Z,7,344,0.0,0.0,87.3,0.0,0.0,0.0,0.0,0.0,12.7
2023-05-10T02:30Z,8,223,1.8,0.0,54.2,0.2,11.3,14.7,0.0,0.0,17.8
2023-05-10T02:30Z,9,246,6.7,0.0,54.3,0.0,10.7,0.0,0.0,0.0,28.2
2023-05-10T02:30Z,10,162,0.0,0.0,21.8,0.0,27.0,0.0,0.0,0.0,51.1
2023-05-10T02:30Z,11,271,0.0,0.0,68.2,0.0,13.1,0.0,0.0,0.0,18.7
2023-05-10T02:30Z,12,173,0.0,0.0,41.2,0.0,52.2,0.0,0.0,0.0,6.5
2023-05-10T02:30Z,13,116,0.0,0.0,26.2,0.1,59.1,0.0,0.0,0.0,14.6
2023-05-10T02:30Z,14,116,0.0,0.0,26.2,0.1,59.6,0.0,0.0,0.0,14.1
2023-05-10T02:30Z,15,141,6.9,0.0,28.1,0.1,25.5,19.0,0.0,0.0,20.5
2023-05-10T02:30Z,16,193,2.5,0.0,48.2,1.4,0.0,24.2,0.0,0.0,23.8
2023-05-10T02:30Z,17,271,0.0,0.0,68.7,1.1,0.0,0.0,0.0,0.0,30.2
2023-05-10T02:30Z,18,151,5.9,0.0,32.9,0.3,21.1,18.3,0.0,0.0,21.5
2023-05-10T03:00Z,1,8,2.8,0.0,1.2,11.8,1.1,30.7,0.0,0.0,52.5
2023-05-10T03:00Z,2,18,6.1,0.0,2.6,0.1,2.5,65.7,0.0,0.0,23.0
2023-05-10T03:00Z,3,20,2.4,0.0,4.3,0.0,0.0,79.4,0.0,0.0,13.9
2023-05-10T03:00Z,4,49,12.4,0.0,8.7,0.0,17.7,55.3,0.0,0.0,5.9
2023-05-10T03:00Z,5,202,50.8,0.0,35.8,0.0,0.0,0.0,0.0,0.0,13.4
2023-05-10T03:00Z,6,65,0.5,0.0,16.2,2.7,0.0,17.0,0.0,0.0,63.5
2023-05-10T03:00Z,7,333,0.0,0.0,84.6,0.0,0.0,0.0,0.0,0.0,15.4
2023-05-10T03:00Z,8,200,2.0,0.0,48.3,0.2,14.6,14.4,0.0,0.0,20.5
2023-05-10T03:00Z,9,229,7.1,0.0,50.0,0.0,12.7,0.0,0.0,0.0,30.2
2023-05-10T03:00Z,10,159,0.0,0.0,22.5,0.0,25.8,0.0,0.0,0.0,51.7
2023-05-10T03:00Z,11,284,0.0,0.0,71.5,0.0,10.7,0.0,0.0,0.0,17.8
2023-05-10T03:00Z,12,170,0.0,0.0,40.3,0.1,53.8,0.0,0.0,0.0,5.9
2023-05-10T03:00Z,13,121,0.0,0.0,27.5,0.1,58.1,0.0,0.0,0.0,14.3
2023-05-10T03:00Z,14,121,0.0,0.0,27.5,0.1,58.1,0.0,0.0,0.0,14.2
2023-05-10T03:00Z,15,141,7.1,0.0,27.8,0.1,25.1,19.2,0.0,0.0,20.7
2023-05-10T03:00Z,16,187,2.5,0.0,46.7,1.4,0.0,24.4,0.0,0.0,25.0
2023-05-10T03:00Z,17,266,0.0,0.0,67.6,1.1,0.0,0.0,0.0,0.0,31.3
2023-05-10T03:00Z,18,148,6.1,0.0,32.4,0.3,20.7,18.5,0.0,0.0,21.8
2023-05-10T03:30Z,1,7,2.5,0.0,1.0,12.4,1.5,30.5,0.0,0.0,52.2
2023-05-10T03:30Z,2,15,5.6,0.0,2.2,0.1,3.5,66.1,0.0,0.0,22.5
2023-05-10T03:30Z,3,17,2.2,0.0,3.7,0.0,0.0,79.6,0.0,0.0,14.5
2023-05-10T03:30Z,4,38,9.5,0.0,6.6,0.0,23.4,55.9,0.0,0.0,4.5
2023-05-10T03:30Z,5,203,50.8,0.0,36.0,0.0,0.0,0.0,0.0,0.0,13.2
2023-05-10T03:30Z,6,67,0.5,0.0,16.7,2.8,0.0,16.5,0.0,0.0,63.5
2023-05-10T03:30Z,7,335,0.0,0.0,85.0,0.0,0.0,0.0,0.0,0.0,15.0
2023-05-10T03:30Z,8,206,1.9,0.0,49.7,0.2,14.8,13.3,0.0,0.0,20.1
2023-05-10T03:30Z,9,224,7.1,0.0,47.5,0.0,14.5,0.0,0.0,0.0,30.8
2023-05-10T03:30Z,10,164,0.0,0.0,22.0,0.0,28.0,0.0,0.0,0.0,49.9
2023-05-10T03:30Z,11,283,0.0,0.0,71.2,0.0,11.1,0.0,0.0,0.0,17.7
2023-05-10T03:30Z,12,175,0.0,0.0,41.5,0.1,52.7,0.0,0.0,0.0,5.7
2023-05-10T03:30Z,13,120,0.0,0.0,27.3,0.1,58.7,0.0,0.0,0.0,13.9
2023-05-10T03:30Z,14,120,0.0,0.0,27.3,0.1,58.8,0.0,0.0,0.0,13.8
2023-05-10T03:30Z,15,142,7.2,0.0,27.8,0.2,24.4,19.4,0.0,0.0,21.0
2023-05-10T03:30Z,16,185,2.5,0.0,46.1,1.5,0.0,24.4,0.0,0.0,25.5
2023-05-10T03:30Z,17,261,0.0,0.0,66.3,1.7,0.0,0.0,0.0,0.0,32.0
2023-05-10T03:30Z,18,148,6.2,0.0,32.3,0.4,20.2,18.7,0.0,0.0,22.2
2023-05-10T04:00Z,1,7,2.5,0.0,1.1,12.1,0.9,30.4,0.0,0.1,52.9
2023-05-10T04:00Z,2,16,5.6,0.0,2.4,0.1,2.1,66.2,0.0,0.2,23.4
2023-05-10T04:00Z,3,16,1.6,0.0,3.6,0.0,0.0,79.6,0.0,0.1,15.2
2023-05-10T04:00Z,4,44,10.8,0.0,7.8,0.0,17.3,57.6,0.0,0.4,6.1
2023-05-10T04:00Z,5,204,50.8,0.0,36.3,0.0,0.0,0.0,0.0,0.2,12.7
2023-05-10T04:00Z,6,76,0.3,0.0,19.1,2.7,0.0,15.9,0.0,0.2,61.9
2023-05-10T04:00Z,7,345,0.0,0.0,87.5,0.0,0.0,0.0,0.0,0.0,12.5
2023-05-10T04:00Z,8,240,1.6,0.0,59.3,0.2,9.8,11.3,0.0,0.3,17.6
2023-05-10T04:00Z,9,220,10.0,0.0,47.2,0.0,11.8,0.0,0.0,0.6,30.4
2023-05-10T04:00Z,10,161,0.0,0.0,23.5,0.0,25.0,0.0,0.0,0.5,51.0
2023-05-10T04:00Z,11,279,0.0,0.0,70.2,0.0,11.9,0.0,0.0,0.7,17.3
2023-05-10T04:00Z,12,177,0.0,0.0,42.4,0.1,51.5,0.0,0.0,0.4,5.6
2023-05-10T04:00Z,13,125,0.0,0.0,28.8,0.2,56.3,0.0,0.0,0.2,14.6
2023-05-10T04:00Z,14,125,0.0,0.0,28.9,0.2,56.6,0.0,0.0,0.2,14.2
2023-05-10T04:00Z,15,149,7.1,0.0,31.1,0.2,21.7,18.8,0.0,0.3,20.9
2023-05-10T04:00Z,16,189,2.4,0.0,47.2,1.6,0.0,24.1,0.0,0.1,24.5
2023-05-10T04:00Z,17,266,0.0,0.0,67.4,2.4,0.0,0.0,0.0,0.0,30.2
2023-05-10T04:00Z,18,155,6.1,0.0,35.1,0.5,18.0,18.2,0.0,0.2,21.9
2023-05-10T04:30Z,1,9,2.8,0.0,1.5,12.8,1.5,30.3,0.0,0.2,50.9
2023-05-10T04:30Z,2,20,6.0,0.0,3.3,0.1,3.2,64.1,0.0,0.5,22.8
2023-05-10T04:30Z,3,20,2.7,0.0,4.3,0.0,0.0,77.4,0.0,0.1,15.4
2023-05-10T04:30Z,4,51,11.6,0.0,9.3,0.0,20.1,53.2,0.0,0.7,5.1
2023-05-10T04:30Z,5,214,48.3,0.0,39.6,0.0,0.0,0.0,0.0,0.4,11.7
2023-05-10T04:30Z,6,79,0.5,0.0,20.0,2.1,0.0,15.6,0.0,0.8,61.0
2023-05-10T04:30Z,7,345,0.0,0.0,87.5,0.0,0.0,0.0,0.0,0.2,12.3
2023-05-10T04:30Z,8,256,1.1,0.0,63.5,0.1,9.4,10.1,0.0,1.0,14.8
2023-05-10T04:30Z,9,276,4.3,0.0,64.9,0.0,7.1,0.0,0.0,1.6,22.1
2023-05-10T04:30Z,10,175,0.0,0.0,28.4,0.0,22.8,0.0,0.0,1.4,47.4
2023-05-10T04:30Z,11,289,0.0,0.0,72.9,0.0,9.7,0.0,0.0,2.3,15.1
2023-05-10T04:30Z,12,179,0.0,0.0,42.8,0.1,50.4,0.0,0.0,1.4,5.4
2023-05-10T04:30Z,13,128,0.0,0.0,28.4,0.2,54.3,0.0,0.0,0.6,16.5
2023-05-10T04:30Z,14,124,0.0,0.0,28.5,0.2,57.1,0.0,0.0,0.5,13.8
2023-05-10T04:30Z,15,155,6.9,0.0,32.7,0.2,21.3,17.9,0.0,1.0,20.0
2023-05-10T04:30Z,16,188,2.4,0.0,47.1,2.1,0.0,23.6,0.0,0.3,24.6
2023-05-10T04:30Z,17,267,0.0,0.0,67.8,2.8,0.0,0.0,0.0,0.2,29.1
2023-05-10T04:30Z,18,163,5.9,0.0,36.5,0.6,17.7,17.4,0.0,0.8,21.1
2023-05-10T05:00Z,1,14,3.3,0.0,2.5,13.5,1.3,29.4,0.0,0.5,49.4
2023-05-10T05:00Z,2,28,6.8,0.0,5.1,0.1,2.7,61.1,0.0,1.0,23.2
2023-05-10T05:00Z,3,26,3.6,0.0,5.4,0.0,0.0,75.1,0.0,0.3,15.6
2023-05-10T05:00Z,4,76,15.0,0.0,14.6,0.0,15.1,47.4,0.0,1.3,6.6
2023-05-10T05:00Z,5,224,44.2,0.0,43.2,0.0,0.2,0.0,0.0,0.9,11.4
2023-05-10T05:00Z,6,86,0.7,0.0,21.7,1.7,0.4,15.4,0.0,1.9,58.2
2023-05-10T05:00Z,7,346,0.0,0.0,87.8,0.0,0.0,0.0,0.0,0.6,11.6
2023-05-10T05:00Z,8,277,0.2,0.0,69.1,0.0,9.0,7.9,0.0,2.2,11.5
2023-05-10T05:00Z,9,315,0.0,0.0,77.4,0.0,4.1,0.0,0.0,2.7,15.8
2023-05-10T05:00Z,10,200,0.0,0.0,36.8,0.0,18.9,0.0,0.0,2.8,41.4
2023-05-10T05:00Z,11,298,0.0,0.0,75.3,0.0,7.0,0.0,0.0,4.9,12.8
2023-05-10T05:00Z,12,178,0.0,0.0,42.5,0.1,49.2,0.0,0.0,3.4,4.9
2023-05-10T05:00Z,13,137,0.0,0.0,29.6,0.1,50.4,0.0,0.0,1.5,18.5
2023-05-10T05:00Z,14,123,0.0,0.0,28.0,0.1,57.3,0.0,0.0,1.2,13.3
2023-05-10T05:00Z,15,174,6.1,0.0,39.0,0.2,19.4,16.1,0.0,1.9,17.2
2023-05-10T05:00Z,16,188,2.3,0.0,46.9,2.6,0.0,22.9,0.0,0.6,24.8
2023-05-10T05:00Z,17,268,0.0,0.0,68.0,2.8,0.0,0.0,0.0,0.7,28.5
2023-05-10T05:00Z,18,178,5.3,0.0,41.6,0.6,16.2,15.8,0.0,1.7,18.7
2023-05-10T05:30Z,1,15,3.1,0.0,2.8,20.1,1.8,26.7,0.0,0.8,44.8
2023-05-10T05:30Z,2,32,6.7,0.0,6.1,0.1,3.9,58.3,0.0,1.7,23.3
2023-05-10T05:30Z,3,29,3.6,0.0,6.1,0.0,0.0,74.1,0.0,0.4,15.7
2023-05-10T05:30Z,4,79,13.7,0.0,15.7,0.0,20.1,42.7,0.0,2.1,5.7
2023-05-10T05:30Z,5,236,40.9,0.0,47.4,0.0,0.1,0.0,0.0,1.4,10.1
2023-05-10T05:30Z,6,87,0.8,0.0,21.8,1.6,0.5,15.5,0.0,3.2,56.6
2023-05-10T05:30Z,7,345,0.0,0.0,87.6,0.0,0.0,0.0,0.0,1.0,11.4
2023-05-10T05:30Z,8,280,0.3,0.0,69.8,0.0,8.7,6.4,0.0,3.7,11.1
2023-05-10T05:30Z,9,315,0.0,0.0,77.6,0.0,3.5,0.0,0.0,4.5,14.4
2023-05-10T05:30Z,10,204,0.0,0.0,38.0,0.0,18.5,0.0,0.0,4.6,39.0
2023-05-10T05:30Z,11,252,0.0,0.0,63.2,0.0,14.2,0.0,0.0,10.4,12.1
2023-05-10T05:30Z,12,177,0.0,0.0,42.3,0.0,47.8,0.0,0.0,5.6,4.3
2023-05-10T05:30Z,13,138,0.0,0.0,29.9,0.1,49.8,0.0,0.0,2.5,17.7
2023-05-10T05:30Z,14,123,0.0,0.0,28.0,0.1,57.1,0.0,0.0,2.0,12.8
2023-05-10T05:30Z,15,175,5.7,0.0,38.8,0.2,20.7,15.0,0.0,3.3,16.2
2023-05-10T05:30Z,16,189,2.1,0.0,47.3,4.8,0.0,20.9,0.0,0.9,23.9
2023-05-10T05:30Z,17,270,0.0,0.0,68.6,3.2,0.0,0.0,0.0,1.1,27.0
2023-05-10T05:30Z,18,179,4.9,0.0,41.5,0.9,17.2,14.8,0.0,2.9,17.7
2023-05-10T06:00Z,1,17,3.0,0.0,3.4,23.5,3.6,25.0,0.0,1.1,40.4
2023-05-10T06:00Z,2,35,6.1,0.0,6.9,0.1,7.5,55.2,0.0,2.3,21.9
2023-05-10T06:00Z,3,34,3.9,0.0,7.5,0.0,0.3,72.3,0.0,0.6,15.3
2023-05-10T06:00Z,4,67,10.0,0.0,13.9,0.0,32.6,37.6,0.0,2.4,3.7
2023-05-10T06:00Z,5,251,36.9,0.0,52.4,0.0,0.1,0.0,0.0,1.8,8.8
2023-05-10T06:00Z,6,106,1.0,0.0,26.4,1.4,1.3,14.8,0.0,4.9,50.2
2023-05-10T06:00Z,7,345,0.0,0.0,87.5,0.0,0.0,0.0,0.0,1.5,10.9
2023-05-10T06:00Z,8,279,0.3,0.0,69.4,0.0,10.0,5.0,0.0,5.3,10.0
2023-05-10T06:00Z,9,319,0.0,0.0,78.2,0.0,4.2,0.0,0.0,6.0,11.5
2023-05-10T06:00Z,10,216,0.0,0.0,35.2,0.0,25.2,0.0,0.0,6.1,33.5
2023-05-10T06:00Z,11,260,0.0,0.0,65.3,0.0,9.5,0.0,0.0,14.8,10.4
2023-05-10T06:00Z,12,165,0.0,0.0,38.6,0.0,49.9,0.0,0.0,7.9,3.6
2023-05-10T06:00Z,13,129,0.0,0.0,26.1,0.1,58.4,0.0,0.0,2.9,12.5
2023-05-10T06:00Z,14,121,0.0,0.0,25.3,0.1,61.5,0.0,0.0,2.6,10.6
2023-05-10T06:00Z,15,175,5.3,0.0,36.9,0.2,24.6,13.8,0.0,4.8,14.4
2023-05-10T06:00Z,16,187,2.0,0.0,46.8,6.6,0.0,19.6,0.0,1.3,23.6
2023-05-10T06:00Z,17,272,0.0,0.0,69.1,3.3,0.0,0.0,0.0,1.9,25.7
2023-05-10T06:00Z,18,181,4.6,0.0,39.9,1.1,20.4,13.6,0.0,4.2,16.1
2023-05-10T06:30Z,1,17,2.6,0.0,3.5,25.9,4.2,24.9,0.0,1.3,37.6
2023-05-10T06:30Z,2,37,5.6,0.0,7.7,0.2,9.1,53.4,0.0,2.9,21.1
2023-05-10T06:30Z,3,41,4.2,0.0,9.0,0.0,1.2,69.4,0.0,0.9,15.2
2023-05-10T06:30Z,4,62,8.2,0.0,13.0,0.0,37.2,35.6,0.0,2.8,3.2
2023-05-10T06:30Z,5,260,34.0,0.0,55.6,0.0,0.1,0.0,0.0,2.2,8.1
2023-05-10T06:30Z,6,130,0.9,0.0,32.6,2.7,1.4,13.9,0.0,6.0,42.5
2023-05-10T06:30Z,7,342,0.0,0.0,86.7,0.0,0.0,0.0,0.0,2.2,11.0
2023-05-10T06:30Z,8,270,0.3,0.0,66.7,0.0,12.3,3.7,0.0,7.4,9.6
2023-05-10T06:30Z,9,311,0.0,0.0,75.1,0.0,6.1,0.0,0.0,8.0,10.8
2023-05-10T06:30Z,10,224,0.0,0.0,33.6,0.0,29.3,0.0,0.0,7.8,29.3
2023-05-10T06:30Z,11,218,0.0,0.0,54.3,0.0,14.3,0.0,0.0,21.6,9.8
2023-05-10T06:30Z,12,152,0.0,0.0,35.1,0.0,51.7,0.0,0.0,10.0,3.2
2023-05-10T06:30Z,13,118,0.0,0.0,24.4,0.1,62.6,0.0,0.0,3.4,9.5
2023-05-10T06:30Z,14,117,0.0,0.0,24.2,0.1,63.1,0.0,0.0,3.4,9.2
2023-05-10T06:30Z,15,172,4.9,0.0,35.2,0.2,26.9,13.3,0.0,6.4,13.1
2023-05-10T06:30Z,16,183,1.9,0.0,46.0,8.2,0.0,18.9,0.0,1.8,23.2
2023-05-10T06:30Z,17,270,0.0,0.0,68.5,3.8,0.0,0.0,0.0,2.6,25.0
2023-05-10T06:30Z,18,179,4.3,0.0,38.6,1.4,22.1,13.1,0.0,5.6,15.0
2023-05-10T07:00Z,1,20,2.8,0.0,4.3,22.6,4.9,25.1,0.0,1.9,38.5
2023-05-10T07:00Z,2,39,5.4,0.0,8.2,0.4,9.5,51.8,0.0,3.7,21.0
2023-05-10T07:00Z,3,44,4.3,0.0,9.8,0.0,1.5,67.9,0.0,1.2,15.3
2023-05-10T07:00Z,4,65,7.9,0.0,13.8,0.0,38.1,33.3,0.0,3.5,3.3
2023-05-10T07:00Z,5,263,32.1,0.0,56.7,0.0,0.3,0.0,0.0,2.9,7.9
2023-05-10T07:00Z,6,127,0.9,0.0,31.7,5.1,1.9,13.9,0.0,7.6,38.8
2023-05-10T07:00Z,7,338,0.0,0.0,85.9,0.0,0.0,0.0,0.0,3.0,11.1
2023-05-10T07:00Z,8,263,0.2,0.0,64.5,0.0,14.0,3.0,0.0,9.4,8.9
2023-05-10T07:00Z,9,304,0.0,0.0,72.7,0.0,7.7,0.0,0.0,9.8,9.9
2023-05-10T07:00Z,10,224,0.0,0.0,29.5,0.0,34.1,0.0,0.0,9.9,26.5
2023-05-10T07:00Z,11,196,0.0,0.0,48.8,0.0,13.7,0.0,0.0,28.0,9.5
2023-05-10T07:00Z,12,149,0.0,0.0,34.3,0.0,50.8,0.0,0.0,12.0,2.9
2023-05-10T07:00Z,13,114,0.0,0.0,23.1,0.1,64.2,0.0,0.0,4.3,8.4
2023-05-10T07:00Z,14,115,0.0,0.0,23.1,0.1,64.2,0.0,0.0,4.3,8.3
2023-05-10T07:00Z,15,172,4.8,0.0,34.8,0.2,26.9,13.1,0.0,8.1,12.2
2023-05-10T07:00Z,16,182,1.9,0.0,45.5,7.8,0.4,18.7,0.0,2.4,23.4
2023-05-10T07:00Z,17,268,0.0,0.0,67.9,3.9,0.0,0.0,0.0,3.5,24.7
2023-05-10T07:00Z,18,178,4.1,0.0,38.2,1.3,22.1,12.9,0.0,7.1,14.3
2023-05-10T07:30Z,1,21,2.8,0.0,4.4,20.6,4.6,25.5,0.0,2.4,39.7
2023-05-10T07:30Z,2,40,5.4,0.0,8.4,0.6,8.9,50.3,0.0,4.6,21.8
2023-05-10T07:30Z,3,47,4.2,0.0,10.4,0.0,1.1,66.4,0.0,1.7,16.2
2023-05-10T07:30Z,4,71,8.6,0.0,14.9,0.0,37.6,30.2,0.0,4.7,4.0
2023-05-10T07:30Z,5,254,30.8,0.0,54.2,0.0,1.5,0.0,0.0,4.7,8.8
2023-05-10T07:30Z,6,119,0.8,0.0,29.6,7.4,3.0,13.3,0.0,9.8,36.1
2023-05-10T07:30Z,7,334,0.0,0.0,84.8,0.0,0.0,0.0,0.0,3.9,11.3
2023-05-10T07:30Z,8,255,0.0,0.0,62.4,0.0,16.1,2.1,0.0,11.4,8.0
2023-05-10T07:30Z,9,294,0.0,0.0,69.3,0.0,9.7,0.0,0.0,11.5,9.5
2023-05-10T07:30Z,10,220,0.0,0.0,28.7,0.0,34.8,0.0,0.0,12.3,24.1
2023-05-10T07:30Z,11,171,0.0,0.0,42.6,0.0,11.8,0.0,0.0,36.0,9.7
2023-05-10T07:30Z,12,147,0.0,0.0,33.7,0.0,49.9,0.0,0.0,13.8,2.6
2023-05-10T07:30Z,13,111,0.0,0.0,21.7,0.1,65.5,0.0,0.0,5.1,7.6
2023-05-10T07:30Z,14,111,0.0,0.0,21.7,0.1,65.6,0.0,0.0,5.1,7.6
2023-05-10T07:30Z,15,183,4.5,0.0,38.1,0.2,24.6,12.1,0.0,9.4,11.1
2023-05-10T07:30Z,16,180,1.8,0.0,45.1,7.3,0.4,18.8,0.0,2.9,23.7
2023-05-10T07:30Z,17,266,0.0,0.0,67.5,4.3,0.0,0.0,0.0,4.4,23.9
2023-05-10T07:30Z,18,179,3.9,0.0,40.7,1.2,20.3,12.1,0.0,8.4,13.3
2023-05-10T08:00Z,1,22,2.9,0.0,4.6,19.4,4.2,25.0,0.0,2.8,41.0
2023-05-10T08:00Z,2,43,5.6,0.0,9.0,0.6,8.2,48.4,0.0,5.5,22.6
2023-05-10T08:00Z,3,50,4.2,0.0,11.2,0.0,0.9,65.3,0.0,2.0,16.4
2023-05-10T08:00Z,4,82,9.1,0.0,17.7,0.0,34.5,28.7,0.0,5.7,4.3
2023-05-10T08:00Z,5,259,28.7,0.0,56.1,0.0,1.5,0.0,0.0,5.3,8.4
2023-05-10T08:00Z,6,107,0.9,0.0,26.4,8.5,3.6,12.6,0.0,12.2,35.9
2023-05-10T08:00Z,7,330,0.0,0.0,83.8,0.0,0.0,0.0,0.0,4.9,11.4
2023-05-10T08:00Z,8,253,0.0,0.0,61.6,0.0,15.9,1.2,0.0,13.4,7.9
2023-05-10T08:00Z,9,287,0.0,0.0,67.3,0.0,10.0,0.0,0.0,13.4,9.2
2023-05-10T08:00Z,10,217,0.0,0.0,28.4,0.0,34.1,0.0,0.0,15.0,22.5
2023-05-10T08:00Z,11,146,0.0,0.0,36.4,0.0,10.1,0.0,0.0,43.8,9.7
2023-05-10T08:00Z,12,145,0.0,0.0,33.4,0.0,48.3,0.0,0.0,16.0,2.3
2023-05-10T08:00Z,13,114,0.0,0.0,22.6,0.1,64.0,0.0,0.0,6.2,7.1
2023-05-10T08:00Z,14,114,0.0,0.0,22.7,0.1,64.0,0.0,0.0,6.2,7.0
2023-05-10T08:00Z,15,176,4.5,0.0,36.1,0.2,24.6,11.7,0.0,11.7,11.2
2023-05-10T08:00Z,16,172,1.9,0.0,42.8,6.7,0.5,18.5,0.0,3.8,25.8
2023-05-10T08:00Z,17,262,0.0,0.0,66.4,4.2,0.0,0.0,0.0,5.5,24.0
2023-05-10T08:00Z,18,175,4.0,0.0,38.7,1.1,20.4,11.8,0.0,10.4,13.6
2023-05-10T08:30Z,1,20,2.9,0.0,4.2,17.6,3.9,25.2,0.0,3.4,42.9
2023-05-10T08:30Z,2,39,5.5,0.0,8.1,0.6,7.6,47.8,0.0,6.5,23.8
2023-05-10T08:30Z,3,44,3.9,0.0,9.8,0.0,0.7,66.0,0.0,2.5,17.1
2023-05-10T08:30Z,4,80,9.4,0.0,17.0,0.0,33.1,28.7,0.0,7.0,4.8
2023-05-10T08:30Z,5,250,29.2,0.0,53.7,0.0,1.8,0.0,0.0,6.6,8.7
2023-05-10T08:30Z,6,101,0.8,0.0,24.7,8.7,3.7,12.5,0.0,14.4,35.2
2023-05-10T08:30Z,7,325,0.0,0.0,82.4,0.0,0.0,0.0,0.0,6.0,11.6
2023-05-10T08:30Z,8,248,0.0,0.0,60.8,0.0,15.5,0.5,0.0,15.5,7.7
2023-05-10T08:30Z,9,286,0.0,0.0,67.7,0.0,9.2,0.0,0.0,14.8,8.3
2023-05-10T08:30Z,10,211,0.0,0.0,27.2,0.0,33.7,0.0,0.0,17.8,21.3
2023-05-10T08:30Z,11,137,0.0,0.0,34.4,0.0,6.5,0.0,0.0,49.5,9.6
2023-05-10T08:30Z,12,134,0.0,0.0,30.7,0.0,48.2,0.0,0.0,18.9,2.2
2023-05-10T08:30Z,13,113,0.0,0.0,22.5,0.1,63.4,0.0,0.0,7.2,6.8
2023-05-10T08:30Z,14,113,0.0,0.0,22.5,0.1,63.5,0.0,0.0,7.3,6.7
2023-05-10T08:30Z,15,168,4.4,0.0,34.4,0.2,25.1,11.7,0.0,13.5,10.7
2023-05-10T08:30Z,16,168,2.0,0.0,42.0,6.3,0.6,18.4,0.0,4.5,26.3
2023-05-10T08:30Z,17,258,0.0,0.0,65.6,4.3,0.0,0.0,0.0,6.5,23.6
2023-05-10T08:30Z,18,169,3.9,0.0,37.2,1.1,20.8,11.7,0.0,12.0,13.3
2023-05-10T09:00Z,1,19,2.8,0.0,3.9,15.0,4.0,25.1,0.0,3.8,45.4
2023-05-10T09:00Z,2,36,5.3,0.0,7.4,0.6,7.6,47.5,0.0,7.3,24.4
2023-05-10T09:00Z,3,43,3.6,0.0,9.7,0.0,0.6,66.0,0.0,2.8,17.2
2023-05-10T09:00Z,4,71,9.0,0.0,14.7,0.0,34.6,29.1,0.0,7.9,4.7
2023-05-10T09:00Z,5,240,30.4,0.0,50.5,0.0,2.2,0.0,0.0,8.0,8.9
2023-05-10T09:00Z,6,97,0.7,0.0,23.9,8.6,3.8,12.7,0.0,16.3,33.9
2023-05-10T09:00Z,7,311,0.0,0.0,79.0,0.0,0.0,0.0,0.0,8.0,13.0
2023-05-10T09:00Z,8,232,0.0,0.0,56.6,0.0,16.9,0.4,0.0,18.4,7.7
2023-05-10T09:00Z,9,279,0.0,0.0,65.9,0.0,9.9,0.0,0.0,16.6,7.6
2023-05-10T09:00Z,10,206,0.0,0.0,25.0,0.0,35.3,0.0,0.0,20.2,19.5
2023-05-10T09:00Z,11,128,0.0,0.0,32.3,0.0,3.6,0.0,0.0,54.8,9.3
2023-05-10T09:00Z,12,127,0.0,0.0,28.8,0.0,48.2,0.0,0.0,21.1,1.9
2023-05-10T09:00Z,13,109,0.0,0.0,21.3,0.1,64.2,0.0,0.0,8.1,6.2
2023-05-10T09:00Z,14,109,0.0,0.0,21.4,0.1,64.3,0.0,0.0,8.1,6.2
2023-05-10T09:00Z,15,167,4.3,0.0,34.2,0.2,24.7,11.5,0.0,15.0,10.1
2023-05-10T09:00Z,16,167,1.9,0.0,41.5,5.6,0.6,18.3,0.0,5.1,26.9
2023-05-10T09:00Z,17,255,0.0,0.0,64.7,4.5,0.0,0.0,0.0,7.7,23.1
2023-05-10T09:00Z,18,164,3.8,0.0,36.8,1.0,20.5,11.6,0.0,13.5,12.8
2023-05-10T09:30Z,1,16,2.7,0.0,3.2,12.7,4.4,25.2,0.0,4.1,47.6
2023-05-10T09:30Z,2,31,5.1,0.0,6.1,0.6,8.2,47.2,0.0,7.8,24.9
2023-05-10T09:30Z,3,38,3.9,0.0,8.4,0.0,1.1,65.8,0.0,3.2,17.5
2023-05-10T09:30Z,4,59,8.0,0.0,12.1,0.0,37.1,30.0,0.0,8.2,4.5
2023-05-10T09:30Z,5,233,31.5,0.0,48.4,0.0,2.2,0.0,0.0,8.9,8.9
2023-05-10T09:30Z,6,92,0.7,0.0,22.6,8.8,3.7,13.3,0.0,17.8,33.1
2023-05-10T09:30Z,7,298,0.0,0.0,75.6,0.0,0.0,0.0,0.0,10.0,14.4
2023-05-10T09:30Z,8,219,0.0,0.0,53.2,0.0,17.5,1.2,0.0,20.8,7.4
2023-05-10T09:30Z,9,279,0.0,0.0,66.3,0.0,9.2,0.0,0.0,17.7,6.8
2023-05-10T09:30Z,10,203,0.0,0.0,24.6,0.0,35.3,0.0,0.0,22.2,17.9
2023-05-10T09:30Z,11,117,0.0,0.0,29.3,0.0,3.9,0.0,0.0,57.9,8.8
2023-05-10T09:30Z,12,122,0.0,0.0,27.5,0.0,47.7,0.0,0.0,22.9,1.8
2023-05-10T09:30Z,13,109,0.0,0.0,21.3,0.1,64.1,0.0,0.0,8.8,5.7
2023-05-10T09:30Z,14,109,0.0,0.0,21.3,0.1,64.2,0.0,0.0,8.8,5.6
2023-05-10T09:30Z,15,163,4.3,0.0,33.3,0.2,24.7,11.6,0.0,16.5,9.5
2023-05-10T09:30Z,16,159,2.0,0.0,39.6,4.8,0.8,18.7,0.0,6.0,28.1
2023-05-10T09:30Z,17,251,0.0,0.0,63.7,4.7,0.0,0.0,0.0,8.8,22.9
2023-05-10T09:30Z,18,159,3.8,0.0,35.8,0.9,20.5,11.7,0.0,14.8,12.4
2023-05-10T10:00Z,1,15,2.6,0.0,3.0,10.8,4.0,25.1,0.0,4.3,50.2
2023-05-10T10:00Z,2,30,5.1,0.0,5.8,0.5,7.9,46.8,0.0,8.3,25.6
2023-05-10T10:00Z,3,40,3.9,0.0,8.7,0.0,1.2,65.6,0.0,3.4,17.1
2023-05-10T10:00Z,4,59,8.0,0.0,12.2,0.0,36.0,30.3,0.0,8.9,4.6
2023-05-10T10:00Z,5,233,31.1,0.0,48.5,0.0,2.2,0.0,0.0,9.3,8.8
2023-05-10T10:00Z,6,86,0.9,0.0,21.0,8.6,3.6,13.7,0.0,19.2,33.1
2023-05-10T10:00Z,7,256,0.0,0.0,64.8,0.0,0.0,0.3,0.0,15.0,19.9
2023-05-10T10:00Z,8,184,0.1,0.0,43.6,0.0,22.1,2.2,0.0,25.0,6.9
2023-05-10T10:00Z,9,268,0.0,0.0,62.9,0.0,10.5,0.0,0.0,19.9,6.7
2023-05-10T10:00Z,10,205,0.0,0.0,25.4,0.0,35.3,0.0,0.0,23.1,16.3
2023-05-10T10:00Z,11,119,0.0,0.0,30.1,0.0,1.3,0.0,0.0,60.1,8.5
2023-05-10T10:00Z,12,115,0.0,0.0,25.8,0.0,47.9,0.0,0.0,24.6,1.7
2023-05-10T10:00Z,13,111,0.0,0.0,21.8,0.1,63.7,0.0,0.0,9.1,5.2
2023-05-10T10:00Z,14,111,0.0,0.0,21.8,0.1,63.8,0.0,0.0,9.1,5.2
2023-05-10T10:00Z,15,161,4.3,0.0,32.7,0.2,24.4,11.5,0.0,17.8,9.2
2023-05-10T10:00Z,16,160,2.0,0.0,39.7,3.9,0.7,18.7,0.0,6.3,28.7
2023-05-10T10:00Z,17,237,0.0,0.0,60.3,4.9,0.0,0.0,0.0,10.4,24.4
2023-05-10T10:00Z,18,155,3.8,0.0,35.1,0.9,20.3,11.6,0.0,16.0,12.2
2023-05-10T10:30Z,1,16,2.8,0.0,3.2,9.1,4.0,24.4,0.0,4.5,52.0
2023-05-10T10:30Z,2,31,5.3,0.0,6.0,0.4,7.6,46.1,0.0,8.6,25.9
2023-05-10T10:30Z,3,42,4.4,0.0,9.3,0.0,1.5,64.5,0.0,3.7,16.7
2023-05-10T10:30Z,4,66,8.4,0.0,13.7,0.0,34.2,29.9,0.0,9.2,4.6
2023-05-10T10:30Z,5,239,30.5,0.0,50.5,0.0,1.9,0.0,0.0,8.9,8.2
2023-05-10T10:30Z,6,86,1.0,0.0,21.0,8.6,3.0,14.1,0.0,19.7,32.6
2023-05-10T10:30Z,7,186,0.0,0.0,47.0,0.0,1.3,0.6,0.0,23.2,27.9
2023-05-10T10:30Z,8,172,0.3,0.0,39.8,0.0,25.1,3.2,0.0,26.5,5.0
2023-05-10T10:30Z,9,266,0.0,0.0,62.2,0.0,10.7,0.0,0.0,20.8,6.3
2023-05-10T10:30Z,10,206,0.0,0.0,25.3,0.0,35.8,0.0,0.0,23.8,15.0
2023-05-10T10:30Z,11,110,0.0,0.0,27.9,0.0,0.8,0.0,0.0,62.8,8.5
2023-05-10T10:30Z,12,117,0.0,0.0,26.4,0.0,47.1,0.0,0.0,25.0,1.6
2023-05-10T10:30Z,13,112,0.0,0.0,22.0,0.1,63.9,0.0,0.0,9.2,4.8
2023-05-10T10:30Z,14,112,0.0,0.0,22.0,0.1,63.9,0.0,0.0,9.2,4.7
2023-05-10T10:30Z,15,152,4.5,0.0,30.2,0.1,25.1,11.5,0.0,19.4,9.2
2023-05-10T10:30Z,16,156,2.0,0.0,39.0,3.4,0.0,19.0,0.0,6.2,30.3
2023-05-10T10:30Z,17,229,0.0,0.0,58.2,5.1,0.0,0.0,0.0,11.5,25.1
2023-05-10T10:30Z,18,149,3.9,0.0,32.8,0.8,20.9,11.6,0.0,17.5,12.5
2023-05-10T11:00Z,1,14,2.7,0.0,2.8,8.0,3.9,23.8,0.0,4.6,54.2
2023-05-10T11:00Z,2,28,5.3,0.0,5.3,0.4,7.6,45.6,0.0,8.8,27.0
2023-05-10T11:00Z,3,38,4.5,0.0,8.1,0.0,1.7,64.6,0.0,4.1,16.8
2023-05-10T11:00Z,4,62,8.3,0.0,12.8,0.0,34.5,30.1,0.0,9.5,4.7
2023-05-10T11:00Z,5,234,31.1,0.0,48.9,0.0,2.1,0.0,0.0,9.5,8.4
2023-05-10T11:00Z,6,84,1.1,0.0,20.8,8.5,2.4,14.4,0.0,20.6,32.3
2023-05-10T11:00Z,7,109,0.1,0.0,26.4,0.0,7.1,1.0,0.0,32.8,32.5
2023-05-10T11:00Z,8,169,0.4,0.0,38.8,0.0,25.1,4.1,0.0,26.6,5.0
2023-05-10T11:00Z,9,263,0.0,0.0,60.9,0.0,11.6,0.0,0.0,21.4,6.1
2023-05-10T11:00Z,10,208,0.0,0.0,24.4,0.0,37.7,0.0,0.0,24.1,13.8
2023-05-10T11:00Z,11,98,0.0,0.0,24.7,0.0,1.4,0.0,0.0,65.3,8.5
2023-05-10T11:00Z,12,118,0.0,0.0,26.5,0.0,46.9,0.0,0.0,25.1,1.4
2023-05-10T11:00Z,13,110,0.0,0.0,21.3,0.1,65.0,0.0,0.0,9.1,4.5
2023-05-10T11:00Z,14,110,0.0,0.0,21.3,0.1,65.1,0.0,0.0,9.2,4.4
2023-05-10T11:00Z,15,166,4.3,0.0,34.0,0.1,22.9,11.3,0.0,19.1,8.3
2023-05-10T11:00Z,16,150,2.1,0.0,37.1,2.9,0.9,19.1,0.0,7.1,30.8
2023-05-10T11:00Z,17,214,0.0,0.0,54.3,5.4,0.0,0.0,0.0,13.1,27.1
2023-05-10T11:00Z,18,151,3.8,0.0,35.6,0.7,19.2,11.4,0.0,17.4,11.9
2023-05-10T11:30Z,1,14,2.7,0.0,2.7,7.6,3.1,23.4,0.0,4.6,55.9
2023-05-10T11:30Z,2,29,5.5,0.0,5.5,0.3,6.3,45.2,0.0,9.2,28.1
2023-05-10T11:30Z,3,37,4.6,0.0,7.7,0.0,1.3,65.0,0.0,4.3,17.1
2023-05-10T11:30Z,4,74,9.4,0.0,15.4,0.0,29.9,29.8,0.0,10.2,5.2
2023-05-10T11:30Z,5,239,30.0,0.0,50.4,0.0,2.1,0.0,0.0,9.3,8.1
2023-05-10T11:30Z,6,82,1.1,0.0,20.1,8.4,2.3,14.6,0.0,21.8,31.7
2023-05-10T11:30Z,7,70,0.2,0.0,16.0,0.0,10.0,1.4,0.0,37.6,34.7
2023-05-10T11:30Z,8,164,0.4,0.0,37.2,0.0,25.4,5.0,0.0,27.2,4.8
2023-05-10T11:30Z,9,254,0.0,0.0,57.9,0.0,13.2,0.0,0.0,23.0,6.0
2023-05-10T11:30Z,10,212,0.0,0.0,25.2,0.0,38.3,0.0,0.0,24.0,12.4
2023-05-10T11:30Z,11,107,0.0,0.0,27.0,0.0,0.0,0.0,0.0,64.5,8.4
2023-05-10T11:30Z,12,124,0.0,0.0,28.2,0.0,45.3,0.0,0.0,25.0,1.4
2023-05-10T11:30Z,13,112,0.0,0.0,21.8,0.1,65.3,0.0,0.0,8.8,4.1
2023-05-10T11:30Z,14,112,0.0,0.0,21.8,0.1,65.3,0.0,0.0,8.8,4.0
2023-05-10T11:30Z,15,166,4.3,0.0,34.0,0.1,22.7,11.4,0.0,19.4,8.1
2023-05-10T11:30Z,16,140,2.2,0.0,34.4,2.6,1.2,19.7,0.0,7.7,32.4
2023-05-10T11:30Z,17,200,0.0,0.0,50.7,5.9,0.0,0.1,0.0,14.6,28.7
2023-05-10T11:30Z,18,149,3.8,0.0,35.1,0.7,19.1,11.6,0.0,17.9,11.9
2023-05-10T12:00Z,1,16,2.8,0.0,3.0,8.0,2.8,22.5,0.0,4.9,56.1
2023-05-10T12:00Z,2,30,5.4,0.0,6.0,0.3,5.5,45.2,0.0,9.6,28.0
2023-05-10T12:00Z,3,39,4.6,0.0,8.4,0.0,1.0,64.9,0.0,4.5,16.7
2023-05-10T12:00Z,4,81,9.8,0.0,17.1,0.0,27.0,30.2,0.0,10.6,5.2
2023-05-10T12:00Z,5,244,29.2,0.0,51.9,0.0,2.0,0.0,0.0,9.2,7.7
2023-05-10T12:00Z,6,85,1.0,0.0,20.8,8.6,2.1,14.4,0.0,22.0,31.0
2023-05-10T12:00Z,7,65,0.2,0.0,14.8,0.0,10.1,1.8,0.0,38.4,34.7
2023-05-10T12:00Z,8,164,0.4,0.0,37.4,0.0,25.4,5.5,0.0,26.7,4.6
2023-05-10T12:00Z,9,256,0.0,0.0,58.4,0.0,13.0,0.0,0.0,22.6,6.0
2023-05-10T12:00Z,10,216,0.0,0.0,26.8,0.0,37.4,0.0,0.0,23.4,12.4
2023-05-10T12:00Z,11,105,0.0,0.0,26.7,0.0,0.0,0.0,0.0,64.9,8.4
2023-05-10T12:00Z,12,124,0.0,0.0,28.1,0.0,45.9,0.0,0.0,24.6,1.4
2023-05-10T12:00Z,13,116,0.0,0.0,22.9,0.1,64.4,0.0,0.0,8.5,4.1
2023-05-10T12:00Z,14,116,0.0,0.0,22.9,0.1,64.5,0.0,0.0,8.5,4.1
2023-05-10T12:00Z,15,169,4.3,0.0,34.8,0.0,22.3,11.4,0.0,19.4,7.7
2023-05-10T12:00Z,16,123,2.4,0.0,29.8,2.2,2.1,20.7,0.0,8.9,33.8
2023-05-10T12:00Z,17,156,0.0,0.0,39.7,6.5,0.0,0.3,0.0,18.5,35.0
2023-05-10T12:00Z,18,150,3.8,0.0,34.6,0.7,18.8,11.7,0.0,18.2,12.1
2023-05-10T12:30Z,1,13,2.6,0.0,2.5,8.1,2.7,21.8,0.0,4.9,57.4
2023-05-10T12:30Z,2,26,5.2,0.0,5.0,0.4,5.4,45.4,0.0,10.0,28.5
2023-05-10T12:30Z,3,34,4.3,0.0,7.1,0.0,1.0,65.9,0.0,4.7,16.8
2023-05-10T12:30Z,4,73,9.5,0.0,15.1,0.0,27.8,31.5,0.0,10.9,5.2
2023-05-10T12:30Z,5,236,30.5,0.0,49.6,0.0,2.2,0.0,0.0,9.8,7.9
2023-05-10T12:30Z,6,79,0.9,0.0,19.6,9.5,1.8,14.1,0.0,22.5,31.5
2023-05-10T12:30Z,7,63,0.2,0.0,14.4,0.0,9.8,2.0,0.0,38.7,34.9
2023-05-10T12:30Z,8,164,0.4,0.0,37.3,0.0,25.5,5.6,0.0,26.3,4.9
2023-05-10T12:30Z,9,256,0.0,0.0,58.5,0.0,13.2,0.0,0.0,22.2,6.1
2023-05-10T12:30Z,10,216,0.0,0.0,27.4,0.0,37.1,0.0,0.0,22.9,12.6
2023-05-10T12:30Z,11,104,0.0,0.0,26.5,0.0,0.0,0.0,0.0,64.9,8.6
2023-05-10T12:30Z,12,126,0.0,0.0,28.7,0.0,45.9,0.0,0.0,23.9,1.4
2023-05-10T12:30Z,13,113,0.0,0.0,22.3,0.1,65.1,0.0,0.0,8.3,4.3
2023-05-10T12:30Z,14,113,0.0,0.0,22.3,0.1,65.1,0.0,0.0,8.3,4.2
2023-05-10T12:30Z,15,163,4.5,0.0,32.9,0.0,23.0,11.6,0.0,19.9,8.0
2023-05-10T12:30Z,16,106,2.7,0.0,25.1,2.1,2.8,21.9,0.0,9.7,35.7
2023-05-10T12:30Z,17,117,0.2,0.0,29.3,7.2,1.2,0.6,0.0,22.2,39.2
2023-05-10T12:30Z,18,144,4.0,0.0,31.9,0.7,19.6,12.0,0.0,19.0,12.7
2023-05-10T13:00Z,1,13,2.4,0.0,2.4,8.9,1.8,21.2,0.0,4.6,58.6
2023-05-10T13:00Z,2,28,5.4,0.0,5.4,0.4,4.1,44.6,0.0,10.2,29.8
2023-05-10T13:00Z,3,32,4.1,0.0,6.7,0.0,0.3,67.1,0.0,4.6,17.2
2023-05-10T13:00Z,4,83,11.2,0.0,17.2,0.0,22.7,31.7,0.0,11.5,5.8
2023-05-10T13:00Z,5,235,31.2,0.0,49.0,0.0,2.4,0.0,0.0,9.6,7.8
2023-05-10T13:00Z,6,87,0.7,0.0,21.5,10.1,1.7,13.5,0.0,22.0,30.5
2023-05-10T13:00Z,7,53,0.1,0.0,11.8,0.0,9.7,2.1,0.0,40.0,36.3
2023-05-10T13:00Z,8,150,0.3,0.0,33.3,0.0,27.4,5.6,0.0,28.3,5.0
2023-05-10T13:00Z,9,241,0.0,0.0,53.2,0.0,15.8,0.0,0.0,24.0,7.0
2023-05-10T13:00Z,10,219,0.0,0.0,27.3,0.0,37.8,0.0,0.0,22.0,12.8
2023-05-10T13:00Z,11,112,0.0,0.0,28.4,0.0,0.0,0.0,0.0,63.1,8.4
2023-05-10T13:00Z,12,115,0.0,0.0,25.9,0.0,46.6,0.0,0.0,25.8,1.7
2023-05-10T13:00Z,13,113,0.0,0.0,22.0,0.1,65.5,0.0,0.0,8.0,4.4
2023-05-10T13:00Z,14,113,0.0,0.0,22.1,0.1,65.5,0.0,0.0,8.0,4.4
2023-05-10T13:00Z,15,159,4.6,0.0,31.7,0.0,23.6,12.0,0.0,19.9,8.1
2023-05-10T13:00Z,16,96,2.9,0.0,22.5,2.0,3.4,22.7,0.0,10.0,36.5
2023-05-10T13:00Z,17,88,0.5,0.0,21.3,8.0,2.6,0.8,0.0,24.6,42.1
2023-05-10T13:00Z,18,139,4.2,0.0,30.2,0.7,20.3,12.4,0.0,19.1,13.1
