from,regions.regionid,regions.intensity.forecast,biomass,coal,gas,hydro,imports,nuclear,other,solar,wind
2023-06-19T02:30Z,1,0,0.0,0.0,0.0,3.6,0.0,0.0,0.0,0.0,96.4
2023-06-19T02:30Z,2,42,5.0,0.0,9.1,1.5,0.0,18.9,0.0,0.0,65.5
2023-06-19T02:30Z,3,121,5.7,0.0,29.0,0.0,0.0,44.2,0.0,0.0,21.1
2023-06-19T02:30Z,4,106,7.7,0.0,24.4,0.0,0.0,58.1,0.0,0.0,9.7
2023-06-19T02:30Z,5,262,19.2,0.0,60.6,0.0,0.0,0.0,0.0,0.0,20.3
2023-06-19T02:30Z,6,171,2.9,0.0,42.5,0.2,0.0,19.0,0.0,0.0,35.4
2023-06-19T02:30Z,7,259,1.9,0.0,64.8,0.0,2.5,8.6,0.0,0.0,22.3
2023-06-19T02:30Z,8,243,2.7,0.0,60.2,0.0,3.7,12.7,0.0,0.0,20.7
2023-06-19T02:30Z,9,286,2.6,0.0,71.6,0.0,0.1,2.2,0.0,0.0,23.5
2023-06-19T02:30Z,10,138,0.0,0.0,34.4,0.0,0.6,27.0,0.0,0.0,38.1
2023-06-19T02:30Z,11,342,0.2,0.0,86.1,0.0,5.2,0.5,0.0,0.0,8.0
2023-06-19T02:30Z,12,290,0.5,0.0,71.3,0.1,16.4,1.4,0.0,0.0,10.4
2023-06-19T02:30Z,13,167,0.0,0.0,40.5,0.2,10.0,17.1,0.0,0.0,32.2
2023-06-19T02:30Z,14,204,0.0,0.0,48.6,0.4,22.4,4.3,0.0,0.0,24.2
2023-06-19T02:30Z,15,196,4.0,0.0,47.1,0.0,8.3,17.5,0.0,0.0,23.0
2023-06-19T02:30Z,16,29,3.2,0.0,6.5,2.2,0.0,13.7,0.0,0.0,74.5
2023-06-19T02:30Z,17,271,0.7,0.0,68.3,0.2,1.0,3.8,0.0,0.0,26.0
2023-06-19T02:30Z,18,185,3.6,0.0,43.6,0.3,6.8,16.1,0.0,0.0,29.5
2023-06-19T03:00Z,1,0,0.0,0.0,0.0,3.5,0.0,0.0,0.0,0.0,96.5
2023-06-19T03:00Z,2,35,4.6,0.0,7.4,1.7,0.1,15.2,0.0,0.0,71.1
2023-06-19T03:00Z,3,107,4.7,0.0,25.8,0.0,0.1,45.6,0.0,0.0,23.7
2023-06-19T03:00Z,4,80,5.8,0.0,18.5,0.0,0.9,66.9,0.0,0.0,7.9
2023-06-19T03:00Z,5,261,18.9,0.0,60.6,0.0,0.0,0.0,0.0,0.0,20.5
2023-06-19T03:00Z,6,156,2.6,0.0,38.7,0.2,0.1,19.5,0.0,0.0,38.9
2023-06-19T03:00Z,7,245,2.7,0.0,61.2,0.0,1.8,9.7,0.0,0.0,24.6
2023-06-19T03:00Z,8,232,3.9,0.0,57.4,0.0,2.5,13.9,0.0,0.0,22.3
2023-06-19T03:00Z,9,291,4.5,0.0,72.5,0.0,0.0,1.6,0.0,0.0,21.3
2023-06-19T03:00Z,10,130,0.0,0.0,31.9,0.0,1.0,27.6,0.0,0.0,39.6
2023-06-19T03:00Z,11,341,0.4,0.0,85.5,0.0,5.8,0.4,0.0,0.0,7.7
2023-06-19T03:00Z,12,300,1.0,0.0,73.7,0.1,15.3,1.3,0.0,0.0,8.6
2023-06-19T03:00Z,13,169,0.0,0.0,41.5,0.2,5.3,17.8,0.0,0.0,35.3
2023-06-19T03:00Z,14,220,0.0,0.0,54.0,0.4,12.0,5.0,0.0,0.0,28.5
2023-06-19T03:00Z,15,194,3.9,0.0,46.7,0.0,7.7,18.2,0.0,0.0,23.4
2023-06-19T03:00Z,16,27,3.1,0.0,6.0,2.3,0.1,10.0,0.0,0.0,78.6
2023-06-19T03:00Z,17,269,0.6,0.0,67.9,0.1,0.8,3.0,0.0,0.0,27.5
2023-06-19T03:00Z,18,183,3.6,0.0,43.1,0.3,6.3,16.2,0.0,0.0,30.5
2023-06-19T03:30Z,1,0,0.0,0.0,0.0,3.0,0.0,0.0,0.0,0.0,97.0
2023-06-19T03:30Z,2,31,4.2,0.0,6.5,1.5,0.2,10.5,0.0,0.0,77.0
2023-06-19T03:30Z,3,96,3.7,0.0,23.4,0.1,0.3,45.4,0.0,0.0,27.2
2023-06-19T03:30Z,4,58,3.9,0.0,13.4,0.0,2.0,74.2,0.0,0.0,6.5
2023-06-19T03:30Z,5,262,17.6,0.0,61.2,0.0,0.0,0.0,0.0,0.0,21.2
2023-06-19T03:30Z,6,145,2.2,0.0,36.1,0.3,0.1,19.4,0.0,0.0,41.9
2023-06-19T03:30Z,7,227,2.9,0.0,56.6,0.0,1.5,11.1,0.0,0.0,27.9
2023-06-19T03:30Z,8,220,3.7,0.0,54.3,0.1,2.0,15.6,0.0,0.0,24.3
2023-06-19T03:30Z,9,295,4.9,0.0,73.4,0.0,0.0,1.2,0.0,0.0,20.5
2023-06-19T03:30Z,10,120,0.0,0.0,30.4,0.0,0.0,28.4,0.0,0.0,41.1
2023-06-19T03:30Z,11,345,0.4,0.0,86.9,0.0,4.8,0.3,0.0,0.0,7.5
2023-06-19T03:30Z,12,305,1.2,0.0,75.1,0.0,14.4,1.1,0.0,0.0,8.2
2023-06-19T03:30Z,13,167,0.0,0.0,41.7,0.2,4.4,18.7,0.0,0.0,35.0
2023-06-19T03:30Z,14,222,0.0,0.0,54.8,0.4,11.3,5.8,0.0,0.0,27.7
2023-06-19T03:30Z,15,191,3.8,0.0,46.3,0.0,7.4,18.7,0.0,0.0,23.7
2023-06-19T03:30Z,16,21,3.0,0.0,4.4,2.3,0.0,6.4,0.0,0.0,83.9
2023-06-19T03:30Z,17,263,0.6,0.0,66.5,0.2,0.6,2.0,0.0,0.0,30.2
2023-06-19T03:30Z,18,181,3.5,0.0,42.8,0.3,6.1,16.0,0.0,0.0,31.3
2023-06-19T04:00Z,1,0,0.0,0.0,0.0,3.9,0.0,0.0,0.0,0.0,96.1
2023-06-19T04:00Z,2,26,3.7,0.0,5.5,2.1,0.2,6.1,0.0,0.0,82.4
2023-06-19T04:00Z,3,84,3.0,0.0,20.5,0.1,0.5,44.8,0.0,0.0,31.0
2023-06-19T04:00Z,4,35,2.4,0.0,8.2,0.0,3.7,80.4,0.0,0.0,5.3
2023-06-19T04:00Z,5,255,17.6,0.0,59.3,0.0,0.0,0.0,0.0,0.0,23.1
2023-06-19T04:00Z,6,132,1.9,0.0,32.9,0.4,0.2,19.0,0.0,0.0,45.6
2023-06-19T04:00Z,7,219,2.8,0.0,54.7,0.1,1.0,12.1,0.0,0.0,29.4
2023-06-19T04:00Z,8,201,3.8,0.0,49.6,0.1,1.4,17.3,0.0,0.0,27.7
2023-06-19T04:00Z,9,293,5.7,0.0,72.5,0.0,0.0,0.8,0.0,0.0,21.0
2023-06-19T04:00Z,10,124,0.0,0.0,31.5,0.0,0.0,29.0,0.0,0.0,39.4
2023-06-19T04:00Z,11,352,0.4,0.0,88.8,0.0,3.8,0.2,0.0,0.0,6.8
2023-06-19T04:00Z,12,307,1.6,0.0,75.7,0.0,13.5,0.9,0.0,0.0,8.4
2023-06-19T04:00Z,13,170,0.0,0.0,42.6,0.2,4.5,18.9,0.0,0.0,33.7
2023-06-19T04:00Z,14,219,0.0,0.0,54.1,0.6,11.7,6.6,0.0,0.0,27.1
2023-06-19T04:00Z,15,180,4.0,0.0,43.3,0.1,7.3,19.0,0.0,0.0,26.3
2023-06-19T04:00Z,16,18,2.7,0.0,3.7,2.8,0.0,3.4,0.0,0.0,87.4
2023-06-19T04:00Z,17,243,0.4,0.0,61.6,0.5,0.1,1.4,0.0,0.0,36.1
2023-06-19T04:00Z,18,174,3.6,0.0,40.1,0.4,5.9,15.9,0.0,0.0,34.1
2023-06-19T04:30Z,1,0,0.0,0.0,0.0,4.6,0.0,0.0,0.0,0.0,95.4
2023-06-19T04:30Z,2,23,3.2,0.0,4.7,2.6,0.1,4.3,0.0,0.0,85.0
2023-06-19T04:30Z,3,80,2.2,0.0,19.7,0.3,0.6,43.8,0.0,0.0,33.5
2023-06-19T04:30Z,4,21,1.3,0.0,4.8,0.0,5.3,84.2,0.0,0.0,4.4
2023-06-19T04:30Z,5,254,16.6,0.0,59.4,0.0,0.0,0.1,0.0,0.0,23.9
2023-06-19T04:30Z,6,123,1.6,0.0,30.7,0.7,0.3,18.5,0.0,0.0,48.4
2023-06-19T04:30Z,7,212,2.6,0.0,52.9,0.2,0.6,12.0,0.0,0.0,31.6
2023-06-19T04:30Z,8,184,3.7,0.0,45.4,0.2,0.9,18.1,0.0,0.0,31.6
2023-06-19T04:30Z,9,291,6.4,0.1,71.7,0.0,0.0,0.3,0.0,0.0,21.5
2023-06-19T04:30Z,10,131,0.1,0.0,33.2,0.0,0.0,29.0,0.0,0.0,37.7
2023-06-19T04:30Z,11,376,0.0,0.0,95.5,0.0,0.0,0.1,0.0,0.0,4.4
2023-06-19T04:30Z,12,307,2.0,0.0,75.5,0.1,13.2,0.6,0.0,0.0,8.7
2023-06-19T04:30Z,13,185,0.1,0.0,46.6,0.3,2.4,18.3,0.0,0.0,32.3
2023-06-19T04:30Z,14,237,0.0,0.0,59.3,0.8,6.1,6.7,0.0,0.0,27.0
2023-06-19T04:30Z,15,177,3.9,0.1,42.7,0.2,7.8,18.6,0.0,0.0,26.8
2023-06-19T04:30Z,16,16,2.4,0.0,3.4,3.2,0.0,2.8,0.0,0.0,88.2
2023-06-19T04:30Z,17,227,0.5,0.0,57.5,0.7,0.0,1.0,0.0,0.0,40.3
2023-06-19T04:30Z,18,173,3.5,0.0,39.3,0.5,6.4,15.5,0.0,0.0,34.7
2023-06-19T05:00Z,1,0,0.0,0.0,0.0,6.5,0.0,0.0,0.0,0.0,93.5
2023-06-19T05:00Z,2,19,2.7,0.0,4.0,3.6,0.0,3.1,0.0,0.0,86.6
2023-06-19T05:00Z,3,73,1.7,0.0,18.1,0.4,0.7,41.5,0.0,0.0,37.6
2023-06-19T05:00Z,4,3,0.3,0.0,0.7,0.0,6.9,83.8,0.0,0.0,8.3
2023-06-19T05:00Z,5,251,15.8,0.0,58.8,0.0,0.0,0.1,0.0,0.0,25.3
2023-06-19T05:00Z,6,115,1.3,0.0,28.8,0.9,0.3,17.3,0.0,0.0,51.4
2023-06-19T05:00Z,7,209,2.4,0.0,52.3,0.2,0.3,11.0,0.0,0.0,33.8
2023-06-19T05:00Z,8,168,3.5,0.0,41.4,0.4,0.5,18.5,0.0,0.0,35.6
2023-06-19T05:00Z,9,291,6.6,0.1,71.5,0.0,0.0,0.2,0.0,0.0,21.6
2023-06-19T05:00Z,10,144,0.2,0.0,36.4,0.0,0.0,28.1,0.0,0.0,35.3
2023-06-19T05:00Z,11,378,0.0,0.0,96.0,0.0,0.0,0.1,0.0,0.0,4.0
2023-06-19T05:00Z,12,295,2.5,0.0,71.9,0.0,15.6,0.4,0.0,0.0,9.4
2023-06-19T05:00Z,13,192,0.2,0.0,48.1,0.4,4.1,17.4,0.0,0.0,29.9
2023-06-19T05:00Z,14,235,0.0,0.0,58.2,1.1,10.6,5.7,0.0,0.0,24.3
2023-06-19T05:00Z,15,173,3.7,0.1,41.6,0.2,8.2,18.2,0.0,0.0,28.0
2023-06-19T05:00Z,16,15,2.2,0.0,3.0,3.7,0.0,2.3,0.0,0.0,88.7
2023-06-19T05:00Z,17,217,0.5,0.0,54.9,0.8,0.0,0.6,0.0,0.0,43.2
2023-06-19T05:00Z,18,169,3.3,0.1,38.3,0.7,6.7,15.1,0.0,0.0,35.9
2023-06-19T05:30Z,1,0,0.0,0.0,0.0,6.5,0.0,0.0,0.0,0.0,93.5
2023-06-19T05:30Z,2,17,2.5,0.0,3.6,3.6,0.0,2.1,0.0,0.0,88.2
2023-06-19T05:30Z,3,70,1.3,0.0,17.4,0.4,1.0,39.4,0.0,0.0,40.6
2023-06-19T05:30Z,4,1,0.2,0.0,0.3,0.1,8.7,81.9,0.0,0.0,8.9
2023-06-19T05:30Z,5,246,14.8,0.0,57.8,0.0,0.1,0.4,0.0,0.0,26.9
2023-06-19T05:30Z,6,117,1.1,0.0,29.3,1.0,0.4,16.6,0.0,0.0,51.7
2023-06-19T05:30Z,7,240,1.5,0.0,60.4,0.2,0.3,9.5,0.0,0.0,28.1
2023-06-19T05:30Z,8,158,3.0,0.1,39.0,0.4,0.6,19.9,0.0,0.0,37.1
2023-06-19T05:30Z,9,288,6.4,0.2,70.8,0.0,0.1,0.4,0.0,0.0,22.2
2023-06-19T05:30Z,10,147,0.2,0.0,37.3,0.0,0.0,27.8,0.0,0.0,34.7
2023-06-19T05:30Z,11,377,0.0,0.0,95.6,0.0,0.0,0.0,0.0,0.0,4.4
2023-06-19T05:30Z,12,278,2.1,0.1,66.8,0.0,22.5,0.4,0.0,0.0,8.0
2023-06-19T05:30Z,13,195,0.2,0.0,48.5,0.5,7.4,16.7,0.0,0.0,26.6
2023-06-19T05:30Z,14,230,0.0,0.0,55.9,1.1,17.9,4.7,0.0,0.0,20.4
2023-06-19T05:30Z,15,162,3.7,0.1,38.6,0.3,9.1,17.6,0.0,0.0,30.7
2023-06-19T05:30Z,16,13,2.0,0.0,2.7,3.5,0.0,2.0,0.0,0.0,89.8
2023-06-19T05:30Z,17,258,0.3,0.0,65.3,0.7,0.0,0.4,0.0,0.0,33.2
2023-06-19T05:30Z,18,163,3.3,0.1,36.3,0.7,7.4,14.6,0.0,0.0,37.7
2023-06-19T06:00Z,1,0,0.0,0.0,0.0,6.4,0.0,0.0,0.0,0.0,93.6
2023-06-19T06:00Z,2,16,2.4,0.0,3.4,3.5,0.0,1.7,0.0,0.0,89.0
2023-06-19T06:00Z,3,72,1.5,0.0,17.8,0.5,1.2,38.5,0.0,0.0,40.6
2023-06-19T06:00Z,4,1,0.1,0.0,0.2,0.1,10.8,80.0,0.0,0.0,8.8
2023-06-19T06:00Z,5,246,15.8,0.0,57.7,0.0,0.1,0.6,0.0,0.0,25.7
2023-06-19T06:00Z,6,118,1.1,0.0,29.6,1.0,0.5,16.0,0.0,0.0,51.8
2023-06-19T06:00Z,7,292,0.8,0.0,73.8,0.1,0.5,7.3,0.0,0.0,17.5
2023-06-19T06:00Z,8,177,2.9,0.1,43.5,0.4,1.9,19.0,0.0,0.0,32.2
2023-06-19T06:00Z,9,307,5.5,0.3,75.4,0.0,0.0,0.6,0.0,0.0,18.1
2023-06-19T06:00Z,10,160,0.3,0.0,38.3,0.0,1.9,27.3,0.0,0.0,32.2
2023-06-19T06:00Z,11,367,0.1,0.0,92.9,0.0,2.1,0.0,0.0,0.0,4.8
2023-06-19T06:00Z,12,283,1.4,0.1,67.8,0.1,25.1,0.3,0.0,0.0,5.3
2023-06-19T06:00Z,13,202,0.2,0.0,48.3,0.5,13.1,15.9,0.0,0.0,22.0
2023-06-19T06:00Z,14,220,0.0,0.0,51.6,1.4,26.9,4.4,0.0,0.0,15.7
2023-06-19T06:00Z,15,175,3.4,0.1,41.1,0.3,10.9,17.0,0.0,0.0,27.1
2023-06-19T06:00Z,16,12,1.9,0.0,2.6,3.5,0.0,1.8,0.0,0.0,90.3
2023-06-19T06:00Z,17,272,0.3,0.0,69.0,0.5,0.0,0.3,0.0,0.0,29.9
2023-06-19T06:00Z,18,173,3.0,0.1,38.7,0.7,8.9,14.0,0.0,0.0,34.6
2023-06-19T06:30Z,1,0,0.0,0.0,0.0,6.2,0.0,0.0,0.0,0.0,93.8
2023-06-19T06:30Z,2,15,2.3,0.0,3.2,3.2,0.0,1.6,0.0,0.0,89.8
2023-06-19T06:30Z,3,65,1.1,0.0,16.0,0.5,1.6,38.9,0.0,0.0,41.9
2023-06-19T06:30Z,4,2,0.2,0.0,0.3,0.1,13.3,74.5,0.0,0.0,11.7
2023-06-19T06:30Z,5,243,16.2,0.0,56.8,0.0,0.6,1.1,0.0,0.0,25.3
2023-06-19T06:30Z,6,111,1.0,0.0,28.0,1.0,0.6,16.2,0.0,0.0,53.2
2023-06-19T06:30Z,7,316,0.4,0.0,79.9,0.1,0.4,5.6,0.0,0.0,13.6
2023-06-19T06:30Z,8,164,2.6,0.1,40.3,0.4,2.6,20.0,0.0,0.0,33.9
2023-06-19T06:30Z,9,306,5.9,0.4,74.9,0.0,0.2,1.0,0.0,0.0,17.6
2023-06-19T06:30Z,10,161,0.3,0.1,35.8,0.0,4.1,28.8,0.0,0.0,31.0
2023-06-19T06:30Z,11,356,0.2,0.0,89.6,0.0,4.9,0.0,0.0,0.0,5.2
2023-06-19T06:30Z,12,271,1.1,0.1,64.2,0.1,30.0,0.3,0.0,0.0,4.2
2023-06-19T06:30Z,13,196,0.2,0.0,44.7,0.6,20.2,15.6,0.0,0.0,18.8
2023-06-19T06:30Z,14,205,0.0,0.0,45.9,1.3,38.0,3.4,0.0,0.0,11.3
2023-06-19T06:30Z,15,178,3.3,0.2,41.2,0.3,12.9,17.4,0.0,0.0,24.8
2023-06-19T06:30Z,16,12,1.8,0.0,2.5,3.4,0.0,1.6,0.0,0.0,90.7
2023-06-19T06:30Z,17,293,0.2,0.0,74.4,0.5,0.0,0.3,0.0,0.0,24.7
2023-06-19T06:30Z,18,173,2.9,0.1,38.9,0.7,10.5,14.3,0.0,0.0,32.6
2023-06-19T07:00Z,1,0,0.0,0.0,0.0,5.7,0.0,0.0,0.0,0.0,94.3
2023-06-19T07:00Z,2,14,2.2,0.0,3.0,2.9,0.0,1.4,0.0,0.0,90.6
2023-06-19T07:00Z,3,62,1.0,0.0,15.3,0.5,1.9,39.7,0.0,0.0,41.6
2023-06-19T07:00Z,4,2,0.2,0.0,0.3,0.1,14.8,69.9,0.0,0.0,14.6
2023-06-19T07:00Z,5,245,16.6,0.0,57.2,0.0,0.9,1.6,0.0,0.0,23.6
2023-06-19T07:00Z,6,108,1.0,0.0,27.1,0.9,0.7,15.6,0.0,0.0,54.7
2023-06-19T07:00Z,7,317,0.4,0.0,80.3,0.1,0.3,4.1,0.0,0.0,14.8
2023-06-19T07:00Z,8,154,2.7,0.2,37.7,0.4,1.9,21.4,0.0,0.0,35.7
2023-06-19T07:00Z,9,307,6.3,0.7,74.5,0.0,0.3,1.4,0.0,0.0,16.8
2023-06-19T07:00Z,10,166,0.4,0.1,36.8,0.0,4.2,30.4,0.0,0.0,28.2
2023-06-19T07:00Z,11,341,0.3,0.0,85.2,0.0,7.4,0.1,0.0,0.0,6.9
2023-06-19T07:00Z,12,265,1.4,0.1,62.1,0.1,31.4,0.3,0.0,0.0,4.5
2023-06-19T07:00Z,13,204,0.2,0.1,46.3,0.6,20.7,14.5,0.0,0.0,17.7
2023-06-19T07:00Z,14,215,0.0,0.0,48.3,1.4,38.0,2.0,0.0,0.0,10.3
2023-06-19T07:00Z,15,182,3.3,0.2,42.1,0.3,13.5,17.3,0.0,0.0,23.2
2023-06-19T07:00Z,16,11,1.7,0.0,2.3,3.4,0.0,1.4,0.0,0.0,91.1
2023-06-19T07:00Z,17,285,0.2,0.0,72.4,0.4,0.0,0.2,0.0,0.0,26.8
2023-06-19T07:00Z,18,173,2.9,0.2,39.5,0.7,11.0,14.3,0.0,0.0,31.5
2023-06-19T07:30Z,1,0,0.0,0.0,0.0,5.4,0.0,0.0,0.0,0.0,94.6
2023-06-19T07:30Z,2,13,2.0,0.0,2.8,2.7,0.0,1.2,0.0,0.0,91.3
2023-06-19T07:30Z,3,56,0.6,0.0,14.1,0.5,2.0,39.4,0.0,0.0,43.3
2023-06-19T07:30Z,4,3,0.3,0.0,0.4,0.2,15.6,64.0,0.0,0.0,19.5
2023-06-19T07:30Z,5,244,17.2,0.0,56.8,0.0,1.4,2.1,0.0,0.0,22.5
2023-06-19T07:30Z,6,101,0.8,0.0,25.5,0.9,0.8,15.8,0.0,0.0,56.3
2023-06-19T07:30Z,7,332,0.2,0.0,84.1,0.0,0.2,2.8,0.0,0.0,12.7
2023-06-19T07:30Z,8,136,2.5,0.2,33.2,0.5,2.1,22.1,0.0,0.0,39.5
2023-06-19T07:30Z,9,299,7.4,0.9,71.5,0.0,0.6,1.8,0.0,0.0,17.8
2023-06-19T07:30Z,10,165,0.4,0.1,36.3,0.0,4.5,32.1,0.0,0.0,26.6
2023-06-19T07:30Z,11,319,0.5,0.0,78.8,0.0,12.7,0.1,0.0,0.0,7.8
2023-06-19T07:30Z,12,267,1.2,0.1,62.6,0.1,32.1,0.3,0.0,0.0,3.4
2023-06-19T07:30Z,13,204,0.3,0.1,46.0,0.5,23.2,14.2,0.0,0.0,15.7
2023-06-19T07:30Z,14,210,0.0,0.0,46.5,1.2,42.4,0.8,0.0,0.0,9.0
2023-06-19T07:30Z,15,178,3.3,0.2,40.9,0.3,14.3,17.2,0.0,0.0,23.7
2023-06-19T07:30Z,16,11,1.7,0.0,2.2,3.1,0.0,1.4,0.0,0.0,91.5
2023-06-19T07:30Z,17,283,0.2,0.0,71.8,0.5,0.0,0.2,0.0,0.0,27.3
2023-06-19T07:30Z,18,169,2.9,0.2,38.5,0.6,11.6,14.2,0.0,0.0,31.9
2023-06-19T08:00Z,1,0,0.0,0.0,0.0,5.2,0.0,0.0,0.0,0.0,94.8
2023-06-19T08:00Z,2,13,1.9,0.0,2.7,2.5,0.0,1.1,0.0,0.0,91.9
2023-06-19T08:00Z,3,53,0.5,0.0,13.3,0.5,2.7,39.8,0.0,0.0,43.2
2023-06-19T08:00Z,4,2,0.3,0.0,0.4,0.2,19.0,60.9,0.0,0.0,19.3
2023-06-19T08:00Z,5,243,17.4,0.0,56.5,0.0,2.0,2.7,0.0,0.0,21.4
2023-06-19T08:00Z,6,99,0.8,0.0,24.9,0.9,1.0,15.8,0.0,0.0,56.7
2023-06-19T08:00Z,7,333,0.2,0.0,84.5,0.0,0.3,2.0,0.0,0.0,13.1
2023-06-19T08:00Z,8,133,2.4,0.3,32.1,0.5,3.1,22.6,0.0,0.0,39.1
2023-06-19T08:00Z,9,295,7.6,1.1,69.8,0.0,0.9,2.2,0.0,0.0,18.4
2023-06-19T08:00Z,10,174,0.3,0.1,34.4,0.0,8.1,32.7,0.0,0.0,24.4
2023-06-19T08:00Z,11,319,0.4,0.1,78.9,0.0,12.4,0.1,0.0,0.0,8.1
2023-06-19T08:00Z,12,258,1.1,0.2,59.9,0.1,35.1,0.3,0.0,0.0,3.3
2023-06-19T08:00Z,13,204,0.2,0.1,44.1,0.4,26.3,13.9,0.0,0.0,14.9
2023-06-19T08:00Z,14,206,0.0,0.0,45.3,1.0,44.6,0.3,0.0,0.0,8.8
2023-06-19T08:00Z,15,181,3.3,0.3,40.5,0.3,15.2,17.4,0.0,0.0,23.0
2023-06-19T08:00Z,16,10,1.6,0.0,2.1,2.8,0.0,1.4,0.0,0.0,92.0
2023-06-19T08:00Z,17,275,0.3,0.0,69.8,0.5,0.0,0.2,0.0,0.0,29.3
2023-06-19T08:00Z,18,168,2.9,0.2,37.9,0.6,12.4,14.3,0.0,0.0,31.7
2023-06-19T08:30Z,1,0,0.0,0.0,0.0,5.1,0.0,0.0,0.0,0.0,94.9
2023-06-19T08:30Z,2,12,1.9,0.0,2.5,2.3,0.0,0.8,0.0,0.0,92.4
2023-06-19T08:30Z,3,49,0.6,0.0,12.2,0.5,3.4,40.2,0.0,0.0,43.1
2023-06-19T08:30Z,4,2,0.2,0.0,0.3,0.2,21.5,59.3,0.0,0.0,18.5
2023-06-19T08:30Z,5,245,17.3,0.0,56.8,0.0,2.5,3.3,0.0,0.0,20.0
2023-06-19T08:30Z,6,97,0.8,0.0,24.3,0.9,1.3,15.7,0.0,0.0,57.1
2023-06-19T08:30Z,7,342,0.1,0.0,86.7,0.0,0.2,1.6,0.0,0.0,11.4
2023-06-19T08:30Z,8,134,2.3,0.4,32.2,0.4,4.4,22.8,0.0,0.0,37.5
2023-06-19T08:30Z,9,295,7.4,1.4,69.2,0.0,1.1,2.5,0.0,0.0,18.4
2023-06-19T08:30Z,10,185,0.3,0.1,32.9,0.0,11.8,32.7,0.0,0.0,22.1
2023-06-19T08:30Z,11,321,0.3,0.1,79.8,0.0,11.7,0.1,0.0,0.0,8.1
2023-06-19T08:30Z,12,259,0.8,0.2,60.2,0.0,35.7,0.3,0.0,0.0,2.8
2023-06-19T08:30Z,13,204,0.2,0.1,42.4,0.3,29.8,13.9,0.0,0.0,13.3
2023-06-19T08:30Z,14,198,0.0,0.0,43.2,0.6,47.6,0.2,0.0,0.0,8.4
2023-06-19T08:30Z,15,178,3.4,0.4,38.6,0.2,16.4,18.0,0.0,0.0,23.0
2023-06-19T08:30Z,16,10,1.6,0.0,2.1,2.5,0.0,1.3,0.0,0.0,92.5
2023-06-19T08:30Z,17,261,0.3,0.0,66.0,0.5,0.0,0.2,0.0,0.0,32.9
2023-06-19T08:30Z,18,166,2.9,0.3,36.0,0.5,13.2,14.7,0.0,0.0,32.3
2023-06-19T09:00Z,1,0,0.0,0.0,0.0,5.2,0.0,0.0,0.0,0.0,94.8
2023-06-19T09:00Z,2,12,1.8,0.0,2.5,2.3,0.0,0.6,0.0,0.0,92.8
2023-06-19T09:00Z,3,49,0.5,0.0,12.4,0.5,3.8,40.6,0.0,0.0,42.2
2023-06-19T09:00Z,4,2,0.2,0.0,0.3,0.2,23.8,57.3,0.0,0.0,18.1
2023-06-19T09:00Z,5,244,17.4,0.0,56.7,0.0,3.0,3.8,0.0,0.0,19.1
2023-06-19T09:00Z,6,96,0.7,0.0,24.0,0.9,1.4,15.2,0.0,0.0,57.7
2023-06-19T09:00Z,7,349,0.0,0.0,88.5,0.0,0.1,1.0,0.0,0.0,10.5
2023-06-19T09:00Z,8,136,2.2,0.4,32.2,0.4,5.5,23.1,0.0,0.0,36.1
2023-06-19T09:00Z,9,295,7.3,1.7,68.4,0.0,1.2,2.7,0.0,0.0,18.6
2023-06-19T09:00Z,10,184,0.2,0.1,31.9,0.0,13.2,33.1,0.0,0.0,21.5
2023-06-19T09:00Z,11,314,0.2,0.1,77.7,0.0,13.2,0.1,0.0,0.0,8.7
2023-06-19T09:00Z,12,254,0.6,0.2,58.8,0.0,37.6,0.3,0.0,0.0,2.4
2023-06-19T09:00Z,13,189,0.1,0.1,37.9,0.2,35.7,13.8,0.0,0.0,12.3
2023-06-19T09:00Z,14,178,0.0,0.0,36.5,0.3,54.7,0.1,0.0,0.0,8.4
2023-06-19T09:00Z,15,178,3.3,0.4,38.2,0.2,16.8,17.9,0.0,0.0,23.1
2023-06-19T09:00Z,16,10,1.5,0.0,2.0,2.5,0.0,1.3,0.0,0.0,92.7
2023-06-19T09:00Z,17,257,0.3,0.0,65.2,0.5,0.0,0.3,0.0,0.0,33.7
2023-06-19T09:00Z,18,164,2.9,0.4,35.6,0.5,13.7,14.7,0.0,0.0,32.3
2023-06-19T09:30Z,1,0,0.0,0.0,0.0,4.7,0.0,0.0,0.0,0.0,95.3
2023-06-19T09:30Z,2,12,1.8,0.0,2.4,2.1,0.0,0.5,0.0,0.0,93.2
2023-06-19T09:30Z,3,53,0.5,0.0,13.3,0.5,3.5,40.3,0.0,0.0,41.7
2023-06-19T09:30Z,4,2,0.3,0.0,0.4,0.2,23.1,55.1,0.0,0.0,21.0
2023-06-19T09:30Z,5,246,17.6,0.0,57.1,0.0,2.7,4.2,0.0,0.0,18.4
2023-06-19T09:30Z,6,94,0.7,0.0,23.7,0.8,1.3,14.7,0.0,0.0,58.7
2023-06-19T09:30Z,7,345,0.1,0.0,87.6,0.0,0.1,0.7,0.0,0.0,11.5
2023-06-19T09:30Z,8,141,2.2,0.5,33.3,0.4,5.6,22.8,0.0,0.0,35.2
2023-06-19T09:30Z,9,298,7.1,2.1,68.4,0.0,1.1,2.8,0.0,0.0,18.5
2023-06-19T09:30Z,10,186,0.2,0.1,31.6,0.0,14.0,33.4,0.0,0.0,20.7
2023-06-19T09:30Z,11,303,0.2,0.1,74.8,0.0,14.3,0.1,0.0,0.0,10.5
2023-06-19T09:30Z,12,260,0.5,0.2,60.3,0.0,36.3,0.3,0.0,0.0,2.4
2023-06-19T09:30Z,13,192,0.1,0.1,37.9,0.1,36.4,13.2,0.0,0.0,12.3
2023-06-19T09:30Z,14,179,0.0,0.0,36.2,0.2,54.6,0.0,0.0,0.0,9.0
2023-06-19T09:30Z,15,177,3.3,0.5,37.5,0.2,17.5,18.0,0.0,0.0,22.9
2023-06-19T09:30Z,16,9,1.4,0.0,2.0,2.4,0.0,1.3,0.0,0.0,92.8
2023-06-19T09:30Z,17,248,0.3,0.0,62.8,0.5,0.0,0.3,0.0,0.0,36.1
2023-06-19T09:30Z,18,163,2.9,0.4,34.9,0.5,14.2,14.8,0.0,0.0,32.4
2023-06-19T10:00Z,1,0,0.0,0.0,0.0,4.2,0.0,0.0,0.0,0.0,95.8
2023-06-19T10:00Z,2,11,1.7,0.0,2.3,1.8,0.0,0.5,0.0,0.0,93.7
2023-06-19T10:00Z,3,54,0.5,0.0,13.5,0.4,3.8,40.5,0.0,0.0,41.3
2023-06-19T10:00Z,4,3,0.3,0.0,0.4,0.2,23.6,53.2,0.0,0.0,22.4
2023-06-19T10:00Z,5,245,17.7,0.0,56.9,0.0,3.2,4.6,0.0,0.0,17.7
2023-06-19T10:00Z,6,92,0.7,0.0,23.2,0.7,1.3,14.7,0.0,0.0,59.4
2023-06-19T10:00Z,7,348,0.0,0.0,88.3,0.0,0.0,0.3,0.0,0.0,11.4
2023-06-19T10:00Z,8,136,2.1,0.6,32.1,0.4,5.3,22.9,0.0,0.0,36.7
2023-06-19T10:00Z,9,301,7.3,2.5,68.2,0.0,1.3,2.8,0.0,0.0,17.8
2023-06-19T10:00Z,10,192,0.2,0.1,31.9,0.0,15.1,32.9,0.0,0.0,19.8
2023-06-19T10:00Z,11,301,0.2,0.1,74.3,0.0,13.7,0.1,0.0,0.0,11.6
2023-06-19T10:00Z,12,255,0.6,0.2,58.8,0.0,37.5,0.3,0.0,0.0,2.6
2023-06-19T10:00Z,13,193,0.1,0.1,37.2,0.1,37.3,12.6,0.0,0.0,12.7
2023-06-19T10:00Z,14,175,0.0,0.0,34.6,0.2,55.5,0.0,0.0,0.0,9.6
2023-06-19T10:00Z,15,176,3.3,0.5,36.7,0.2,18.7,18.3,0.0,0.0,22.4
2023-06-19T10:00Z,16,9,1.4,0.0,1.9,2.1,0.0,1.4,0.0,0.0,93.2
2023-06-19T10:00Z,17,240,0.3,0.0,60.8,0.5,0.0,0.3,0.0,0.0,38.1
2023-06-19T10:00Z,18,162,2.8,0.4,34.0,0.5,15.1,15.0,0.0,0.0,32.2
2023-06-19T10:30Z,1,0,0.0,0.0,0.0,3.3,0.0,0.0,0.0,0.0,96.7
2023-06-19T10:30Z,2,11,1.6,0.0,2.3,1.4,0.0,0.6,0.0,0.0,94.2
2023-06-19T10:30Z,3,55,0.4,0.0,13.7,0.4,3.8,40.9,0.0,0.0,40.8
2023-06-19T10:30Z,4,3,0.3,0.0,0.4,0.2,22.7,52.2,0.0,0.0,24.3
2023-06-19T10:30Z,5,252,17.0,0.0,58.7,0.0,3.1,4.8,0.0,0.0,16.4
2023-06-19T10:30Z,6,91,0.6,0.0,22.8,0.6,1.3,14.7,0.0,0.0,60.1
2023-06-19T10:30Z,7,344,0.0,0.0,87.4,0.0,0.0,0.2,0.0,0.0,12.4
2023-06-19T10:30Z,8,137,2.0,0.7,32.1,0.3,4.9,22.9,0.0,0.0,37.1
2023-06-19T10:30Z,9,310,7.1,2.8,69.9,0.0,1.3,2.7,0.0,0.0,16.2
2023-06-19T10:30Z,10,193,0.2,0.1,30.2,0.0,16.7,33.1,0.0,0.0,19.6
2023-06-19T10:30Z,11,286,0.3,0.1,70.0,0.0,16.5,0.1,0.0,0.0,13.0
2023-06-19T10:30Z,12,254,0.6,0.2,58.4,0.0,37.8,0.2,0.0,0.0,2.6
2023-06-19T10:30Z,13,200,0.2,0.1,38.3,0.1,36.5,12.2,0.0,0.0,12.7
2023-06-19T10:30Z,14,187,0.0,0.0,38.2,0.2,51.8,0.0,0.0,0.0,9.8
2023-06-19T10:30Z,15,176,3.2,0.6,36.2,0.2,19.2,18.5,0.0,0.0,22.1
2023-06-19T10:30Z,16,9,1.3,0.0,1.8,1.9,0.0,1.5,0.0,0.0,93.5
2023-06-19T10:30Z,17,234,0.3,0.0,59.3,0.5,0.0,0.4,0.0,0.0,39.6
2023-06-19T10:30Z,18,162,2.8,0.5,33.5,0.4,15.6,15.2,0.0,0.0,32.1
2023-06-19T11:00Z,1,0,0.0,0.0,0.0,2.9,0.0,0.0,0.0,0.0,97.1
2023-06-19T11:00Z,2,10,1.4,0.0,2.2,1.2,0.0,0.6,0.0,0.0,94.6
2023-06-19T11:00Z,3,57,0.5,0.0,14.2,0.3,3.1,41.7,0.0,0.0,40.2
2023-06-19T11:00Z,4,3,0.3,0.0,0.5,0.2,20.1,51.0,0.0,0.0,27.9
2023-06-19T11:00Z,5,253,17.1,0.0,59.1,0.0,2.5,5.1,0.0,0.0,16.3
2023-06-19T11:00Z,6,91,0.6,0.0,23.0,0.5,1.1,14.6,0.0,0.0,60.2
2023-06-19T11:00Z,7,340,0.0,0.0,86.4,0.0,0.0,0.1,0.0,0.0,13.5
2023-06-19T11:00Z,8,145,1.9,0.7,34.0,0.3,5.4,22.8,0.0,0.0,34.8
2023-06-19T11:00Z,9,326,6.3,3.1,73.4,0.0,0.9,2.6,0.0,0.0,13.7
2023-06-19T11:00Z,10,185,0.2,0.1,28.0,0.0,17.1,33.3,0.0,0.0,21.4
2023-06-19T11:00Z,11,316,0.1,0.1,78.9,0.0,8.3,0.1,0.0,0.0,12.6
2023-06-19T11:00Z,12,238,0.6,0.3,53.5,0.0,42.7,0.2,0.0,0.0,2.6
2023-06-19T11:00Z,13,189,0.1,0.1,34.9,0.1,38.4,12.5,0.0,0.0,13.9
2023-06-19T11:00Z,14,179,0.0,0.0,35.2,0.2,53.7,0.0,0.0,0.0,10.9
2023-06-19T11:00Z,15,173,3.2,0.7,34.9,0.2,19.6,18.8,0.0,0.0,22.6
2023-06-19T11:00Z,16,8,1.2,0.0,1.8,1.5,0.0,1.7,0.0,0.0,93.8
2023-06-19T11:00Z,17,216,0.3,0.0,54.8,0.4,0.0,0.5,0.0,0.0,43.9
2023-06-19T11:00Z,18,160,2.8,0.5,32.0,0.4,15.9,15.5,0.0,0.0,32.9
2023-06-19T11:30Z,1,0,0.0,0.0,0.0,2.3,0.0,0.0,0.0,0.0,97.7
2023-06-19T11:30Z,2,10,1.3,0.0,2.1,1.0,0.0,0.8,0.0,0.0,94.8
2023-06-19T11:30Z,3,59,0.4,0.0,14.8,0.3,2.4,42.6,0.0,0.0,39.5
2023-06-19T11:30Z,4,3,0.4,0.0,0.5,0.2,16.8,50.2,0.0,0.0,31.9
2023-06-19T11:30Z,5,252,17.1,0.0,58.8,0.0,2.0,5.7,0.0,0.0,16.4
2023-06-19T11:30Z,6,92,0.6,0.0,23.1,0.4,0.8,15.1,0.0,0.0,60.0
2023-06-19T11:30Z,7,336,0.0,0.0,85.3,0.0,0.0,0.6,0.0,0.0,14.1
2023-06-19T11:30Z,8,148,1.8,0.8,34.5,0.2,5.3,24.4,0.0,0.0,33.1
2023-06-19T11:30Z,9,335,5.9,3.4,75.1,0.0,0.7,2.7,0.0,0.0,12.2
2023-06-19T11:30Z,10,181,0.1,0.1,26.9,0.0,17.3,32.9,0.0,0.0,22.8
2023-06-19T11:30Z,11,306,0.1,0.1,75.7,0.0,11.3,0.1,0.0,0.0,12.7
2023-06-19T11:30Z,12,236,0.4,0.3,52.8,0.0,43.7,0.2,0.0,0.0,2.5
2023-06-19T11:30Z,13,182,0.1,0.1,32.7,0.1,39.3,12.9,0.0,0.0,14.8
2023-06-19T11:30Z,14,172,0.0,0.0,32.5,0.2,55.2,0.0,0.0,0.0,12.0
2023-06-19T11:30Z,15,162,3.3,0.7,31.3,0.2,20.5,19.5,0.0,0.0,24.5
2023-06-19T11:30Z,16,8,1.1,0.0,1.7,1.2,0.0,2.0,0.0,0.0,93.9
2023-06-19T11:30Z,17,213,0.3,0.0,54.0,0.4,0.0,0.6,0.0,0.0,44.7
2023-06-19T11:30Z,18,154,2.8,0.6,29.0,0.3,16.6,16.1,0.0,0.0,34.5
2023-06-19T12:00Z,1,0,0.0,0.0,0.0,1.8,0.0,0.0,0.0,0.0,98.2
2023-06-19T12:00Z,2,10,1.3,0.0,2.1,0.7,0.0,1.5,0.0,0.0,94.5
2023-06-19T12:00Z,3,56,0.4,0.0,14.2,0.2,2.7,43.7,0.0,0.0,38.9
2023-06-19T12:00Z,4,3,0.3,0.0,0.5,0.2,18.4,49.1,0.0,0.0,31.4
2023-06-19T12:00Z,5,251,17.2,0.0,58.5,0.0,2.5,6.7,0.0,0.0,15.1
2023-06-19T12:00Z,6,83,0.6,0.0,20.8,0.3,1.0,16.4,0.0,0.0,61.0
2023-06-19T12:00Z,7,337,0.0,0.0,85.5,0.0,0.0,1.1,0.0,0.0,13.4
2023-06-19T12:00Z,8,141,1.8,0.9,32.7,0.2,5.0,25.6,0.0,0.0,33.8
2023-06-19T12:00Z,9,334,6.3,3.7,74.1,0.0,0.9,2.9,0.0,0.0,12.1
2023-06-19T12:00Z,10,170,0.1,0.1,25.4,0.0,15.6,33.5,0.0,0.0,25.4
2023-06-19T12:00Z,11,283,0.2,0.1,69.5,0.0,13.5,0.1,0.0,0.0,16.7
2023-06-19T12:00Z,12,230,0.5,0.3,51.0,0.0,45.3,0.3,0.0,0.0,2.5
2023-06-19T12:00Z,13,184,0.1,0.1,33.4,0.1,36.6,13.5,0.0,0.0,16.3
2023-06-19T12:00Z,14,183,0.0,0.0,35.4,0.2,52.0,0.2,0.0,0.0,12.2
2023-06-19T12:00Z,15,154,3.4,0.8,29.4,0.1,21.0,20.5,0.0,0.0,24.8
2023-06-19T12:00Z,16,8,1.1,0.0,1.7,1.0,0.0,2.5,0.0,0.0,93.6
2023-06-19T12:00Z,17,186,0.4,0.0,47.1,0.3,0.0,0.9,0.0,0.0,51.3
2023-06-19T12:00Z,18,148,2.9,0.7,27.0,0.3,17.0,16.9,0.0,0.0,35.2
2023-06-19T12:30Z,1,0,0.0,0.0,0.0,1.5,0.0,0.0,0.0,0.0,98.5
2023-06-19T12:30Z,2,9,1.3,0.0,2.0,0.6,0.0,2.1,0.0,0.0,94.1
2023-06-19T12:30Z,3,55,0.4,0.0,13.7,0.2,2.9,46.3,0.0,0.0,36.6
2023-06-19T12:30Z,4,3,0.3,0.0,0.5,0.1,19.9,48.4,0.0,0.0,30.7
2023-06-19T12:30Z,5,245,17.0,0.0,57.0,0.0,3.3,7.8,0.0,0.0,14.9
2023-06-19T12:30Z,6,83,0.6,0.0,20.8,0.3,1.1,17.8,0.0,0.0,59.5
2023-06-19T12:30Z,7,307,0.3,0.1,77.7,0.0,0.8,1.4,0.0,0.0,19.8
2023-06-19T12:30Z,8,133,1.7,0.9,30.5,0.1,5.0,28.3,0.0,0.0,33.5
2023-06-19T12:30Z,9,335,6.2,4.2,73.3,0.0,1.2,3.1,0.0,0.0,12.0
2023-06-19T12:30Z,10,161,0.1,0.2,24.7,0.0,13.6,34.0,0.0,0.0,27.4
2023-06-19T12:30Z,11,282,0.1,0.1,69.8,0.0,10.7,0.1,0.0,0.0,19.2
2023-06-19T12:30Z,12,221,0.6,0.5,47.9,0.0,48.0,0.6,0.0,0.0,2.4
2023-06-19T12:30Z,13,183,0.1,0.1,33.5,0.1,34.7,14.2,0.0,0.0,17.2
2023-06-19T12:30Z,14,190,0.0,0.0,37.2,0.2,50.1,0.7,0.0,0.0,11.8
2023-06-19T12:30Z,15,152,3.4,0.9,29.0,0.1,20.7,21.4,0.0,0.0,24.4
2023-06-19T12:30Z,16,8,1.1,0.0,1.7,1.0,0.0,3.1,0.0,0.0,93.2
2023-06-19T12:30Z,17,187,0.4,0.0,47.4,0.4,0.0,1.1,0.0,0.0,50.7
2023-06-19T12:30Z,18,144,2.9,0.7,26.7,0.3,16.6,17.7,0.0,0.0,35.0
2023-06-19T13:00Z,1,0,0.0,0.0,0.0,1.4,0.0,0.0,0.0,0.0,98.6
2023-06-19T13:00Z,2,9,1.2,0.0,2.0,0.5,0.0,2.6,0.0,0.0,93.7
2023-06-19T13:00Z,3,52,0.3,0.0,13.0,0.1,4.0,48.0,0.0,0.0,34.5
2023-06-19T13:00Z,4,3,0.3,0.0,0.4,0.1,24.9,48.0,0.0,0.0,26.3
2023-06-19T13:00Z,5,229,16.2,0.0,53.1,0.0,5.3,8.9,0.0,0.0,16.5
2023-06-19T13:00Z,6,78,0.6,0.0,19.6,0.2,1.6,19.2,0.0,0.0,58.9
2023-06-19T13:00Z,7,324,0.1,0.1,81.9,0.0,0.3,1.4,0.0,0.0,16.2
2023-06-19T13:00Z,8,118,1.6,0.9,27.1,0.1,3.6,30.2,0.0,0.0,36.5
2023-06-19T13:00Z,9,328,6.1,4.4,70.9,0.0,2.0,3.4,0.0,0.0,13.2
2023-06-19T13:00Z,10,150,0.5,0.3,27.1,0.0,8.5,34.9,0.0,0.0,28.6
2023-06-19T13:00Z,11,290,0.2,0.1,72.4,0.0,7.3,0.1,0.0,0.0,20.0
2023-06-19T13:00Z,12,227,1.1,0.7,49.5,0.0,45.3,0.7,0.0,0.0,2.7
2023-06-19T13:00Z,13,185,0.4,0.3,36.2,0.1,29.3,14.8,0.0,0.0,18.9
2023-06-19T13:00Z,14,200,0.0,0.0,40.0,0.3,44.9,1.2,0.0,0.0,13.6
2023-06-19T13:00Z,15,150,3.4,1.0,29.6,0.1,19.4,21.9,0.0,0.0,24.6
2023-06-19T13:00Z,16,8,1.0,0.0,1.6,1.0,0.0,3.5,0.0,0.0,92.8
2023-06-19T13:00Z,17,182,0.4,0.0,46.1,0.4,0.0,1.3,0.0,0.0,51.8
2023-06-19T13:00Z,18,141,2.9,0.8,27.1,0.3,15.6,18.2,0.0,0.0,35.1
2023-06-19T13:30Z,1,0,0.0,0.0,0.0,1.2,0.0,0.0,0.0,0.0,98.8
2023-06-19T13:30Z,2,9,1.2,0.0,2.0,0.5,0.0,3.2,0.0,0.0,93.2
2023-06-19T13:30Z,3,51,0.3,0.0,12.7,0.1,4.1,49.3,0.0,0.0,33.4
2023-06-19T13:30Z,4,3,0.3,0.0,0.4,0.1,25.6,47.1,0.0,0.0,26.6
2023-06-19T13:30Z,5,226,15.6,0.0,52.5,0.0,5.3,9.6,0.0,0.0,17.0
2023-06-19T13:30Z,6,71,0.6,0.0,17.9,0.2,1.6,20.3,0.0,0.0,59.4
2023-06-19T13:30Z,7,334,0.1,0.0,84.7,0.0,0.1,1.3,0.0,0.0,13.8
2023-06-19T13:30Z,8,113,1.5,0.9,25.9,0.1,3.1,31.3,0.0,0.0,37.1
2023-06-19T13:30Z,9,325,5.9,4.3,70.3,0.0,2.0,3.6,0.0,0.0,13.8
2023-06-19T13:30Z,10,130,0.8,0.5,27.1,0.0,4.0,36.1,0.0,0.0,31.4
2023-06-19T13:30Z,11,298,0.2,0.1,74.8,0.0,5.5,0.1,0.0,0.0,19.5
2023-06-19T13:30Z,12,237,1.3,0.8,52.3,0.0,40.7,1.0,0.0,0.0,3.9
2023-06-19T13:30Z,13,178,0.6,0.4,37.1,0.1,26.3,15.3,0.0,0.0,20.2
2023-06-19T13:30Z,14,198,0.1,0.1,40.2,0.3,43.1,1.9,0.0,0.0,14.4
2023-06-19T13:30Z,15,152,3.3,1.0,32.0,0.1,17.0,21.6,0.0,0.0,24.9
2023-06-19T13:30Z,16,8,1.0,0.0,1.6,1.1,0.0,4.0,0.0,0.0,92.2
2023-06-19T13:30Z,17,210,0.3,0.0,53.2,0.4,0.0,1.4,0.0,0.0,44.7
2023-06-19T13:30Z,18,142,2.8,0.8,29.6,0.3,13.8,18.1,0.0,0.0,34.6
2023-06-19T14:00Z,1,0,0.0,0.0,0.0,1.2,0.0,0.0,0.0,0.0,98.8
2023-06-19T14:00Z,2,9,1.2,0.0,2.0,0.4,0.0,4.3,0.0,0.0,92.1
2023-06-19T14:00Z,3,51,0.3,0.0,12.9,0.1,3.7,50.2,0.0,0.0,32.7
2023-06-19T14:00Z,4,3,0.3,0.0,0.5,0.1,24.5,46.1,0.0,0.0,28.5
2023-06-19T14:00Z,5,224,15.3,0.0,52.2,0.0,4.3,9.9,0.0,0.0,18.3
2023-06-19T14:00Z,6,70,0.6,0.0,17.6,0.2,1.5,21.8,0.0,0.0,58.4
2023-06-19T14:00Z,7,349,0.0,0.0,88.5,0.0,0.0,1.2,0.0,0.0,10.3
2023-06-19T14:00Z,8,117,1.6,0.8,27.3,0.1,2.7,31.9,0.0,0.0,35.7
2023-06-19T14:00Z,9,320,5.9,4.1,69.7,0.0,1.7,3.9,0.0,0.0,14.8
2023-06-19T14:00Z,10,134,0.9,0.6,28.5,0.0,3.3,35.7,0.0,0.0,31.0
2023-06-19T14:00Z,11,348,0.0,0.0,88.3,0.0,0.0,0.0,0.0,0.0,11.7
2023-06-19T14:00Z,12,250,1.2,0.9,56.2,0.0,36.5,1.5,0.0,0.0,3.7
2023-06-19T14:00Z,13,185,0.7,0.5,40.4,0.1,22.6,16.2,0.0,0.0,19.6
2023-06-19T14:00Z,14,209,0.1,0.1,45.4,0.3,36.6,2.9,0.0,0.0,14.6
2023-06-19T14:00Z,15,167,3.1,1.0,36.6,0.1,14.8,21.2,0.0,0.0,23.1
2023-06-19T14:00Z,16,8,1.0,0.0,1.6,1.0,0.0,4.7,0.0,0.0,91.6
2023-06-19T14:00Z,17,224,0.3,0.0,56.7,0.3,0.0,1.5,0.0,0.0,41.2
2023-06-19T14:00Z,18,151,2.7,0.8,33.6,0.3,12.1,17.9,0.0,0.0,32.6
2023-06-19T14:30Z,1,0,0.0,0.0,0.0,1.2,0.0,0.0,0.0,0.0,98.8
2023-06-19T14:30Z,2,9,1.2,0.0,2.0,0.4,0.0,5.6,0.0,0.0,90.8
2023-06-19T14:30Z,3,52,0.3,0.0,13.0,0.1,4.6,49.9,0.0,0.0,32.1
2023-06-19T14:30Z,4,3,0.3,0.0,0.4,0.1,27.7,45.8,0.0,0.0,25.8
2023-06-19T14:30Z,5,216,15.1,0.0,50.2,0.0,5.2,9.7,0.0,0.0,19.8
2023-06-19T14:30Z,6,59,0.6,0.0,14.9,0.2,1.9,23.2,0.0,0.0,59.1
2023-06-19T14:30Z,7,354,0.0,0.0,89.7,0.0,0.0,0.6,0.0,0.0,9.7
2023-06-19T14:30Z,8,112,1.6,0.8,26.0,0.1,3.4,32.9,0.0,0.0,35.2
2023-06-19T14:30Z,9,316,5.7,3.8,69.4,0.0,2.0,3.8,0.0,0.0,15.4
2023-06-19T14:30Z,10,139,1.1,0.7,30.4,0.0,2.7,35.1,0.0,0.0,30.0
2023-06-19T14:30Z,11,348,0.0,0.0,88.2,0.0,0.0,0.0,0.0,0.0,11.7
2023-06-19T14:30Z,12,262,1.2,0.8,59.8,0.0,31.9,1.9,0.0,0.0,4.4
2023-06-19T14:30Z,13,195,0.8,0.5,44.4,0.1,18.2,16.8,0.0,0.0,19.2
2023-06-19T14:30Z,14,223,0.3,0.2,51.7,0.3,28.6,3.8,0.0,0.0,15.1
2023-06-19T14:30Z,15,170,3.1,1.0,38.0,0.1,13.7,20.9,0.0,0.0,23.3
2023-06-19T14:30Z,16,8,1.0,0.0,1.6,1.0,0.0,5.7,0.0,0.0,90.6
2023-06-19T14:30Z,17,241,0.3,0.0,61.2,0.3,0.0,1.7,0.0,0.0,36.6
2023-06-19T14:30Z,18,154,2.7,0.8,35.0,0.2,11.2,17.9,0.0,0.0,32.2
2023-06-19T15:00Z,1,0,0.0,0.0,0.0,1.6,0.0,0.0,0.0,0.0,98.4
2023-06-19T15:00Z,2,9,1.2,0.0,2.0,0.5,0.0,6.9,0.0,0.0,89.4
2023-06-19T15:00Z,3,50,0.4,0.0,12.5,0.1,5.2,50.3,0.0,0.0,31.5
2023-06-19T15:00Z,4,3,0.3,0.0,0.4,0.1,29.1,46.1,0.0,0.0,24.0
2023-06-19T15:00Z,5,209,14.3,0.0,48.6,0.0,5.5,9.2,0.0,0.0,22.3
2023-06-19T15:00Z,6,40,0.6,0.0,10.0,0.3,2.4,25.0,0.0,0.0,61.6
2023-06-19T15:00Z,7,355,0.0,0.0,90.1,0.0,0.0,0.2,0.0,0.0,9.7
2023-06-19T15:00Z,8,102,1.6,0.8,23.5,0.1,4.0,33.7,0.0,0.0,36.3
2023-06-19T15:00Z,9,305,6.1,3.6,67.0,0.0,2.4,3.6,0.0,0.0,17.4
2023-06-19T15:00Z,10,141,1.3,0.8,32.1,0.0,1.7,35.2,0.0,0.0,28.9
2023-06-19T15:00Z,11,350,0.0,0.0,88.8,0.0,0.0,0.0,0.0,0.0,11.2
2023-06-19T15:00Z,12,247,1.6,0.9,55.8,0.0,32.1,2.5,0.0,0.0,7.1
2023-06-19T15:00Z,13,190,1.1,0.6,43.6,0.1,17.5,17.3,0.0,0.0,19.8
2023-06-19T15:00Z,14,217,0.4,0.2,50.2,0.3,28.7,4.6,0.0,0.0,15.6
2023-06-19T15:00Z,15,171,3.1,1.0,38.6,0.1,12.9,20.9,0.0,0.0,23.5
2023-06-19T15:00Z,16,8,1.0,0.0,1.7,1.0,0.0,6.8,0.0,0.0,89.6
2023-06-19T15:00Z,17,241,0.3,0.0,61.0,0.3,0.0,1.9,0.0,0.0,36.5
2023-06-19T15:00Z,18,152,2.7,0.8,35.6,0.2,10.6,18.0,0.0,0.0,32.1
2023-06-19T15:30Z,1,0,0.0,0.0,0.0,2.2,0.0,0.0,0.0,0.0,97.8
2023-06-19T15:30Z,2,9,1.2,0.0,2.0,0.7,0.0,8.1,0.0,0.0,87.9
2023-06-19T15:30Z,3,51,0.3,0.0,12.9,0.2,4.7,51.1,0.0,0.0,30.8
2023-06-19T15:30Z,4,3,0.3,0.0,0.4,0.2,27.8,46.4,0.0,0.0,24.9
2023-06-19T15:30Z,5,208,14.3,0.0,48.3,0.0,4.3,8.5,0.0,0.0,24.6
2023-06-19T15:30Z,6,42,0.6,0.0,10.3,0.4,2.2,26.2,0.0,0.0,60.2
2023-06-19T15:30Z,7,365,0.0,0.0,92.6,0.0,0.0,0.0,0.0,0.0,7.4
2023-06-19T15:30Z,8,128,1.5,0.7,30.3,0.2,3.1,32.0,0.0,0.0,32.1
2023-06-19T15:30Z,9,310,5.5,3.4,68.9,0.0,1.7,3.3,0.0,0.0,17.2
2023-06-19T15:30Z,10,151,1.3,0.8,36.1,0.0,0.4,34.8,0.0,0.0,26.6
2023-06-19T15:30Z,11,356,0.0,0.0,90.3,0.0,0.0,0.0,0.0,0.0,9.7
2023-06-19T15:30Z,12,262,1.4,0.9,60.2,0.0,28.8,2.5,0.0,0.0,6.2
2023-06-19T15:30Z,13,200,1.0,0.6,46.7,0.1,16.1,17.1,0.0,0.0,18.2
2023-06-19T15:30Z,14,217,0.4,0.2,50.7,0.2,28.2,4.8,0.0,0.0,15.5
2023-06-19T15:30Z,15,173,3.0,1.0,39.7,0.1,12.3,20.5,0.0,0.0,23.4
2023-06-19T15:30Z,16,8,1.0,0.0,1.7,1.1,0.0,7.9,0.0,0.0,88.3
2023-06-19T15:30Z,17,255,0.3,0.0,64.5,0.3,0.0,2.1,0.0,0.0,32.9
2023-06-19T15:30Z,18,158,2.6,0.8,36.8,0.3,10.1,17.9,0.0,0.0,31.5
2023-06-19T16:00Z,1,0,0.0,0.0,0.0,3.5,0.0,0.0,0.0,0.0,96.5
2023-06-19T16:00Z,2,9,1.2,0.0,2.0,1.1,0.0,9.5,0.0,0.0,86.1
2023-06-19T16:00Z,3,55,0.3,0.0,13.9,0.3,4.6,51.4,0.0,0.0,29.6
2023-06-19T16:00Z,4,3,0.3,0.0,0.5,0.2,28.0,46.2,0.0,0.0,24.8
2023-06-19T16:00Z,5,207,14.2,0.0,48.3,0.0,4.1,8.0,0.0,0.0,25.3
2023-06-19T16:00Z,6,42,0.6,0.0,10.5,0.6,2.2,27.5,0.0,0.0,58.6
2023-06-19T16:00Z,7,368,0.0,0.0,93.4,0.0,0.0,0.0,0.0,0.0,6.6
2023-06-19T16:00Z,8,133,1.5,0.7,31.5,0.3,3.1,31.7,0.0,0.0,31.2
2023-06-19T16:00Z,9,314,5.4,3.3,70.4,0.0,1.6,3.0,0.0,0.0,16.3
2023-06-19T16:00Z,10,160,1.4,0.8,38.2,0.0,0.4,34.1,0.0,0.0,25.0
2023-06-19T16:00Z,11,364,0.0,0.0,92.5,0.0,0.0,0.0,0.0,0.0,7.5
2023-06-19T16:00Z,12,258,1.7,0.9,59.0,0.0,27.5,2.8,0.0,0.0,8.0
2023-06-19T16:00Z,13,200,1.2,0.6,46.7,0.1,16.1,17.2,0.0,0.0,18.1
2023-06-19T16:00Z,14,213,0.4,0.2,49.3,0.2,30.0,5.0,0.0,0.0,14.8
2023-06-19T16:00Z,15,178,3.0,0.9,40.9,0.2,12.4,20.2,0.0,0.0,22.4
2023-06-19T16:00Z,16,8,1.0,0.0,1.7,1.4,0.0,9.0,0.0,0.0,86.8
2023-06-19T16:00Z,17,254,0.3,0.0,64.4,0.4,0.0,2.2,0.0,0.0,32.8
2023-06-19T16:00Z,18,162,2.6,0.8,37.9,0.3,10.2,17.9,0.0,0.0,30.4
2023-06-19T16:30Z,1,0,0.0,0.0,0.0,5.0,0.0,0.0,0.0,0.0,95.0
2023-06-19T16:30Z,2,9,1.2,0.0,2.0,1.5,0.0,10.9,0.0,0.0,84.3
2023-06-19T16:30Z,3,57,0.3,0.0,14.3,0.4,5.7,51.0,0.0,0.0,28.2
2023-06-19T16:30Z,4,3,0.2,0.0,0.4,0.3,32.2,46.3,0.0,0.0,20.7
2023-06-19T16:30Z,5,207,13.7,0.0,48.3,0.0,4.8,7.6,0.0,0.0,25.6
2023-06-19T16:30Z,6,43,0.6,0.0,10.8,0.8,2.7,28.5,0.0,0.0,56.5
2023-06-19T16:30Z,7,373,0.0,0.0,94.7,0.0,0.0,0.0,0.0,0.0,5.3
2023-06-19T16:30Z,8,146,1.5,0.7,34.9,0.4,3.6,31.0,0.0,0.0,28.0
2023-06-19T16:30Z,9,313,5.3,3.3,70.1,0.0,1.9,3.0,0.0,0.0,16.4
2023-06-19T16:30Z,10,172,1.2,0.8,41.6,0.0,0.4,33.4,0.0,0.0,22.7
2023-06-19T16:30Z,11,365,0.0,0.0,92.6,0.0,0.0,0.0,0.0,0.0,7.4
2023-06-19T16:30Z,12,266,1.4,0.9,61.4,0.0,27.5,2.8,0.0,0.0,6.0
2023-06-19T16:30Z,13,207,0.9,0.6,48.4,0.1,18.2,16.4,0.0,0.0,15.4
2023-06-19T16:30Z,14,210,0.3,0.2,48.2,0.3,34.3,4.7,0.0,0.0,12.0
2023-06-19T16:30Z,15,187,2.6,0.9,43.1,0.2,13.9,19.6,0.0,0.0,19.6
2023-06-19T16:30Z,16,8,1.0,0.0,1.7,1.8,0.0,10.2,0.0,0.0,85.2
2023-06-19T16:30Z,17,265,0.2,0.0,67.1,0.4,0.0,2.4,0.0,0.0,29.8
2023-06-19T16:30Z,18,169,2.3,0.7,39.9,0.4,11.6,17.6,0.0,0.0,27.6
2023-06-19T17:00Z,1,0,0.0,0.0,0.0,6.5,0.0,0.0,0.0,0.0,93.5
2023-06-19T17:00Z,2,10,1.3,0.0,2.1,2.0,0.0,11.9,0.0,0.0,82.9
2023-06-19T17:00Z,3,58,0.3,0.0,14.5,0.5,6.4,51.3,0.0,0.0,26.9
2023-06-19T17:00Z,4,3,0.2,0.0,0.3,0.3,35.2,45.8,0.0,0.0,18.1
2023-06-19T17:00Z,5,210,13.6,0.0,49.2,0.0,5.1,7.3,0.0,0.0,24.7
2023-06-19T17:00Z,6,51,0.6,0.0,12.7,1.0,3.0,28.8,0.0,0.0,53.9
2023-06-19T17:00Z,7,375,0.0,0.0,95.3,0.0,0.0,0.0,0.0,0.0,4.7
2023-06-19T17:00Z,8,146,1.6,0.7,34.8,0.4,4.0,31.1,0.0,0.0,27.3
2023-06-19T17:00Z,9,314,5.6,3.2,70.4,0.0,2.1,2.9,0.0,0.0,15.8
2023-06-19T17:00Z,10,181,1.3,0.8,43.8,0.0,0.5,32.7,0.0,0.0,20.9
2023-06-19T17:00Z,11,372,0.0,0.0,94.5,0.0,0.0,0.0,0.0,0.0,5.5
2023-06-19T17:00Z,12,273,1.5,0.8,63.5,0.0,25.7,2.7,0.0,0.0,5.8
2023-06-19T17:00Z,13,213,1.0,0.5,49.9,0.1,18.8,15.9,0.0,0.0,13.8
2023-06-19T17:00Z,14,213,0.3,0.2,48.9,0.3,36.0,4.2,0.0,0.0,10.2
2023-06-19T17:00Z,15,194,2.7,0.8,45.3,0.2,13.7,19.1,0.0,0.0,18.3
2023-06-19T17:00Z,16,8,1.1,0.0,1.7,2.2,0.0,11.2,0.0,0.0,83.9
2023-06-19T17:00Z,17,277,0.2,0.0,70.3,0.5,0.0,2.5,0.0,0.0,26.6
2023-06-19T17:00Z,18,175,2.3,0.7,41.9,0.4,11.3,17.3,0.0,0.0,26.0
2023-06-19T17:30Z,1,0,0.0,0.0,0.0,7.4,0.0,0.0,0.0,0.0,92.6
2023-06-19T17:30Z,2,10,1.3,0.0,2.1,2.3,0.0,13.0,0.0,0.0,81.3
2023-06-19T17:30Z,3,57,0.3,0.0,14.2,0.5,8.1,51.5,0.0,0.0,25.3
2023-06-19T17:30Z,4,2,0.2,0.0,0.3,0.2,40.6,45.2,0.0,0.0,13.5
2023-06-19T17:30Z,5,209,13.2,0.0,48.9,0.0,6.6,7.2,0.0,0.0,24.0
2023-06-19T17:30Z,6,53,0.6,0.0,13.2,1.1,3.8,30.0,0.0,0.0,51.3
2023-06-19T17:30Z,7,378,0.0,0.0,95.8,0.0,0.0,0.0,0.0,0.0,4.2
2023-06-19T17:30Z,8,140,1.5,0.7,33.2,0.5,5.3,31.5,0.0,0.0,27.3
2023-06-19T17:30Z,9,314,5.6,3.3,70.0,0.0,2.8,3.0,0.0,0.0,15.2
2023-06-19T17:30Z,10,185,1.5,0.8,44.6,0.0,0.7,32.5,0.0,0.0,19.9
2023-06-19T17:30Z,11,374,0.0,0.0,94.9,0.0,0.0,0.0,0.0,0.0,5.1
2023-06-19T17:30Z,12,259,1.3,0.8,59.5,0.0,30.4,2.9,0.0,0.0,5.0
2023-06-19T17:30Z,13,213,1.0,0.6,49.8,0.1,21.0,15.6,0.0,0.0,12.0
2023-06-19T17:30Z,14,219,0.3,0.1,50.3,0.3,36.9,3.7,0.0,0.0,8.4
2023-06-19T17:30Z,15,197,2.6,0.8,45.9,0.2,14.7,18.9,0.0,0.0,16.9
2023-06-19T17:30Z,16,8,1.1,0.0,1.8,2.4,0.0,12.1,0.0,0.0,82.7
2023-06-19T17:30Z,17,285,0.2,0.0,72.2,0.5,0.0,2.5,0.0,0.0,24.7
2023-06-19T17:30Z,18,177,2.3,0.7,42.6,0.5,12.2,17.2,0.0,0.0,24.6
2023-06-19T18:00Z,1,0,0.0,0.0,0.0,7.9,0.0,0.0,0.0,0.0,92.1
2023-06-19T18:00Z,2,11,1.5,0.0,2.3,2.4,0.0,14.0,0.0,0.0,79.9
2023-06-19T18:00Z,3,54,0.3,0.0,13.5,0.5,11.3,52.9,0.0,0.0,21.5
2023-06-19T18:00Z,4,2,0.1,0.0,0.1,0.1,49.8,44.7,0.0,0.0,5.2
2023-06-19T18:00Z,5,207,13.0,0.0,48.5,0.0,9.0,7.2,0.0,0.0,22.3
2023-06-19T18:00Z,6,58,0.7,0.0,14.4,1.1,5.6,30.5,0.0,0.0,47.7
2023-06-19T18:00Z,7,379,0.0,0.0,96.3,0.0,0.0,0.0,0.0,0.0,3.7
2023-06-19T18:00Z,8,140,1.6,0.7,33.2,0.5,7.6,32.0,0.0,0.0,24.4
2023-06-19T18:00Z,9,313,5.7,3.1,70.2,0.0,3.9,3.0,0.0,0.0,14.1
2023-06-19T18:00Z,10,185,1.4,0.8,44.7,0.0,1.0,32.9,0.0,0.0,19.2
2023-06-19T18:00Z,11,375,0.0,0.0,95.2,0.0,0.3,0.0,0.0,0.0,4.4
2023-06-19T18:00Z,12,261,1.5,0.8,60.1,0.0,29.8,2.8,0.0,0.0,5.0
2023-06-19T18:00Z,13,214,0.9,0.5,49.9,0.1,22.1,15.0,0.0,0.0,11.5
2023-06-19T18:00Z,14,219,0.2,0.1,50.1,0.2,39.0,3.1,0.0,0.0,7.3
2023-06-19T18:00Z,15,196,2.6,0.8,45.7,0.2,16.1,18.9,0.0,0.0,15.7
2023-06-19T18:00Z,16,9,1.2,0.0,1.9,2.6,0.0,12.9,0.0,0.0,81.4
2023-06-19T18:00Z,17,299,0.2,0.0,75.9,0.5,0.0,2.3,0.0,0.0,21.2
2023-06-19T18:00Z,18,178,2.3,0.7,42.7,0.5,13.3,17.2,0.0,0.0,23.3
2023-06-19T18:30Z,1,0,0.0,0.0,0.0,8.0,0.0,0.0,0.0,0.0,92.0
2023-06-19T18:30Z,2,12,1.7,0.0,2.5,2.6,0.0,15.3,0.0,0.0,77.9
2023-06-19T18:30Z,3,57,0.4,0.0,14.3,0.5,12.0,53.4,0.0,0.0,19.4
2023-06-19T18:30Z,4,2,0.0,0.0,0.0,0.0,52.9,45.0,0.0,0.0,2.1
2023-06-19T18:30Z,5,209,13.0,0.0,49.0,0.0,9.0,7.2,0.0,0.0,21.8
2023-06-19T18:30Z,6,72,0.8,0.0,18.0,1.1,5.7,31.3,0.0,0.0,43.1
2023-06-19T18:30Z,7,381,0.0,0.0,96.8,0.0,0.0,0.0,0.0,0.0,3.2
2023-06-19T18:30Z,8,145,1.7,0.8,34.4,0.5,8.0,31.9,0.0,0.0,22.8
2023-06-19T18:30Z,9,317,5.6,3.2,71.1,0.0,3.9,2.9,0.0,0.0,13.3
2023-06-19T18:30Z,10,188,1.4,0.8,45.4,0.0,1.0,32.6,0.0,0.0,18.8
2023-06-19T18:30Z,11,376,0.0,0.0,95.3,0.0,0.6,0.0,0.0,0.0,4.0
2023-06-19T18:30Z,12,271,1.6,0.9,62.8,0.0,26.8,2.5,0.0,0.0,5.3
2023-06-19T18:30Z,13,216,1.0,0.5,50.4,0.1,22.0,14.5,0.0,0.0,11.5
2023-06-19T18:30Z,14,216,0.1,0.1,49.1,0.2,40.5,2.9,0.0,0.0,7.1
2023-06-19T18:30Z,15,204,2.6,0.9,47.7,0.2,15.6,18.7,0.0,0.0,14.3
2023-06-19T18:30Z,16,10,1.4,0.0,2.1,2.9,0.0,13.9,0.0,0.0,79.8
2023-06-19T18:30Z,17,304,0.2,0.0,77.1,0.4,0.0,2.2,0.0,0.0,20.0
2023-06-19T18:30Z,18,184,2.4,0.8,44.4,0.5,12.9,17.2,0.0,0.0,21.9
2023-06-19T19:00Z,1,0,0.0,0.0,0.0,8.2,0.0,0.0,0.0,0.0,91.8
2023-06-19T19:00Z,2,12,1.8,0.0,2.6,2.7,0.7,16.4,0.0,0.0,75.9
2023-06-19T19:00Z,3,59,0.5,0.0,14.7,0.5,12.6,53.5,0.0,0.0,18.2
2023-06-19T19:00Z,4,2,0.0,0.0,0.0,0.0,53.5,45.0,0.0,0.0,1.5
2023-06-19T19:00Z,5,210,13.0,0.0,49.3,0.0,8.6,7.2,0.0,0.0,21.9
2023-06-19T19:00Z,6,69,0.9,0.0,17.1,1.1,6.7,32.0,0.0,0.0,42.2
2023-06-19T19:00Z,7,384,0.0,0.0,97.3,0.0,0.0,0.0,0.0,0.0,2.7
2023-06-19T19:00Z,8,148,1.9,0.8,35.1,0.5,8.3,32.2,0.0,0.0,21.4
2023-06-19T19:00Z,9,315,5.5,2.8,71.5,0.0,3.6,2.9,0.0,0.0,13.7
2023-06-19T19:00Z,10,186,1.5,0.7,45.1,0.0,1.0,31.5,0.0,0.0,20.3
2023-06-19T19:00Z,11,379,0.0,0.0,96.0,0.0,0.6,0.1,0.0,0.0,3.3
2023-06-19T19:00Z,12,265,1.6,0.8,61.3,0.0,28.7,2.3,0.0,0.0,5.2
2023-06-19T19:00Z,13,210,1.0,0.5,48.9,0.1,22.6,14.9,0.0,0.0,12.1
2023-06-19T19:00Z,14,209,0.2,0.1,47.1,0.3,42.3,2.9,0.0,0.0,7.3
2023-06-19T19:00Z,15,209,2.6,0.8,49.1,0.2,15.1,18.7,0.0,0.0,13.5
2023-06-19T19:00Z,16,10,1.5,0.0,2.1,3.2,0.0,14.4,0.0,0.0,78.8
2023-06-19T19:00Z,17,316,0.2,0.0,80.2,0.4,0.0,2.1,0.0,0.0,17.1
2023-06-19T19:00Z,18,186,2.3,0.7,45.6,0.5,12.5,17.2,0.0,0.0,21.1
2023-06-19T19:30Z,1,0,0.0,0.0,0.0,7.8,0.0,0.0,0.0,0.0,92.2
2023-06-19T19:30Z,2,13,1.9,0.0,2.7,2.7,1.7,17.5,0.0,0.0,73.5
2023-06-19T19:30Z,3,60,0.7,0.0,14.9,0.4,13.2,54.2,0.0,0.0,16.6
2023-06-19T19:30Z,4,2,0.0,0.0,0.0,0.0,54.0,44.9,0.0,0.0,1.1
2023-06-19T19:30Z,5,209,13.3,0.0,48.9,0.0,8.1,7.2,0.0,0.0,22.5
2023-06-19T19:30Z,6,70,1.0,0.0,17.5,1.1,7.4,34.3,0.0,0.0,38.7
2023-06-19T19:30Z,7,386,0.0,0.0,97.9,0.0,0.0,0.0,0.0,0.0,2.1
2023-06-19T19:30Z,8,154,2.2,0.9,36.3,0.4,8.5,31.6,0.0,0.0,20.1
2023-06-19T19:30Z,9,315,5.3,2.9,71.3,0.0,3.2,2.9,0.0,0.0,14.4
2023-06-19T19:30Z,10,180,1.1,0.7,43.5,0.0,0.7,32.7,0.0,0.0,21.2
2023-06-19T19:30Z,11,385,0.0,0.0,97.6,0.0,0.0,0.1,0.0,0.0,2.2
2023-06-19T19:30Z,12,259,1.4,0.8,59.0,0.0,32.4,2.4,0.0,0.0,4.0
2023-06-19T19:30Z,13,210,0.8,0.5,49.2,0.1,21.5,15.3,0.0,0.0,12.7
2023-06-19T19:30Z,14,219,0.1,0.1,50.2,0.3,38.8,3.1,0.0,0.0,7.4
2023-06-19T19:30Z,15,212,2.6,0.9,49.7,0.1,15.1,18.6,0.0,0.0,13.1
2023-06-19T19:30Z,16,11,1.5,0.0,2.2,3.1,0.0,15.0,0.0,0.0,78.1
2023-06-19T19:30Z,17,325,0.2,0.0,82.6,0.4,0.0,2.1,0.0,0.0,14.8
2023-06-19T19:30Z,18,188,2.3,0.7,46.2,0.5,12.4,17.2,0.0,0.0,20.6
2023-06-19T20:00Z,1,0,0.0,0.0,0.0,7.5,0.0,0.0,0.0,0.0,92.5
2023-06-19T20:00Z,2,13,1.9,0.0,2.7,2.6,1.3,18.1,0.0,0.0,73.4
2023-06-19T20:00Z,3,61,0.7,0.0,15.3,0.4,12.8,53.6,0.0,0.0,17.2
2023-06-19T20:00Z,4,2,0.0,0.0,0.0,0.0,54.0,45.0,0.0,0.0,1.0
2023-06-19T20:00Z,5,206,13.4,0.0,48.2,0.0,8.4,7.0,0.0,0.0,23.0
2023-06-19T20:00Z,6,71,1.0,0.0,17.6,1.1,7.2,33.8,0.0,0.0,39.4
2023-06-19T20:00Z,7,382,0.0,0.0,97.0,0.0,0.0,0.9,0.0,0.0,2.1
2023-06-19T20:00Z,8,153,2.1,0.8,36.3,0.4,8.3,30.8,0.0,0.0,21.3
2023-06-19T20:00Z,9,306,5.1,2.7,69.6,0.0,3.2,2.9,0.0,0.0,16.4
2023-06-19T20:00Z,10,175,1.1,0.6,42.6,0.0,0.7,32.8,0.0,0.0,22.1
2023-06-19T20:00Z,11,371,0.1,0.1,93.5,0.0,3.2,0.3,0.0,0.0,2.9
2023-06-19T20:00Z,12,254,1.5,0.8,58.2,0.0,32.1,2.4,0.0,0.0,5.2
2023-06-19T20:00Z,13,208,0.8,0.4,48.9,0.1,20.3,15.8,0.0,0.0,13.7
2023-06-19T20:00Z,14,222,0.1,0.1,51.2,0.2,37.0,3.7,0.0,0.0,7.7
2023-06-19T20:00Z,15,211,2.6,0.8,49.7,0.1,14.7,18.6,0.0,0.0,13.5
2023-06-19T20:00Z,16,10,1.6,0.0,2.2,2.9,0.0,15.2,0.0,0.0,78.1
2023-06-19T20:00Z,17,329,0.2,0.0,83.5,0.4,0.0,2.2,0.0,0.0,13.7
2023-06-19T20:00Z,18,186,2.3,0.6,46.2,0.5,12.1,17.2,0.0,0.0,21.1
2023-06-19T20:30Z,1,0,0.0,0.0,0.0,6.4,0.0,0.0,0.0,0.0,93.6
2023-06-19T20:30Z,2,13,1.9,0.0,2.6,2.3,1.1,18.4,0.0,0.0,73.7
2023-06-19T20:30Z,3,60,0.7,0.0,14.9,0.4,13.1,52.8,0.0,0.0,18.2
2023-06-19T20:30Z,4,2,0.0,0.0,0.0,0.0,52.7,46.5,0.0,0.0,0.8
2023-06-19T20:30Z,5,202,13.8,0.0,46.9,0.0,8.9,7.0,0.0,0.0,23.4
2023-06-19T20:30Z,6,66,1.0,0.0,16.5,1.0,7.3,33.9,0.0,0.0,40.4
2023-06-19T20:30Z,7,380,0.0,0.0,96.2,0.0,0.0,2.0,0.0,0.0,1.7
2023-06-19T20:30Z,8,154,2.0,0.8,36.4,0.4,8.2,30.4,0.0,0.0,21.7
2023-06-19T20:30Z,9,301,5.0,2.6,68.6,0.0,3.2,2.6,0.0,0.0,18.0
2023-06-19T20:30Z,10,178,1.1,0.6,43.4,0.0,0.7,31.7,0.0,0.0,22.5
2023-06-19T20:30Z,11,358,0.3,0.2,89.4,0.0,6.3,0.5,0.0,0.0,3.2
2023-06-19T20:30Z,12,254,1.6,0.8,58.0,0.0,30.6,2.3,0.0,0.0,6.6
2023-06-19T20:30Z,13,206,0.9,0.4,48.5,0.1,19.0,16.3,0.0,0.0,14.8
2023-06-19T20:30Z,14,218,0.2,0.1,50.1,0.2,36.8,4.2,0.0,0.0,8.4
2023-06-19T20:30Z,15,209,2.6,0.7,49.5,0.1,14.1,18.5,0.0,0.0,14.5
2023-06-19T20:30Z,16,10,1.5,0.0,2.1,2.6,0.0,15.6,0.0,0.0,78.1
2023-06-19T20:30Z,17,317,0.2,0.0,80.3,0.4,0.0,2.5,0.0,0.0,16.6
2023-06-19T20:30Z,18,184,2.3,0.6,46.0,0.4,11.6,17.2,0.0,0.0,22.0
2023-06-19T21:00Z,1,0,0.0,0.0,0.0,5.3,0.0,0.0,0.0,0.0,94.7
2023-06-19T21:00Z,2,13,2.0,0.0,2.6,1.9,0.2,18.2,0.0,0.0,75.1
2023-06-19T21:00Z,3,65,0.9,0.0,16.3,0.3,11.1,51.8,0.0,0.0,19.6
2023-06-19T21:00Z,4,2,0.0,0.0,0.0,0.0,50.0,49.1,0.0,0.0,0.9
2023-06-19T21:00Z,5,206,14.4,0.0,47.8,0.0,6.9,7.0,0.0,0.0,24.0
2023-06-19T21:00Z,6,63,1.2,0.0,15.7,0.8,5.9,33.7,0.0,0.0,42.6
2023-06-19T21:00Z,7,343,0.5,0.1,86.6,0.0,1.4,3.8,0.0,0.0,7.5
2023-06-19T21:00Z,8,146,2.4,0.8,34.3,0.3,6.9,31.2,0.0,0.0,24.0
2023-06-19T21:00Z,9,298,5.1,2.4,68.4,0.0,2.4,2.7,0.0,0.0,19.0
2023-06-19T21:00Z,10,179,1.1,0.5,43.7,0.0,0.7,32.0,0.0,0.0,21.9
2023-06-19T21:00Z,11,337,0.7,0.3,83.3,0.0,9.7,0.7,0.0,0.0,5.3
2023-06-19T21:00Z,12,267,1.8,0.8,62.1,0.0,24.9,2.3,0.0,0.0,8.0
2023-06-19T21:00Z,13,212,0.9,0.4,50.4,0.1,15.2,17.2,0.0,0.0,15.8
2023-06-19T21:00Z,14,229,0.2,0.1,53.4,0.2,31.9,5.0,0.0,0.0,9.2
2023-06-19T21:00Z,15,200,2.7,0.6,47.1,0.1,14.4,19.3,0.0,0.0,15.7
2023-06-19T21:00Z,16,10,1.6,0.0,2.1,2.1,0.0,15.7,0.0,0.0,78.5
2023-06-19T21:00Z,17,291,0.3,0.0,73.7,0.4,0.0,3.2,0.0,0.0,22.3
2023-06-19T21:00Z,18,178,2.4,0.5,43.4,0.4,11.9,17.9,0.0,0.0,23.5
2023-06-19T21:30Z,1,0,0.0,0.0,0.0,3.8,0.0,0.0,0.0,0.0,96.2
2023-06-19T21:30Z,2,13,2.0,0.0,2.7,1.4,0.0,18.2,0.0,0.0,75.8
2023-06-19T21:30Z,3,66,1.0,0.0,16.3,0.3,9.1,52.4,0.0,0.0,20.9
2023-06-19T21:30Z,4,2,0.1,0.0,0.1,0.0,44.7,52.2,0.0,0.0,2.9
2023-06-19T21:30Z,5,208,14.8,0.0,48.3,0.0,5.5,7.0,0.0,0.0,24.3
2023-06-19T21:30Z,6,59,1.2,0.0,14.7,0.6,5.1,33.5,0.0,0.0,44.9
2023-06-19T21:30Z,7,330,0.6,0.2,83.2,0.1,1.4,6.2,0.0,0.0,8.4
2023-06-19T21:30Z,8,139,2.6,0.8,32.5,0.2,5.8,32.4,0.0,0.0,25.6
2023-06-19T21:30Z,9,287,5.6,2.4,65.5,0.0,2.1,2.8,0.0,0.0,21.6
2023-06-19T21:30Z,10,179,1.1,0.5,43.6,0.0,0.8,32.3,0.0,0.0,21.8
2023-06-19T21:30Z,11,333,0.9,0.4,82.3,0.0,9.3,0.9,0.0,0.0,6.2
2023-06-19T21:30Z,12,274,2.1,0.9,64.2,0.0,20.6,2.9,0.0,0.0,9.3
2023-06-19T21:30Z,13,208,0.9,0.4,49.6,0.1,13.7,19.1,0.0,0.0,16.2
2023-06-19T21:30Z,14,227,0.2,0.1,52.7,0.3,31.0,5.9,0.0,0.0,9.8
2023-06-19T21:30Z,15,198,2.9,0.6,46.9,0.1,11.7,20.3,0.0,0.0,17.5
2023-06-19T21:30Z,16,10,1.6,0.0,2.1,1.8,0.0,16.0,0.0,0.0,78.5
2023-06-19T21:30Z,17,267,0.4,0.0,67.7,0.5,0.0,4.2,0.0,0.0,27.2
2023-06-19T21:30Z,18,176,2.6,0.5,43.0,0.3,9.6,18.8,0.0,0.0,25.2
2023-06-19T22:00Z,1,0,0.0,0.0,0.0,3.0,0.0,0.0,0.0,0.0,97.0
2023-06-19T22:00Z,2,13,2.0,0.0,2.7,1.1,0.0,17.0,0.0,0.0,77.2
2023-06-19T22:00Z,3,68,1.0,0.0,16.9,0.2,9.0,50.7,0.0,0.0,22.1
2023-06-19T22:00Z,4,2,0.1,0.0,0.1,0.0,42.7,53.9,0.0,0.0,3.2
2023-06-19T22:00Z,5,212,14.7,0.0,49.2,0.0,5.1,6.8,0.0,0.0,24.1
2023-06-19T22:00Z,6,60,1.3,0.0,14.9,0.5,4.8,33.5,0.0,0.0,45.0
2023-06-19T22:00Z,7,306,0.9,0.3,76.8,0.1,1.9,8.4,0.0,0.0,11.7
2023-06-19T22:00Z,8,136,2.8,0.7,31.9,0.2,5.7,31.7,0.0,0.0,27.0
2023-06-19T22:00Z,9,280,6.2,2.3,63.8,0.0,2.2,2.8,0.0,0.0,22.8
2023-06-19T22:00Z,10,180,1.1,0.4,43.7,0.0,0.9,33.2,0.0,0.0,20.6
2023-06-19T22:00Z,11,336,0.9,0.3,83.3,0.0,8.4,1.0,0.0,0.0,6.1
2023-06-19T22:00Z,12,261,2.5,0.9,60.6,0.0,22.1,3.3,0.0,0.0,10.6
2023-06-19T22:00Z,13,204,1.0,0.4,48.5,0.1,12.8,20.9,0.0,0.0,16.3
2023-06-19T22:00Z,14,223,0.3,0.1,51.9,0.3,30.1,6.9,0.0,0.0,10.4
2023-06-19T22:00Z,15,190,3.2,0.5,44.7,0.1,11.3,21.4,0.0,0.0,18.6
2023-06-19T22:00Z,16,10,1.6,0.0,2.2,1.5,0.0,15.0,0.0,0.0,79.7
2023-06-19T22:00Z,17,223,0.6,0.0,56.4,0.6,0.0,4.9,0.0,0.0,37.5
2023-06-19T22:00Z,18,168,2.9,0.4,40.3,0.3,9.2,19.6,0.0,0.0,27.2
2023-06-19T22:30Z,1,0,0.0,0.0,0.0,2.3,0.0,0.0,0.0,0.0,97.7
2023-06-19T22:30Z,2,13,2.1,0.0,2.8,0.9,0.0,15.9,0.0,0.0,78.4
2023-06-19T22:30Z,3,66,1.1,0.0,16.3,0.2,8.9,49.5,0.0,0.0,24.0
2023-06-19T22:30Z,4,2,0.1,0.0,0.1,0.0,39.9,55.4,0.0,0.0,4.5
2023-06-19T22:30Z,5,213,14.5,0.0,49.6,0.0,4.9,6.7,0.0,0.0,24.3
2023-06-19T22:30Z,6,59,1.3,0.0,14.6,0.4,4.6,33.1,0.0,0.0,46.0
2023-06-19T22:30Z,7,262,1.5,0.3,65.4,0.1,3.1,11.4,0.0,0.0,18.3
2023-06-19T22:30Z,8,134,2.9,0.6,31.6,0.2,5.7,30.1,0.0,0.0,28.9
2023-06-19T22:30Z,9,278,6.3,1.7,64.6,0.0,2.2,2.7,0.0,0.0,22.6
2023-06-19T22:30Z,10,180,1.2,0.3,43.5,0.0,1.3,33.8,0.0,0.0,19.8
2023-06-19T22:30Z,11,359,0.6,0.2,89.9,0.0,3.5,1.2,0.0,0.0,4.6
2023-06-19T22:30Z,12,277,2.7,0.7,65.8,0.0,15.7,3.3,0.0,0.0,11.8
2023-06-19T22:30Z,13,209,1.1,0.3,49.6,0.1,12.1,21.4,0.0,0.0,15.4
2023-06-19T22:30Z,14,232,0.3,0.1,54.1,0.4,28.5,7.6,0.0,0.0,9.1
2023-06-19T22:30Z,15,190,3.4,0.5,44.5,0.1,11.8,22.1,0.0,0.0,17.6
2023-06-19T22:30Z,16,11,1.6,0.0,2.2,1.5,0.0,14.3,0.0,0.0,80.4
2023-06-19T22:30Z,17,163,0.9,0.0,41.2,0.7,0.0,5.4,0.0,0.0,51.8
2023-06-19T22:30Z,18,168,3.0,0.4,39.3,0.3,9.7,20.1,0.0,0.0,27.3
2023-06-19T23:00Z,1,0,0.0,0.0,0.0,2.1,0.0,0.0,0.0,0.0,97.9
2023-06-19T23:00Z,2,14,2.1,0.0,2.8,0.8,0.0,13.9,0.0,0.0,80.4
2023-06-19T23:00Z,3,79,1.4,0.0,19.7,0.2,6.7,47.6,0.0,0.0,24.5
2023-06-19T23:00Z,4,2,0.1,0.0,0.2,0.1,34.1,58.9,0.0,0.0,6.6
2023-06-19T23:00Z,5,224,15.3,0.0,52.1,0.0,3.0,6.2,0.0,0.0,23.4
2023-06-19T23:00Z,6,65,1.5,0.0,16.1,0.4,3.5,31.2,0.0,0.0,47.4
2023-06-19T23:00Z,7,273,1.4,0.2,68.4,0.1,1.9,12.5,0.0,0.0,15.6
2023-06-19T23:00Z,8,149,3.1,0.4,35.8,0.2,4.0,28.2,0.0,0.0,28.3
2023-06-19T23:00Z,9,285,6.2,1.3,67.4,0.0,1.2,2.7,0.0,0.0,21.2
2023-06-19T23:00Z,10,180,1.0,0.2,43.6,0.0,1.2,35.9,0.0,0.0,18.0
2023-06-19T23:00Z,11,361,0.5,0.1,90.9,0.0,2.9,1.2,0.0,0.0,4.3
2023-06-19T23:00Z,12,296,2.4,0.5,71.4,0.0,13.1,3.1,0.0,0.0,9.5
2023-06-19T23:00Z,13,212,0.9,0.2,50.6,0.2,11.7,22.6,0.0,0.0,13.9
2023-06-19T23:00Z,14,237,0.2,0.1,55.2,0.4,28.1,7.8,0.0,0.0,8.1
2023-06-19T23:00Z,15,198,3.3,0.4,46.7,0.1,10.2,22.4,0.0,0.0,16.8
2023-06-19T23:00Z,16,11,1.7,0.0,2.2,1.4,0.0,12.5,0.0,0.0,82.2
2023-06-19T23:00Z,17,171,0.9,0.0,43.0,0.8,0.0,5.6,0.0,0.0,49.7
2023-06-19T23:00Z,18,174,3.0,0.3,41.0,0.3,8.3,20.1,0.0,0.0,26.9
2023-06-19T23:30Z,1,0,0.0,0.0,0.0,2.1,0.0,0.0,0.0,0.0,97.9
2023-06-19T23:30Z,2,14,2.1,0.0,2.8,0.8,0.0,12.6,0.0,0.0,81.7
2023-06-19T23:30Z,3,76,1.2,0.0,18.9,0.2,5.6,47.7,0.0,0.0,26.4
2023-06-19T23:30Z,4,2,0.2,0.0,0.3,0.1,27.8,60.9,0.0,0.0,10.6
2023-06-19T23:30Z,5,231,15.7,0.0,53.9,0.0,2.9,5.7,0.0,0.0,21.8
2023-06-19T23:30Z,6,63,1.4,0.0,15.4,0.4,3.0,29.4,0.0,0.0,50.4
2023-06-19T23:30Z,7,256,1.6,0.2,64.0,0.1,1.8,14.3,0.0,0.0,18.0
2023-06-19T23:30Z,8,142,3.2,0.4,34.1,0.2,3.7,27.8,0.0,0.0,30.7
2023-06-19T23:30Z,9,284,7.0,1.0,67.4,0.0,1.3,2.5,0.0,0.0,20.8
2023-06-19T23:30Z,10,183,1.2,0.2,44.1,0.0,1.5,36.6,0.0,0.0,16.4
2023-06-19T23:30Z,11,334,1.5,0.2,83.3,0.0,6.0,1.2,0.0,0.0,7.8
2023-06-19T23:30Z,12,293,2.9,0.4,71.1,0.0,11.7,2.8,0.0,0.0,11.0
2023-06-19T23:30Z,13,222,1.0,0.1,53.4,0.2,9.0,22.9,0.0,0.0,13.3
2023-06-19T23:30Z,14,263,0.3,0.0,62.9,0.5,20.9,7.6,0.0,0.0,7.8
2023-06-19T23:30Z,15,204,3.4,0.4,48.2,0.1,9.4,22.2,0.0,0.0,16.3
2023-06-19T23:30Z,16,11,1.7,0.0,2.2,1.4,0.0,11.5,0.0,0.0,83.2
2023-06-19T23:30Z,17,142,1.0,0.0,35.7,0.8,0.0,5.9,0.0,0.0,56.6
2023-06-19T23:30Z,18,176,3.1,0.3,42.0,0.3,7.7,19.9,0.0,0.0,26.6
2023-06-20T00:00Z,1,0,0.0,0.0,0.0,2.1,0.0,0.0,0.0,0.0,97.9
2023-06-20T00:00Z,2,14,2.2,0.0,2.9,0.8,0.0,9.9,0.0,0.0,84.2
2023-06-20T00:00Z,3,85,1.4,0.0,21.2,0.2,3.7,46.8,0.0,0.0,26.6
2023-06-20T00:00Z,4,3,0.3,0.0,0.5,0.1,20.9,63.8,0.0,0.0,14.4
2023-06-20T00:00Z,5,240,16.6,0.0,55.8,0.0,1.6,5.1,0.0,0.0,20.9
2023-06-20T00:00Z,6,70,1.6,0.0,17.4,0.4,2.0,27.9,0.0,0.0,50.8
2023-06-20T00:00Z,7,232,2.2,0.2,57.6,0.1,1.5,16.1,0.0,0.0,22.2
2023-06-20T00:00Z,8,157,3.4,0.3,38.0,0.2,2.3,26.5,0.0,0.0,29.3
2023-06-20T00:00Z,9,295,6.8,0.9,70.7,0.0,0.6,2.2,0.0,0.0,18.7
2023-06-20T00:00Z,10,184,0.9,0.1,43.8,0.0,2.0,37.7,0.0,0.0,15.6
2023-06-20T00:00Z,11,318,1.7,0.2,78.1,0.0,11.1,1.1,0.0,0.0,7.8
2023-06-20T00:00Z,12,303,2.2,0.3,73.5,0.1,14.5,2.5,0.0,0.0,7.0
2023-06-20T00:00Z,13,218,0.7,0.1,51.8,0.2,11.9,24.0,0.0,0.0,11.3
2023-06-20T00:00Z,14,253,0.2,0.0,60.0,0.6,25.2,8.0,0.0,0.0,6.1
2023-06-20T00:00Z,15,209,3.5,0.4,49.5,0.1,9.0,21.9,0.0,0.0,15.6
2023-06-20T00:00Z,16,11,1.8,0.0,2.3,1.2,0.0,9.7,0.0,0.0,85.0
2023-06-20T00:00Z,17,159,0.9,0.0,40.0,0.7,0.0,5.1,0.0,0.0,53.3
2023-06-20T00:00Z,18,181,3.1,0.3,43.5,0.3,7.5,19.4,0.0,0.0,25.9
2023-06-20T00:30Z,1,0,0.0,0.0,0.0,1.9,0.0,0.0,0.0,0.0,98.1
2023-06-20T00:30Z,2,15,2.3,0.0,3.0,0.8,0.0,7.0,0.0,0.0,86.8
2023-06-20T00:30Z,3,90,1.5,0.0,22.3,0.2,1.8,46.7,0.0,0.0,27.5
2023-06-20T00:30Z,4,3,0.5,0.0,0.6,0.1,11.5,68.0,0.0,0.0,19.3
2023-06-20T00:30Z,5,249,17.3,0.0,58.0,0.0,0.6,4.3,0.0,0.0,19.7
2023-06-20T00:30Z,6,86,1.5,0.0,21.4,0.4,0.9,26.6,0.0,0.0,49.2
2023-06-20T00:30Z,7,233,2.4,0.3,57.6,0.1,0.9,16.0,0.0,0.0,22.8
2023-06-20T00:30Z,8,168,3.4,0.4,40.7,0.2,1.2,25.9,0.0,0.0,28.3
2023-06-20T00:30Z,9,306,6.8,1.1,73.0,0.0,0.2,1.8,0.0,0.0,17.0
2023-06-20T00:30Z,10,187,0.6,0.1,44.2,0.0,2.3,38.5,0.0,0.0,14.3
2023-06-20T00:30Z,11,339,1.2,0.2,84.0,0.0,7.8,1.0,0.0,0.0,5.8
2023-06-20T00:30Z,12,315,2.1,0.3,76.6,0.1,13.2,1.9,0.0,0.0,5.8
2023-06-20T00:30Z,13,221,0.5,0.1,52.7,0.2,11.6,24.6,0.0,0.0,10.3
2023-06-20T00:30Z,14,260,0.1,0.0,62.1,0.6,24.2,7.6,0.0,0.0,5.4
2023-06-20T00:30Z,15,211,3.6,0.4,49.7,0.1,9.5,22.4,0.0,0.0,14.4
2023-06-20T00:30Z,16,12,1.8,0.0,2.4,1.1,0.0,7.5,0.0,0.0,87.1
2023-06-20T00:30Z,17,158,1.0,0.0,39.8,0.6,0.0,3.8,0.0,0.0,54.8
2023-06-20T00:30Z,18,186,3.2,0.4,43.7,0.3,7.8,19.6,0.0,0.0,25.1
2023-06-20T01:00Z,1,0,0.0,0.0,0.0,1.9,0.0,0.0,0.0,0.0,98.1
2023-06-20T01:00Z,2,16,2.4,0.0,3.2,0.8,0.0,4.8,0.0,0.0,88.8
2023-06-20T01:00Z,3,92,1.6,0.0,22.9,0.2,2.1,47.7,0.0,0.0,25.5
2023-06-20T01:00Z,4,3,0.4,0.0,0.5,0.1,12.1,72.5,0.0,0.0,14.4
2023-06-20T01:00Z,5,254,17.7,0.0,59.1,0.0,0.6,3.6,0.0,0.0,19.0
2023-06-20T01:00Z,6,92,1.6,0.0,22.7,0.3,1.0,25.7,0.0,0.0,48.5
2023-06-20T01:00Z,7,229,2.7,0.3,56.4,0.1,1.2,16.6,0.0,0.0,22.7
2023-06-20T01:00Z,8,176,3.5,0.5,42.4,0.1,1.5,25.5,0.0,0.0,26.5
2023-06-20T01:00Z,9,312,6.9,1.3,74.1,0.0,0.2,1.5,0.0,0.0,16.0
2023-06-20T01:00Z,10,187,0.6,0.1,44.3,0.0,2.3,39.9,0.0,0.0,12.8
2023-06-20T01:00Z,11,338,1.1,0.2,83.7,0.0,8.5,0.9,0.0,0.0,5.4
2023-06-20T01:00Z,12,312,2.0,0.4,75.5,0.1,15.2,1.6,0.0,0.0,5.2
2023-06-20T01:00Z,13,228,0.5,0.1,54.5,0.2,9.9,25.0,0.0,0.0,9.8
2023-06-20T01:00Z,14,275,0.1,0.0,66.2,0.6,20.2,7.0,0.0,0.0,5.8
2023-06-20T01:00Z,15,218,3.6,0.5,51.0,0.1,8.3,22.7,0.0,0.0,13.8
2023-06-20T01:00Z,16,12,1.9,0.0,2.5,1.1,0.0,5.6,0.0,0.0,88.9
2023-06-20T01:00Z,17,195,0.9,0.0,49.3,0.5,0.0,2.9,0.0,0.0,46.4
2023-06-20T01:00Z,18,190,3.2,0.4,45.3,0.2,6.8,19.5,0.0,0.0,24.6
2023-06-20T01:30Z,1,0,0.0,0.0,0.0,1.9,0.0,0.0,0.0,0.0,98.1
2023-06-20T01:30Z,2,16,2.6,0.0,3.4,0.8,0.0,3.2,0.0,0.0,90.0
2023-06-20T01:30Z,3,99,1.8,0.0,24.5,0.1,1.2,48.1,0.0,0.0,24.2
2023-06-20T01:30Z,4,3,0.4,0.0,0.5,0.1,7.9,76.0,0.0,0.0,15.1
2023-06-20T01:30Z,5,262,18.1,0.0,61.1,0.0,0.2,2.6,0.0,0.0,18.0
2023-06-20T01:30Z,6,114,1.6,0.0,28.4,0.3,0.6,24.5,0.0,0.0,44.5
2023-06-20T01:30Z,7,257,2.1,0.3,63.9,0.1,0.8,15.8,0.0,0.0,17.1
2023-06-20T01:30Z,8,192,3.5,0.5,46.4,0.1,1.3,24.0,0.0,0.0,24.1
2023-06-20T01:30Z,9,322,6.7,1.4,76.3,0.0,0.1,1.0,0.0,0.0,14.6
2023-06-20T01:30Z,10,189,0.5,0.1,44.2,0.0,2.8,40.9,0.0,0.0,11.5
2023-06-20T01:30Z,11,345,0.9,0.2,85.6,0.0,7.7,0.6,0.0,0.0,4.9
2023-06-20T01:30Z,12,319,1.8,0.4,77.5,0.1,14.7,1.1,0.0,0.0,4.5
2023-06-20T01:30Z,13,223,0.4,0.1,52.6,0.2,12.7,25.4,0.0,0.0,8.6
2023-06-20T01:30Z,14,260,0.1,0.0,61.7,0.6,26.2,6.5,0.0,0.0,4.9
2023-06-20T01:30Z,15,217,3.9,0.4,50.5,0.1,8.3,23.0,0.0,0.0,13.8
2023-06-20T01:30Z,16,13,2.0,0.0,2.7,0.9,0.0,4.3,0.0,0.0,90.1
2023-06-20T01:30Z,17,213,0.8,0.0,53.8,0.4,0.0,2.2,0.0,0.0,42.8
2023-06-20T01:30Z,18,193,3.5,0.4,45.1,0.2,6.8,19.5,0.0,0.0,24.6
2023-06-20T02:00Z,1,0,0.0,0.0,0.0,1.9,0.0,0.0,0.0,0.0,98.1
2023-06-20T02:00Z,2,17,2.8,0.0,3.6,0.8,0.0,1.5,0.0,0.0,91.3
2023-06-20T02:00Z,3,117,1.9,0.0,29.0,0.1,0.0,47.4,0.0,0.0,21.5
2023-06-20T02:00Z,4,6,0.7,0.0,1.4,0.1,0.3,80.2,0.0,0.0,17.3
2023-06-20T02:00Z,5,273,18.3,0.0,63.8,0.0,0.0,1.8,0.0,0.0,16.1
2023-06-20T02:00Z,6,130,1.7,0.0,32.4,0.3,0.0,24.0,0.0,0.0,41.6
2023-06-20T02:00Z,7,266,2.2,0.3,65.9,0.1,0.7,14.9,0.0,0.0,16.0
2023-06-20T02:00Z,8,211,3.5,0.5,51.2,0.1,1.1,22.9,0.0,0.0,20.7
2023-06-20T02:00Z,9,333,6.2,1.3,79.5,0.0,0.0,0.7,0.0,0.0,12.3
2023-06-20T02:00Z,10,191,0.4,0.1,44.3,0.0,3.2,41.0,0.0,0.0,11.1
2023-06-20T02:00Z,11,336,1.0,0.2,83.3,0.0,10.1,0.5,0.0,0.0,5.0
2023-06-20T02:00Z,12,316,1.6,0.3,76.5,0.1,16.9,0.9,0.0,0.0,3.8
2023-06-20T02:00Z,13,224,0.3,0.1,52.7,0.2,13.5,24.9,0.0,0.0,8.3
2023-06-20T02:00Z,14,259,0.1,0.0,61.4,0.6,26.9,6.1,0.0,0.0,4.9
2023-06-20T02:00Z,15,223,3.9,0.4,52.5,0.1,6.7,23.0,0.0,0.0,13.3
2023-06-20T02:00Z,16,14,2.1,0.0,2.8,0.8,0.0,3.0,0.0,0.0,91.3
2023-06-20T02:00Z,17,247,0.7,0.0,62.5,0.3,0.0,1.4,0.0,0.0,35.1
2023-06-20T02:00Z,18,201,3.5,0.4,47.4,0.2,5.5,19.3,0.0,0.0,23.7
2023-06-20T02:30Z,1,0,0.0,0.0,0.0,1.8,0.0,0.0,0.0,0.0,98.2
2023-06-20T02:30Z,2,19,3.0,0.0,3.8,0.8,0.0,0.3,0.0,0.0,92.1
2023-06-20T02:30Z,3,124,2.0,0.0,30.9,0.1,0.6,47.9,0.0,0.0,18.4
2023-06-20T02:30Z,4,4,0.5,0.0,1.0,0.1,4.9,82.1,0.0,0.0,11.5
2023-06-20T02:30Z,5,278,18.7,0.0,65.0,0.0,0.0,1.6,0.0,0.0,14.7
2023-06-20T02:30Z,6,137,1.8,0.0,34.1,0.3,0.3,24.3,0.0,0.0,39.2
2023-06-20T02:30Z,7,270,2.4,0.4,66.8,0.1,1.4,13.9,0.0,0.0,15.1
2023-06-20T02:30Z,8,225,3.4,0.6,54.4,0.1,1.9,22.2,0.0,0.0,17.4
2023-06-20T02:30Z,9,340,6.2,1.5,80.9,0.0,0.0,0.6,0.0,0.0,10.9
2023-06-20T02:30Z,10,183,0.1,0.0,42.9,0.0,2.9,43.3,0.0,0.0,10.8
2023-06-20T02:30Z,11,354,0.5,0.1,88.7,0.0,6.0,0.4,0.0,0.0,4.3
2023-06-20T02:30Z,12,321,1.4,0.3,77.9,0.1,16.4,0.8,0.0,0.0,3.1
2023-06-20T02:30Z,13,213,0.1,0.0,50.0,0.3,16.2,25.5,0.0,0.0,7.9
2023-06-20T02:30Z,14,241,0.0,0.0,56.5,0.6,32.4,5.8,0.0,0.0,4.6
2023-06-20T02:30Z,15,226,3.9,0.4,53.4,0.1,7.0,23.2,0.0,0.0,12.0
2023-06-20T02:30Z,16,14,2.3,0.0,2.9,0.7,0.0,1.7,0.0,0.0,92.4
2023-06-20T02:30Z,17,263,0.6,0.0,66.7,0.2,0.0,0.6,0.0,0.0,31.9
2023-06-20T02:30Z,18,204,3.5,0.3,48.6,0.2,5.7,19.3,0.0,0.0,22.3
2023-06-20T03:00Z,1,0,0.0,0.0,0.0,1.7,0.0,0.0,0.0,0.0,98.3
2023-06-20T03:00Z,2,20,3.1,0.0,4.0,0.7,0.0,0.9,0.0,0.0,91.3
2023-06-20T03:00Z,3,125,1.9,0.0,31.1,0.1,1.4,49.6,0.0,0.0,15.8
2023-06-20T03:00Z,4,1,0.2,0.0,0.2,0.0,10.6,82.8,0.0,0.0,6.2
2023-06-20T03:00Z,5,280,19.4,0.0,65.2,0.0,0.1,1.4,0.0,0.0,14.0
2023-06-20T03:00Z,6,141,1.8,0.0,35.2,0.2,0.7,24.8,0.0,0.0,37.2
2023-06-20T03:00Z,7,292,1.9,0.3,72.5,0.0,1.6,12.1,0.0,0.0,11.6
2023-06-20T03:00Z,8,229,3.4,0.6,55.4,0.1,2.8,22.1,0.0,0.0,15.6
2023-06-20T03:00Z,9,343,6.3,1.5,81.6,0.0,0.0,0.5,0.0,0.0,10.1
2023-06-20T03:00Z,10,175,0.1,0.0,44.3,0.0,0.0,44.5,0.0,0.0,11.0
2023-06-20T03:00Z,11,360,0.4,0.1,90.2,0.0,5.5,0.3,0.0,0.0,3.6
2023-06-20T03:00Z,12,314,1.3,0.3,75.9,0.1,19.1,0.7,0.0,0.0,2.6
2023-06-20T03:00Z,13,212,0.1,0.0,51.4,0.2,16.2,24.5,0.0,0.0,7.5
2023-06-20T03:00Z,14,243,0.0,0.0,57.3,0.5,33.3,4.6,0.0,0.0,4.4
2023-06-20T03:00Z,15,228,3.9,0.4,54.8,0.1,6.6,23.2,0.0,0.0,11.0
2023-06-20T03:00Z,16,15,2.4,0.0,3.1,0.9,0.0,1.2,0.0,0.0,92.4
2023-06-20T03:00Z,17,279,0.6,0.0,70.6,0.2,0.0,0.3,0.0,0.0,28.4
2023-06-20T03:00Z,18,206,3.5,0.3,49.9,0.2,5.5,19.3,0.0,0.0,21.3
2023-06-20T03:30Z,1,0,0.0,0.0,0.0,1.6,0.0,0.0,0.0,0.0,98.4
2023-06-20T03:30Z,2,21,3.3,0.0,4.3,0.6,0.3,2.1,0.0,0.0,89.4
2023-06-20T03:30Z,3,126,1.8,0.0,31.5,0.1,3.5,50.3,0.0,0.0,12.9
2023-06-20T03:30Z,4,1,0.0,0.0,0.0,0.0,20.1,79.0,0.0,0.0,0.9
2023-06-20T03:30Z,5,286,18.6,0.0,66.8,0.0,0.7,1.4,0.0,0.0,12.4
2023-06-20T03:30Z,6,146,1.8,0.0,36.4,0.2,1.9,25.9,0.0,0.0,33.8
2023-06-20T03:30Z,7,304,1.8,0.3,75.7,0.0,1.8,10.3,0.0,0.0,10.0
2023-06-20T03:30Z,8,231,3.6,0.7,55.6,0.1,3.7,22.3,0.0,0.0,14.1
2023-06-20T03:30Z,9,346,6.7,1.8,81.6,0.0,0.3,0.4,0.0,0.0,9.3
2023-06-20T03:30Z,10,179,0.3,0.1,45.2,0.0,0.0,43.7,0.0,0.0,10.7
2023-06-20T03:30Z,11,360,0.4,0.1,90.2,0.0,5.3,0.2,0.0,0.0,3.8
2023-06-20T03:30Z,12,312,1.4,0.3,75.2,0.1,19.9,0.6,0.0,0.0,2.5
2023-06-20T03:30Z,13,221,0.2,0.1,54.0,0.2,14.6,23.4,0.0,0.0,7.6
2023-06-20T03:30Z,14,255,0.0,0.0,60.7,0.4,29.8,4.2,0.0,0.0,4.8
2023-06-20T03:30Z,15,226,4.0,0.4,54.1,0.1,8.0,23.2,0.0,0.0,10.2
2023-06-20T03:30Z,16,16,2.5,0.0,3.3,1.1,0.0,1.2,0.0,0.0,91.9
2023-06-20T03:30Z,17,300,0.5,0.0,76.1,0.2,0.0,0.2,0.0,0.0,23.1
2023-06-20T03:30Z,18,208,3.6,0.3,49.7,0.2,6.6,19.3,0.0,0.0,20.3
2023-06-20T04:00Z,1,0,0.0,0.0,0.0,1.5,0.0,0.0,0.0,0.0,98.5
2023-06-20T04:00Z,2,22,3.5,0.0,4.5,0.6,1.5,3.7,0.0,0.0,86.2
2023-06-20T04:00Z,3,130,1.9,0.0,32.3,0.0,4.9,50.7,0.0,0.0,10.2
2023-06-20T04:00Z,4,1,0.0,0.0,0.0,0.0,25.9,73.3,0.0,0.0,0.8
2023-06-20T04:00Z,5,283,19.2,0.0,65.9,0.0,1.1,2.2,0.0,0.0,11.6
2023-06-20T04:00Z,6,151,1.8,0.0,37.8,0.2,3.0,27.6,0.0,0.0,29.6
2023-06-20T04:00Z,7,329,1.1,0.2,82.5,0.0,1.5,7.9,0.0,0.0,6.8
2023-06-20T04:00Z,8,242,3.4,1.0,57.7,0.0,4.6,22.0,0.0,0.0,11.3
2023-06-20T04:00Z,9,355,5.8,2.3,82.9,0.0,0.3,0.7,0.0,0.0,8.0
2023-06-20T04:00Z,10,182,0.2,0.2,45.7,0.0,0.0,43.5,0.0,0.0,10.4
2023-06-20T04:00Z,11,357,0.3,0.2,89.3,0.0,6.4,0.2,0.0,0.0,3.5
2023-06-20T04:00Z,12,311,1.1,0.5,74.6,0.0,21.0,0.6,0.0,0.0,2.1
2023-06-20T04:00Z,13,226,0.2,0.1,54.9,0.2,15.8,22.0,0.0,0.0,6.8
2023-06-20T04:00Z,14,259,0.0,0.0,61.8,0.4,29.9,3.8,0.0,0.0,4.0
2023-06-20T04:00Z,15,225,3.9,0.5,53.9,0.1,9.7,22.8,0.0,0.0,9.2
2023-06-20T04:00Z,16,17,2.7,0.0,3.5,1.2,0.0,1.1,0.0,0.0,91.5
2023-06-20T04:00Z,17,358,0.1,0.0,90.9,0.1,0.0,0.2,0.0,0.0,8.8
2023-06-20T04:00Z,18,212,3.5,0.4,50.6,0.2,8.0,18.9,0.0,0.0,18.3
2023-06-20T04:30Z,1,0,0.0,0.0,0.0,2.7,0.0,0.0,0.0,0.0,97.3
2023-06-20T04:30Z,2,23,3.6,0.0,4.7,0.9,3.3,5.6,0.0,0.0,81.9
2023-06-20T04:30Z,3,135,2.1,0.0,33.6,0.0,6.2,50.6,0.0,0.0,7.4
2023-06-20T04:30Z,4,1,0.0,0.0,0.0,0.0,31.7,67.7,0.0,0.0,0.6
2023-06-20T04:30Z,5,288,18.5,0.0,67.4,0.0,1.0,3.0,0.0,0.0,10.1
2023-06-20T04:30Z,6,163,1.9,0.0,40.7,0.2,3.9,28.7,0.0,0.0,24.6
2023-06-20T04:30Z,7,361,0.1,0.1,91.2,0.0,0.2,5.0,0.0,0.0,3.3
2023-06-20T04:30Z,8,261,3.3,1.4,61.8,0.0,4.3,20.3,0.0,0.0,8.9
2023-06-20T04:30Z,9,371,4.8,3.5,84.5,0.0,0.2,0.8,0.0,0.0,6.2
2023-06-20T04:30Z,10,190,0.5,0.4,47.1,0.0,0.0,42.3,0.0,0.0,9.7
2023-06-20T04:30Z,11,358,0.4,0.2,89.5,0.0,6.0,0.1,0.0,0.0,3.8
2023-06-20T04:30Z,12,320,1.2,0.8,76.4,0.0,19.1,0.5,0.0,0.0,2.0
2023-06-20T04:30Z,13,237,0.4,0.3,57.7,0.2,13.8,20.8,0.0,0.0,7.0
2023-06-20T04:30Z,14,268,0.0,0.0,64.4,0.3,27.2,3.4,0.0,0.0,4.6
2023-06-20T04:30Z,15,231,3.5,0.7,54.8,0.1,11.7,21.9,0.0,0.0,7.3
2023-06-20T04:30Z,16,32,2.7,0.0,7.2,1.6,0.0,0.9,0.0,0.0,87.6
2023-06-20T04:30Z,17,378,0.0,0.0,95.9,0.0,0.0,0.1,0.0,0.0,4.0
2023-06-20T04:30Z,18,222,3.2,0.6,52.1,0.2,9.7,18.3,0.0,0.0,15.9
2023-06-20T05:00Z,1,0,0.0,0.0,0.0,5.0,0.0,0.0,0.0,0.0,95.0
2023-06-20T05:00Z,2,23,3.6,0.0,4.7,1.5,7.2,7.8,0.0,0.0,75.2
2023-06-20T05:00Z,3,128,1.7,0.0,32.0,0.0,10.4,50.5,0.0,0.0,5.3
2023-06-20T05:00Z,4,1,0.0,0.0,0.0,0.0,41.5,58.0,0.0,0.0,0.5
2023-06-20T05:00Z,5,275,19.1,0.0,64.1,0.0,3.9,3.4,0.0,0.0,9.5
2023-06-20T05:00Z,6,171,1.6,0.0,43.0,0.3,6.9,27.6,0.0,0.0,20.6
2023-06-20T05:00Z,7,375,0.0,0.0,95.0,0.0,0.0,3.0,0.0,0.0,2.0
2023-06-20T05:00Z,8,289,2.3,1.7,68.5,0.0,4.5,17.2,0.0,0.0,5.7
2023-06-20T05:00Z,9,378,4.7,4.6,83.5,0.0,1.0,0.8,0.0,0.0,5.4
2023-06-20T05:00Z,10,208,0.7,0.6,51.1,0.0,0.1,38.6,0.0,0.0,8.9
2023-06-20T05:00Z,11,362,0.3,0.3,90.3,0.0,5.9,0.1,0.0,0.0,3.1
2023-06-20T05:00Z,12,309,1.1,1.1,72.5,0.0,23.3,0.4,0.0,0.0,1.6
2023-06-20T05:00Z,13,248,0.5,0.4,59.8,0.1,14.6,18.5,0.0,0.0,6.1
2023-06-20T05:00Z,14,273,0.1,0.0,65.5,0.3,27.0,2.5,0.0,0.0,4.5
2023-06-20T05:00Z,15,232,3.3,1.0,54.4,0.1,14.7,20.1,0.0,0.0,6.5
2023-06-20T05:00Z,16,66,2.5,0.0,16.0,2.1,0.0,0.8,0.0,0.0,78.6
2023-06-20T05:00Z,17,382,0.0,0.0,97.0,0.0,0.0,0.0,0.0,0.0,3.0
2023-06-20T05:00Z,18,227,3.0,0.8,52.8,0.3,12.2,16.8,0.0,0.0,14.1
2023-06-20T05:30Z,1,0,0.0,0.0,0.0,6.1,0.0,0.0,0.0,0.0,93.9
2023-06-20T05:30Z,2,24,3.7,0.0,4.9,1.7,9.9,9.2,0.0,0.0,70.6
2023-06-20T05:30Z,3,134,1.9,0.0,33.3,0.0,12.2,49.1,0.0,0.0,3.5
2023-06-20T05:30Z,4,1,0.0,0.0,0.0,0.0,46.0,53.6,0.0,0.0,0.5
2023-06-20T05:30Z,5,275,18.9,0.0,64.0,0.0,4.4,3.5,0.0,0.0,9.1
2023-06-20T05:30Z,6,179,1.6,0.0,44.7,0.3,8.2,27.8,0.0,0.0,17.4
2023-06-20T05:30Z,7,382,0.0,0.0,96.9,0.0,0.0,1.2,0.0,0.0,1.8
2023-06-20T05:30Z,8,317,1.7,2.0,75.0,0.0,3.9,13.8,0.0,0.0,3.5
2023-06-20T05:30Z,9,391,3.9,5.8,84.3,0.0,0.9,0.7,0.0,0.0,4.4
2023-06-20T05:30Z,10,215,0.6,0.6,52.8,0.0,0.1,37.3,0.0,0.0,8.5
2023-06-20T05:30Z,11,362,0.2,0.2,90.6,0.0,5.3,0.1,0.0,0.0,3.5
2023-06-20T05:30Z,12,305,0.9,1.1,71.2,0.0,25.3,0.3,0.0,0.0,1.2
2023-06-20T05:30Z,13,252,0.4,0.4,60.6,0.2,16.4,16.5,0.0,0.0,5.6
2023-06-20T05:30Z,14,272,0.0,0.0,65.0,0.3,28.8,1.7,0.0,0.0,4.1
2023-06-20T05:30Z,15,241,3.0,1.1,55.9,0.1,15.8,18.4,0.0,0.0,5.6
2023-06-20T05:30Z,16,84,2.5,0.0,20.5,2.4,0.0,0.8,0.0,0.0,73.8
2023-06-20T05:30Z,17,383,0.0,0.0,97.2,0.0,0.0,0.0,0.0,0.0,2.8
2023-06-20T05:30Z,18,235,2.8,0.9,54.6,0.3,13.2,15.4,0.0,0.0,12.7
2023-06-20T06:00Z,1,0,0.0,0.0,0.0,6.9,0.0,0.0,0.0,0.0,93.1
2023-06-20T06:00Z,2,25,3.6,0.0,5.1,1.8,11.7,10.6,0.0,0.0,67.2
2023-06-20T06:00Z,3,139,2.3,0.0,34.5,0.0,12.9,47.5,0.0,0.0,2.7
2023-06-20T06:00Z,4,1,0.0,0.0,0.0,0.0,49.4,50.1,0.0,0.0,0.5
2023-06-20T06:00Z,5,286,18.3,0.0,67.1,0.0,3.4,3.1,0.0,0.0,8.1
2023-06-20T06:00Z,6,189,1.8,0.1,47.2,0.3,8.8,26.5,0.0,0.0,15.3
2023-06-20T06:00Z,7,386,0.0,0.0,98.0,0.0,0.0,0.1,0.0,0.0,1.9
2023-06-20T06:00Z,8,329,1.3,2.4,76.8,0.0,5.9,11.1,0.0,0.0,2.4
2023-06-20T06:00Z,9,406,2.4,6.7,86.3,0.0,0.5,0.8,0.0,0.0,3.3
2023-06-20T06:00Z,10,223,0.2,0.5,48.2,0.0,6.4,36.2,0.0,0.0,8.5
2023-06-20T06:00Z,11,369,0.0,0.2,92.7,0.0,4.0,0.1,0.0,0.0,3.0
2023-06-20T06:00Z,12,289,0.4,1.1,66.3,0.0,31.0,0.3,0.0,0.0,0.9
2023-06-20T06:00Z,13,243,0.1,0.3,54.5,0.2,24.2,15.4,0.0,0.0,5.3
2023-06-20T06:00Z,14,251,0.0,0.0,57.3,0.4,37.1,1.6,0.0,0.0,3.6
2023-06-20T06:00Z,15,245,2.9,1.3,55.6,0.1,18.3,17.1,0.0,0.0,4.8
2023-06-20T06:00Z,16,86,2.5,0.0,21.2,3.0,0.0,0.9,0.0,0.0,72.5
2023-06-20T06:00Z,17,383,0.0,0.0,97.2,0.0,0.0,0.0,0.0,0.0,2.8
2023-06-20T06:00Z,18,240,2.7,1.1,54.4,0.4,15.2,14.3,0.0,0.0,11.9
2023-06-20T06:30Z,1,0,0.0,0.0,0.0,6.1,0.0,0.0,0.0,0.0,93.9
2023-06-20T06:30Z,2,24,3.3,0.0,5.1,1.5,13.5,12.2,0.0,0.0,64.4
2023-06-20T06:30Z,3,136,2.4,0.0,33.7,0.0,14.3,47.0,0.0,0.0,2.5
2023-06-20T06:30Z,4,2,0.0,0.0,0.0,0.0,52.3,47.2,0.0,0.0,0.5
2023-06-20T06:30Z,5,287,18.4,0.0,67.2,0.0,4.0,3.0,0.0,0.0,7.4
2023-06-20T06:30Z,6,189,1.8,0.2,46.8,0.2,9.9,26.4,0.0,0.0,14.7
2023-06-20T06:30Z,7,386,0.0,0.0,98.1,0.0,0.0,0.0,0.0,0.0,1.9
2023-06-20T06:30Z,8,338,1.1,2.8,78.0,0.0,6.9,8.9,0.0,0.0,2.2
2023-06-20T06:30Z,9,414,1.8,7.7,86.3,0.0,0.4,1.2,0.0,0.0,2.7
2023-06-20T06:30Z,10,222,0.0,0.2,45.7,0.0,9.7,35.7,0.0,0.0,8.6
2023-06-20T06:30Z,11,367,0.0,0.2,92.1,0.0,5.1,0.0,0.0,0.0,2.5
2023-06-20T06:30Z,12,286,0.2,0.9,65.7,0.1,32.1,0.2,0.0,0.0,0.9
2023-06-20T06:30Z,13,236,0.0,0.2,50.4,0.2,30.3,13.6,0.0,0.0,5.2
2023-06-20T06:30Z,14,235,0.0,0.0,51.0,0.4,44.3,1.0,0.0,0.0,3.3
2023-06-20T06:30Z,15,248,2.8,1.4,54.3,0.1,20.9,16.8,0.0,0.0,3.8
2023-06-20T06:30Z,16,91,2.4,0.0,22.4,3.1,0.0,1.0,0.0,0.0,71.1
2023-06-20T06:30Z,17,383,0.0,0.0,97.1,0.0,0.0,0.0,0.0,0.0,2.9
2023-06-20T06:30Z,18,241,2.6,1.2,53.5,0.4,17.3,14.0,0.0,0.0,11.1
2023-06-20T07:00Z,1,0,0.0,0.0,0.0,6.3,0.0,0.0,0.0,0.0,93.7
2023-06-20T07:00Z,2,28,3.5,0.0,6.1,1.4,13.5,13.6,0.0,0.0,62.0
2023-06-20T07:00Z,3,146,3.0,0.0,36.1,0.0,12.8,45.5,0.0,0.0,2.6
2023-06-20T07:00Z,4,2,0.0,0.0,0.0,0.0,52.6,46.8,0.0,0.0,0.6
2023-06-20T07:00Z,5,292,19.5,0.2,67.7,0.0,2.3,2.4,0.0,0.0,7.8
2023-06-20T07:00Z,6,214,1.8,0.5,52.4,0.2,8.4,25.0,0.0,0.0,11.8
2023-06-20T07:00Z,7,386,0.0,0.0,98.0,0.0,0.0,0.0,0.0,0.0,2.0
2023-06-20T07:00Z,8,344,0.5,3.3,78.0,0.0,8.7,7.4,0.0,0.0,2.1
2023-06-20T07:00Z,9,423,0.5,8.4,86.4,0.0,0.7,1.4,0.0,0.0,2.5
2023-06-20T07:00Z,10,230,0.0,0.1,42.8,0.0,15.6,33.2,0.0,0.0,8.3
2023-06-20T07:00Z,11,341,0.0,0.2,84.4,0.0,12.2,0.0,0.0,0.0,3.2
2023-06-20T07:00Z,12,261,0.0,0.7,58.3,0.1,39.9,0.1,0.0,0.0,0.8
2023-06-20T07:00Z,13,229,0.0,0.1,46.0,0.3,36.3,12.6,0.0,0.0,4.7
2023-06-20T07:00Z,14,230,0.0,0.0,47.8,0.5,48.3,0.5,0.0,0.0,3.0
2023-06-20T07:00Z,15,248,2.8,1.6,52.7,0.1,23.1,16.2,0.0,0.0,3.7
2023-06-20T07:00Z,16,100,2.4,0.0,24.3,3.4,0.6,1.2,0.0,0.0,68.0
2023-06-20T07:00Z,17,383,0.0,0.0,97.1,0.0,0.0,0.0,0.0,0.0,2.9
2023-06-20T07:00Z,18,242,2.6,1.3,52.4,0.4,19.2,13.6,0.0,0.0,10.6
2023-06-20T07:30Z,1,0,0.0,0.0,0.0,6.3,0.0,0.0,0.0,0.0,93.7
2023-06-20T07:30Z,2,34,3.5,0.0,7.3,1.3,15.2,15.0,0.0,0.0,57.6
2023-06-20T07:30Z,3,150,3.0,0.1,36.9,0.0,12.4,44.9,0.0,0.0,2.7
2023-06-20T07:30Z,4,2,0.0,0.0,0.0,0.0,53.2,46.1,0.0,0.0,0.7
2023-06-20T07:30Z,5,302,18.4,0.5,69.7,0.0,1.4,1.9,0.0,0.0,8.0
2023-06-20T07:30Z,6,234,1.6,0.7,56.5,0.1,8.5,23.1,0.0,0.0,9.5
2023-06-20T07:30Z,7,387,0.0,0.0,98.1,0.0,0.0,0.0,0.0,0.0,1.9
2023-06-20T07:30Z,8,350,0.3,3.8,77.9,0.0,9.9,6.2,0.0,0.0,2.0
2023-06-20T07:30Z,9,429,0.0,9.7,84.0,0.0,2.0,1.8,0.0,0.0,2.6
2023-06-20T07:30Z,10,240,0.0,0.0,39.8,0.0,20.5,31.8,0.0,0.0,7.9
2023-06-20T07:30Z,11,344,0.0,0.1,85.0,0.0,11.6,0.0,0.0,0.0,3.3
2023-06-20T07:30Z,12,260,0.0,0.5,58.5,0.1,40.0,0.1,0.0,0.0,0.8
2023-06-20T07:30Z,13,229,0.0,0.0,44.1,0.3,39.1,11.9,0.0,0.0,4.6
2023-06-20T07:30Z,14,228,0.0,0.0,46.9,0.5,49.6,0.0,0.0,0.0,2.9
2023-06-20T07:30Z,15,253,2.6,1.8,51.4,0.1,24.7,15.8,0.0,0.0,3.6
2023-06-20T07:30Z,16,107,2.4,0.1,25.9,3.4,1.2,1.5,0.0,0.0,65.5
2023-06-20T07:30Z,17,383,0.0,0.0,97.1,0.0,0.0,0.0,0.0,0.0,2.9
2023-06-20T07:30Z,18,247,2.4,1.5,51.5,0.4,20.7,13.3,0.0,0.0,10.2
2023-06-20T08:00Z,1,0,0.0,0.0,0.0,6.7,0.0,0.0,0.0,0.0,93.3
2023-06-20T08:00Z,2,36,3.7,0.0,7.8,1.3,15.8,16.5,0.0,0.0,54.9
2023-06-20T08:00Z,3,152,3.0,0.1,37.1,0.0,12.1,44.8,0.0,0.0,2.9
2023-06-20T08:00Z,4,2,0.0,0.0,0.0,0.0,52.7,46.5,0.0,0.0,0.8
2023-06-20T08:00Z,5,307,17.8,0.8,70.5,0.0,1.0,1.6,0.0,0.0,8.4
2023-06-20T08:00Z,6,241,1.5,1.0,57.9,0.1,8.1,22.1,0.0,0.0,9.3
2023-06-20T08:00Z,7,384,0.0,0.0,97.6,0.0,0.0,0.0,0.0,0.0,2.4
2023-06-20T08:00Z,8,354,0.2,4.2,77.6,0.0,10.2,5.5,0.0,0.0,2.3
2023-06-20T08:00Z,9,433,0.0,10.8,82.3,0.0,1.9,2.1,0.0,0.0,2.8
2023-06-20T08:00Z,10,243,0.0,0.0,39.7,0.0,21.7,30.3,0.0,0.0,8.3
2023-06-20T08:00Z,11,346,0.0,0.1,85.3,0.0,10.5,0.0,0.0,0.0,4.0
2023-06-20T08:00Z,12,259,0.0,0.4,58.3,0.1,40.4,0.1,0.0,0.0,0.8
2023-06-20T08:00Z,13,229,0.0,0.0,43.7,0.4,40.7,10.8,0.0,0.0,4.5
2023-06-20T08:00Z,14,229,0.0,0.0,46.4,0.5,50.2,0.0,0.0,0.0,2.9
2023-06-20T08:00Z,15,254,2.5,2.0,51.0,0.1,24.8,15.6,0.0,0.0,3.9
2023-06-20T08:00Z,16,113,2.5,0.1,27.2,3.2,1.7,1.8,0.0,0.0,63.5
2023-06-20T08:00Z,17,380,0.0,0.0,96.5,0.0,0.0,0.0,0.0,0.0,3.5
2023-06-20T08:00Z,18,248,2.4,1.7,51.4,0.4,20.8,13.2,0.0,0.0,10.2
2023-06-20T08:30Z,1,0,0.0,0.0,0.0,7.2,0.0,0.0,0.0,0.0,92.8
2023-06-20T08:30Z,2,37,3.7,0.0,8.0,1.3,15.6,18.1,0.0,0.0,53.2
2023-06-20T08:30Z,3,155,3.1,0.1,37.8,0.0,11.6,44.4,0.0,0.0,2.9
2023-06-20T08:30Z,4,2,0.0,0.0,0.0,0.0,52.1,46.9,0.0,0.0,1.0
2023-06-20T08:30Z,5,308,17.9,0.9,70.5,0.0,0.8,1.1,0.0,0.0,8.7
2023-06-20T08:30Z,6,245,1.5,1.0,58.7,0.1,7.9,21.2,0.0,0.0,9.7
2023-06-20T08:30Z,7,383,0.0,0.0,97.1,0.0,0.0,0.0,0.0,0.0,2.9
2023-06-20T08:30Z,8,357,0.2,4.5,77.7,0.0,10.3,4.8,0.0,0.0,2.5
2023-06-20T08:30Z,9,433,0.0,11.2,81.0,0.0,2.2,2.5,0.0,0.0,3.1
2023-06-20T08:30Z,10,248,0.0,0.0,38.6,0.0,23.6,29.2,0.0,0.0,8.6
2023-06-20T08:30Z,11,336,0.0,0.1,82.7,0.0,12.5,0.0,0.0,0.0,4.6
2023-06-20T08:30Z,12,257,0.0,0.4,57.8,0.1,40.8,0.1,0.0,0.0,0.8
2023-06-20T08:30Z,13,232,0.0,0.0,43.9,0.4,41.4,9.8,0.0,0.0,4.5
2023-06-20T08:30Z,14,230,0.0,0.0,47.0,0.5,49.7,0.0,0.0,0.0,2.9
2023-06-20T08:30Z,15,258,2.5,2.2,51.5,0.0,24.3,15.4,0.0,0.0,4.1
2023-06-20T08:30Z,16,119,2.5,0.2,28.5,3.0,1.6,2.1,0.0,0.0,62.1
2023-06-20T08:30Z,17,378,0.0,0.0,96.0,0.0,0.0,0.0,0.0,0.0,4.0
2023-06-20T08:30Z,18,251,2.4,1.8,51.8,0.4,20.5,13.0,0.0,0.0,10.2
2023-06-20T09:00Z,1,0,0.0,0.0,0.0,7.5,0.0,0.0,0.0,0.0,92.5
2023-06-20T09:00Z,2,38,3.8,0.0,8.3,1.2,16.6,19.8,0.0,0.0,50.3
2023-06-20T09:00Z,3,151,3.1,0.2,36.8,0.0,12.0,44.9,0.0,0.0,3.0
2023-06-20T09:00Z,4,2,0.0,0.0,0.0,0.0,51.9,47.1,0.0,0.0,1.1
2023-06-20T09:00Z,5,303,18.6,1.0,68.9,0.0,1.2,0.8,0.0,0.0,9.5
2023-06-20T09:00Z,6,244,1.5,1.1,58.3,0.1,8.0,20.4,0.0,0.0,10.5
2023-06-20T09:00Z,7,382,0.0,0.0,97.0,0.0,0.0,0.0,0.0,0.0,3.0
2023-06-20T09:00Z,8,357,0.2,4.5,78.0,0.0,10.2,4.3,0.0,0.0,2.8
2023-06-20T09:00Z,9,430,0.0,11.3,80.8,0.0,1.6,2.8,0.0,0.0,3.5
2023-06-20T09:00Z,10,234,0.0,0.0,38.6,0.0,20.9,30.1,0.0,0.0,10.3
2023-06-20T09:00Z,11,341,0.0,0.1,84.6,0.0,10.4,0.0,0.0,0.0,4.9
2023-06-20T09:00Z,12,252,0.0,0.3,56.6,0.1,42.1,0.1,0.0,0.0,0.9
2023-06-20T09:00Z,13,228,0.0,0.0,44.1,0.3,41.7,8.7,0.0,0.0,5.2
2023-06-20T09:00Z,14,226,0.0,0.0,46.2,0.4,50.3,0.0,0.0,0.0,3.2
2023-06-20T09:00Z,15,253,2.5,2.1,51.1,0.0,24.2,15.5,0.0,0.0,4.6
2023-06-20T09:00Z,16,127,2.5,0.2,30.6,2.5,2.0,2.2,0.0,0.0,60.1
2023-06-20T09:00Z,17,376,0.0,0.0,95.5,0.0,0.0,0.0,0.0,0.0,4.5
2023-06-20T09:00Z,18,247,2.4,1.7,51.7,0.3,20.3,13.2,0.0,0.0,10.4
2023-06-20T09:30Z,1,0,0.0,0.0,0.0,7.8,0.0,0.0,0.0,0.0,92.2
2023-06-20T09:30Z,2,43,3.9,0.0,9.5,1.1,17.5,21.4,0.0,0.0,46.6
2023-06-20T09:30Z,3,154,3.1,0.2,37.5,0.0,11.1,44.9,0.0,0.0,3.2
2023-06-20T09:30Z,4,2,0.0,0.0,0.0,0.0,51.4,47.5,0.0,0.0,1.2
2023-06-20T09:30Z,5,309,17.6,1.0,70.4,0.0,0.3,0.7,0.0,0.0,9.9
2023-06-20T09:30Z,6,251,1.4,1.2,59.7,0.0,7.7,19.4,0.0,0.0,10.6
2023-06-20T09:30Z,7,382,0.0,0.0,96.9,0.0,0.0,0.0,0.0,0.0,3.1
2023-06-20T09:30Z,8,356,0.2,4.5,77.1,0.0,11.4,3.8,0.0,0.0,3.1
2023-06-20T09:30Z,9,428,0.0,11.4,79.0,0.0,2.6,2.9,0.0,0.0,4.1
2023-06-20T09:30Z,10,237,0.0,0.0,36.6,0.0,23.2,29.3,0.0,0.0,10.9
2023-06-20T09:30Z,11,341,0.0,0.0,84.7,0.0,10.2,0.0,0.0,0.0,5.1
2023-06-20T09:30Z,12,246,0.0,0.2,55.2,0.1,43.6,0.1,0.0,0.0,0.9
2023-06-20T09:30Z,13,221,0.0,0.0,41.0,0.2,44.6,8.4,0.0,0.0,5.7
2023-06-20T09:30Z,14,214,0.0,0.0,42.6,0.3,53.6,0.0,0.0,0.0,3.5
2023-06-20T09:30Z,15,251,2.6,2.0,51.3,0.0,23.7,15.4,0.0,0.0,5.0
2023-06-20T09:30Z,16,131,2.5,0.2,31.5,2.5,2.0,2.5,0.0,0.0,58.9
2023-06-20T09:30Z,17,374,0.0,0.0,95.0,0.0,0.0,0.0,0.0,0.0,5.0
2023-06-20T09:30Z,18,246,2.4,1.7,52.0,0.3,20.0,13.1,0.0,0.0,10.5
2023-06-20T10:00Z,1,0,0.0,0.0,0.0,8.1,0.0,0.0,0.0,0.0,91.9
2023-06-20T10:00Z,2,46,3.9,0.0,10.2,1.1,17.6,22.3,0.0,0.0,44.9
2023-06-20T10:00Z,3,154,3.2,0.2,37.4,0.0,10.8,44.8,0.0,0.0,3.5
2023-06-20T10:00Z,4,5,0.2,0.0,0.8,0.0,50.2,47.3,0.0,0.0,1.5
2023-06-20T10:00Z,5,308,17.4,1.2,69.8,0.0,0.3,0.6,0.0,0.0,10.8
2023-06-20T10:00Z,6,251,1.4,1.2,59.7,0.0,7.8,18.6,0.0,0.0,11.3
2023-06-20T10:00Z,7,380,0.0,0.0,96.5,0.0,0.0,0.0,0.0,0.0,3.5
2023-06-20T10:00Z,8,352,0.1,4.3,76.2,0.0,12.1,3.6,0.0,0.0,3.6
2023-06-20T10:00Z,9,421,0.0,11.3,77.5,0.0,3.0,3.1,0.0,0.0,5.2
2023-06-20T10:00Z,10,227,0.0,0.0,32.9,0.0,24.6,29.8,0.0,0.0,12.7
2023-06-20T10:00Z,11,355,0.0,0.0,89.2,0.0,5.6,0.0,0.0,0.0,5.2
2023-06-20T10:00Z,12,240,0.0,0.0,53.8,0.0,45.1,0.0,0.0,0.0,1.0
2023-06-20T10:00Z,13,210,0.0,0.0,38.4,0.1,46.9,8.2,0.0,0.0,6.3
2023-06-20T10:00Z,14,205,0.0,0.0,40.2,0.2,55.4,0.0,0.0,0.0,4.2
2023-06-20T10:00Z,15,249,2.5,2.0,50.0,0.0,24.3,15.6,0.0,0.0,5.6
2023-06-20T10:00Z,16,135,2.5,0.2,32.2,2.7,2.4,2.5,0.0,0.0,57.5
2023-06-20T10:00Z,17,371,0.0,0.0,94.3,0.0,0.0,0.0,0.0,0.0,5.7
2023-06-20T10:00Z,18,244,2.4,1.7,50.9,0.3,20.5,13.3,0.0,0.0,10.9
2023-06-20T10:30Z,1,0,0.0,0.0,0.0,7.7,0.0,0.0,0.0,0.0,92.3
2023-06-20T10:30Z,2,53,4.2,0.0,11.8,1.0,16.4,22.7,0.0,0.0,43.8
2023-06-20T10:30Z,3,157,3.5,0.2,38.0,0.0,9.7,44.6,0.0,0.0,4.0
2023-06-20T10:30Z,4,19,1.0,0.0,4.0,0.0,46.4,46.4,0.0,0.0,2.2
2023-06-20T10:30Z,5,308,16.7,1.1,70.0,0.0,0.4,0.5,0.0,0.0,11.3
2023-06-20T10:30Z,6,253,1.3,1.3,59.8,0.0,7.4,18.2,0.0,0.0,12.0
2023-06-20T10:30Z,7,379,0.0,0.0,96.1,0.0,0.0,0.0,0.0,0.0,3.9
2023-06-20T10:30Z,8,350,0.1,4.2,75.9,0.0,12.4,3.3,0.0,0.0,4.1
2023-06-20T10:30Z,9,414,0.0,11.0,75.9,0.0,3.8,3.2,0.0,0.0,6.1
2023-06-20T10:30Z,10,225,0.0,0.0,32.0,0.0,24.9,29.4,0.0,0.0,13.7
2023-06-20T10:30Z,11,374,0.0,0.0,94.9,0.0,0.3,0.0,0.0,0.0,4.9
2023-06-20T10:30Z,12,239,0.0,0.0,53.7,0.0,45.1,0.0,0.0,0.0,1.2
2023-06-20T10:30Z,13,210,0.0,0.0,38.8,0.1,46.1,8.2,0.0,0.0,6.8
2023-06-20T10:30Z,14,208,0.0,0.0,41.1,0.1,53.9,0.0,0.0,0.0,4.8
2023-06-20T10:30Z,15,248,2.5,2.0,49.6,0.0,24.1,15.6,0.0,0.0,6.1
2023-06-20T10:30Z,16,139,2.5,0.2,33.2,3.0,2.7,2.4,0.0,0.0,55.9
2023-06-20T10:30Z,17,369,0.0,0.0,93.6,0.0,0.0,0.0,0.0,0.0,6.4
2023-06-20T10:30Z,18,244,2.4,1.7,50.6,0.3,20.4,13.3,0.0,0.0,11.3
2023-06-20T11:00Z,1,0,0.0,0.0,0.0,8.5,0.0,0.0,0.0,0.0,91.5
2023-06-20T11:00Z,2,52,4.0,0.1,11.6,1.1,16.1,23.3,0.0,0.0,43.9
2023-06-20T11:00Z,3,155,3.4,0.3,37.6,0.0,9.6,44.9,0.0,0.0,4.2
2023-06-20T11:00Z,4,20,1.0,0.1,4.1,0.0,46.1,46.4,0.0,0.0,2.4
2023-06-20T11:00Z,5,306,16.5,1.2,69.4,0.0,0.4,0.4,0.0,0.0,12.1
2023-06-20T11:00Z,6,248,1.4,1.3,58.5,0.0,7.3,18.0,0.0,0.0,13.4
2023-06-20T11:00Z,7,377,0.0,0.0,95.6,0.0,0.0,0.0,0.0,0.0,4.4
2023-06-20T11:00Z,8,345,0.1,4.5,73.9,0.0,13.4,3.2,0.0,0.0,4.9
2023-06-20T11:00Z,9,407,0.0,10.8,75.1,0.0,3.3,3.3,0.0,0.0,7.5
2023-06-20T11:00Z,10,218,0.0,0.0,33.3,0.0,22.0,29.7,0.0,0.0,14.9
2023-06-20T11:00Z,11,375,0.0,0.0,95.1,0.0,0.0,0.0,0.0,0.0,4.9
2023-06-20T11:00Z,12,242,0.0,0.0,54.5,0.0,44.3,0.0,0.0,0.0,1.2
2023-06-20T11:00Z,13,212,0.0,0.0,39.5,0.1,45.0,7.9,0.0,0.0,7.4
2023-06-20T11:00Z,14,209,0.0,0.0,41.0,0.2,53.8,0.0,0.0,0.0,5.0
2023-06-20T11:00Z,15,247,2.6,2.0,49.8,0.0,23.2,15.7,0.0,0.0,6.8
2023-06-20T11:00Z,16,139,2.4,0.2,33.1,3.0,2.7,2.4,0.0,0.0,56.1
2023-06-20T11:00Z,17,368,0.0,0.0,93.3,0.0,0.0,0.0,0.0,0.0,6.7
2023-06-20T11:00Z,18,241,2.4,1.7,50.7,0.3,19.6,13.3,0.0,0.0,11.9
2023-06-20T11:30Z,1,0,0.0,0.0,0.0,9.0,0.0,0.0,0.0,0.0,91.0
2023-06-20T11:30Z,2,58,4.2,0.1,13.2,1.0,15.7,23.3,0.0,0.0,42.4
2023-06-20T11:30Z,3,158,3.5,0.3,38.3,0.0,8.7,44.4,0.0,0.0,4.7
2023-06-20T11:30Z,4,29,1.5,0.1,6.3,0.0,43.2,45.9,0.0,0.0,3.0
2023-06-20T11:30Z,5,304,16.0,1.2,69.0,0.0,0.4,0.4,0.0,0.0,12.9
2023-06-20T11:30Z,6,249,1.4,1.4,58.6,0.0,7.3,17.2,0.0,0.0,14.1
2023-06-20T11:30Z,7,375,0.0,0.0,95.1,0.0,0.0,0.0,0.0,0.0,4.9
2023-06-20T11:30Z,8,340,0.1,4.8,71.5,0.0,14.9,2.9,0.0,0.0,5.7
2023-06-20T11:30Z,9,399,0.0,10.5,73.5,0.0,3.7,3.5,0.0,0.0,8.8
2023-06-20T11:30Z,10,216,0.0,0.0,31.9,0.0,22.5,29.8,0.0,0.0,15.9
2023-06-20T11:30Z,11,373,0.0,0.0,94.6,0.0,0.0,0.0,0.0,0.0,5.4
2023-06-20T11:30Z,12,237,0.0,0.0,53.2,0.0,45.5,0.0,0.0,0.0,1.2
2023-06-20T11:30Z,13,212,0.0,0.0,39.2,0.1,44.8,7.8,0.0,0.0,8.1
2023-06-20T11:30Z,14,208,0.0,0.0,41.0,0.2,53.4,0.0,0.0,0.0,5.4
2023-06-20T11:30Z,15,244,2.5,1.9,49.1,0.0,23.5,15.6,0.0,0.0,7.4
2023-06-20T11:30Z,16,137,2.5,0.2,32.5,2.9,2.9,2.4,0.0,0.0,56.6
2023-06-20T11:30Z,17,367,0.0,0.0,93.0,0.0,0.0,0.0,0.0,0.0,7.0
2023-06-20T11:30Z,18,239,2.4,1.6,50.1,0.3,20.0,13.3,0.0,0.0,12.4
2023-06-20T12:00Z,1,0,0.0,0.0,0.0,9.8,0.0,0.0,0.0,0.0,90.2
2023-06-20T12:00Z,2,67,4.5,0.1,15.3,1.1,15.9,23.9,0.0,0.0,39.2
2023-06-20T12:00Z,3,158,3.6,0.3,38.2,0.0,8.1,44.4,0.0,0.0,5.4
2023-06-20T12:00Z,4,37,1.9,0.2,8.2,0.0,41.3,44.9,0.0,0.0,3.6
2023-06-20T12:00Z,5,301,15.5,1.3,68.2,0.0,0.4,0.5,0.0,0.0,14.1
2023-06-20T12:00Z,6,246,1.4,1.4,57.9,0.0,7.1,17.1,0.0,0.0,15.1
2023-06-20T12:00Z,7,372,0.0,0.0,94.4,0.0,0.0,0.0,0.0,0.0,5.6
2023-06-20T12:00Z,8,335,0.1,4.5,71.1,0.0,15.0,2.9,0.0,0.0,6.4
2023-06-20T12:00Z,9,389,0.0,9.3,74.4,0.0,2.9,3.6,0.0,0.0,9.7
2023-06-20T12:00Z,10,208,0.0,0.0,32.6,0.0,19.9,30.8,0.0,0.0,16.6
2023-06-20T12:00Z,11,372,0.0,0.0,94.4,0.0,0.0,0.0,0.0,0.0,5.6
2023-06-20T12:00Z,12,240,0.0,0.0,54.0,0.0,44.8,0.0,0.0,0.0,1.2
2023-06-20T12:00Z,13,211,0.0,0.0,39.5,0.1,44.2,7.7,0.0,0.0,8.4
2023-06-20T12:00Z,14,206,0.0,0.0,40.6,0.2,53.8,0.0,0.0,0.0,5.4
2023-06-20T12:00Z,15,236,2.6,1.6,47.7,0.0,24.1,15.9,0.0,0.0,8.2
2023-06-20T12:00Z,16,144,2.5,0.2,34.1,2.4,3.2,2.4,0.0,0.0,55.1
2023-06-20T12:00Z,17,365,0.0,0.0,92.8,0.0,0.0,0.0,0.0,0.0,7.2
2023-06-20T12:00Z,18,234,2.4,1.3,49.1,0.3,20.4,13.5,0.0,0.0,13.0
2023-06-20T12:30Z,1,0,0.0,0.0,0.0,10.4,0.0,0.0,0.0,0.0,89.6
2023-06-20T12:30Z,2,76,4.7,0.1,17.4,1.0,15.8,24.4,0.0,0.0,36.5
2023-06-20T12:30Z,3,160,3.7,0.2,38.7,0.0,7.7,43.5,0.0,0.0,6.2
2023-06-20T12:30Z,4,45,2.2,0.1,10.0,0.0,39.1,44.2,0.0,0.0,4.4
2023-06-20T12:30Z,5,294,14.8,1.0,67.1,0.0,0.9,0.5,0.0,0.0,15.7
2023-06-20T12:30Z,6,242,1.3,1.1,56.9,0.0,7.8,17.0,0.0,0.0,15.9
2023-06-20T12:30Z,7,371,0.0,0.0,94.1,0.0,0.0,0.0,0.0,0.0,5.9
2023-06-20T12:30Z,8,323,0.0,3.7,69.1,0.0,17.2,3.0,0.0,0.0,7.0
2023-06-20T12:30Z,9,370,0.0,7.5,72.1,0.0,5.2,3.9,0.0,0.0,11.3
2023-06-20T12:30Z,10,214,0.0,0.0,31.1,0.0,23.2,29.9,0.0,0.0,15.8
2023-06-20T12:30Z,11,371,0.0,0.0,94.3,0.0,0.0,0.0,0.0,0.0,5.7
2023-06-20T12:30Z,12,241,0.0,0.0,53.9,0.0,44.8,0.0,0.0,0.0,1.3
2023-06-20T12:30Z,13,205,0.0,0.0,37.0,0.1,47.1,8.1,0.0,0.0,7.7
2023-06-20T12:30Z,14,203,0.0,0.0,38.8,0.2,56.0,0.0,0.0,0.0,5.1
2023-06-20T12:30Z,15,231,2.5,1.2,47.2,0.0,24.5,16.0,0.0,0.0,8.6
2023-06-20T12:30Z,16,147,2.6,0.2,34.9,2.4,4.0,2.4,0.0,0.0,53.6
2023-06-20T12:30Z,17,363,0.0,0.0,92.1,0.0,0.0,0.0,0.0,0.0,7.9
2023-06-20T12:30Z,18,230,2.4,1.0,48.7,0.3,20.9,13.6,0.0,0.0,13.2
2023-06-20T13:00Z,1,0,0.0,0.0,0.0,10.6,0.0,0.0,0.0,0.0,89.4
2023-06-20T13:00Z,2,68,4.4,0.1,15.5,1.0,17.1,25.2,0.0,0.0,36.7
2023-06-20T13:00Z,3,153,3.7,0.2,37.1,0.0,8.6,43.7,0.0,0.0,6.7
2023-06-20T13:00Z,4,34,1.7,0.1,7.5,0.0,41.8,44.8,0.0,0.0,4.0
2023-06-20T13:00Z,5,285,15.2,0.7,65.7,0.0,0.4,0.5,0.0,0.0,17.5
2023-06-20T13:00Z,6,235,1.4,0.8,56.3,0.0,7.5,16.8,0.0,0.0,17.1
2023-06-20T13:00Z,7,370,0.0,0.0,93.9,0.0,0.0,0.0,0.0,0.0,6.1
2023-06-20T13:00Z,8,318,0.1,2.7,70.5,0.0,16.3,2.8,0.0,0.0,7.7
2023-06-20T13:00Z,9,355,0.0,5.4,74.1,0.0,4.2,4.0,0.0,0.0,12.3
2023-06-20T13:00Z,10,209,0.0,0.0,30.8,0.0,22.0,29.8,0.0,0.0,17.4
2023-06-20T13:00Z,11,371,0.0,0.0,94.3,0.0,0.0,0.0,0.0,0.0,5.7
2023-06-20T13:00Z,12,245,0.0,0.0,55.3,0.0,43.4,0.0,0.0,0.0,1.3
2023-06-20T13:00Z,13,201,0.0,0.0,35.5,0.1,47.6,8.3,0.0,0.0,8.6
2023-06-20T13:00Z,14,195,0.0,0.0,35.9,0.1,58.4,0.0,0.0,0.0,5.5
2023-06-20T13:00Z,15,226,2.6,0.9,47.5,0.0,23.6,16.1,0.0,0.0,9.4
2023-06-20T13:00Z,16,144,2.6,0.1,34.3,2.7,3.8,2.4,0.0,0.0,54.0
2023-06-20T13:00Z,17,361,0.0,0.0,91.7,0.0,0.0,0.0,0.0,0.0,8.3
2023-06-20T13:00Z,18,225,2.4,0.8,48.9,0.3,20.0,13.7,0.0,0.0,13.9
2023-06-20T13:30Z,1,0,0.0,0.0,0.0,11.6,0.0,0.0,0.0,0.0,88.4
2023-06-20T13:30Z,2,75,4.9,0.1,17.3,0.8,15.2,25.9,0.0,0.0,35.9
2023-06-20T13:30Z,3,155,3.9,0.1,37.7,0.0,7.4,43.1,0.0,0.0,7.7
2023-06-20T13:30Z,4,46,2.4,0.1,10.4,0.0,37.8,44.4,0.0,0.0,5.0
2023-06-20T13:30Z,5,279,14.8,0.4,65.0,0.0,0.4,0.5,0.0,0.0,18.9
2023-06-20T13:30Z,6,236,1.4,0.6,56.9,0.0,7.1,16.2,0.0,0.0,17.7
2023-06-20T13:30Z,7,370,0.0,0.0,94.0,0.0,0.0,0.0,0.0,0.0,6.0
2023-06-20T13:30Z,8,314,0.0,2.2,70.5,0.0,16.8,2.6,0.0,0.0,7.9
2023-06-20T13:30Z,9,348,0.0,4.3,74.2,0.0,4.6,4.0,0.0,0.0,12.8
2023-06-20T13:30Z,10,216,0.0,0.0,31.4,0.0,22.6,28.6,0.0,0.0,17.4
2023-06-20T13:30Z,11,363,0.0,0.0,92.0,0.0,0.0,0.0,0.0,0.0,8.0
2023-06-20T13:30Z,12,237,0.0,0.0,53.1,0.0,45.6,0.0,0.0,0.0,1.2
2023-06-20T13:30Z,13,201,0.0,0.0,34.6,0.1,47.7,8.3,0.0,0.0,9.3
2023-06-20T13:30Z,14,189,0.0,0.0,34.4,0.2,59.7,0.0,0.0,0.0,5.7
2023-06-20T13:30Z,15,222,2.6,0.8,46.6,0.0,23.7,16.2,0.0,0.0,10.1
2023-06-20T13:30Z,16,146,2.7,0.1,34.8,3.3,3.8,2.6,0.0,0.0,52.6
2023-06-20T13:30Z,17,362,0.0,0.0,91.9,0.0,0.0,0.0,0.0,0.0,8.1
2023-06-20T13:30Z,18,223,2.5,0.7,48.3,0.4,20.2,13.7,0.0,0.0,14.4
2023-06-20T14:00Z,1,0,0.0,0.0,0.0,12.2,0.0,0.1,0.0,0.0,87.7
2023-06-20T14:00Z,2,89,5.4,0.1,20.7,0.5,14.4,27.0,0.0,0.0,31.9
2023-06-20T14:00Z,3,158,4.0,0.1,38.4,0.0,6.1,43.0,0.0,0.0,8.3
2023-06-20T14:00Z,4,56,2.9,0.1,12.7,0.0,33.8,44.4,0.0,0.0,6.0
2023-06-20T14:00Z,5,275,14.7,0.4,64.0,0.0,0.4,0.5,0.0,0.0,19.9
2023-06-20T14:00Z,6,240,1.4,0.6,57.9,0.0,6.9,15.6,0.0,0.0,17.7
2023-06-20T14:00Z,7,371,0.0,0.0,94.0,0.0,0.0,0.0,0.0,0.0,6.0
2023-06-20T14:00Z,8,313,0.0,2.0,70.8,0.0,16.8,2.4,0.0,0.0,8.0
2023-06-20T14:00Z,9,344,0.0,4.1,74.2,0.0,4.4,4.2,0.0,0.0,13.1
2023-06-20T14:00Z,10,213,0.0,0.0,30.6,0.0,22.8,28.4,0.0,0.0,18.2
2023-06-20T14:00Z,11,354,0.0,0.0,89.9,0.0,0.0,0.0,0.0,0.0,10.1
2023-06-20T14:00Z,12,237,0.0,0.0,53.1,0.0,45.6,0.0,0.0,0.0,1.2
2023-06-20T14:00Z,13,199,0.0,0.0,34.9,0.1,47.6,8.0,0.0,0.0,9.4
2023-06-20T14:00Z,14,189,0.0,0.0,35.3,0.2,58.7,0.0,0.0,0.0,5.9
2023-06-20T14:00Z,15,222,2.6,0.8,46.3,0.0,23.4,16.1,0.0,0.0,10.7
2023-06-20T14:00Z,16,154,2.8,0.1,36.8,3.6,3.8,2.8,0.0,0.0,50.1
2023-06-20T14:00Z,17,363,0.0,0.0,92.2,0.0,0.0,0.0,0.0,0.0,7.8
2023-06-20T14:00Z,18,224,2.5,0.6,48.3,0.4,19.9,13.7,0.0,0.0,14.6
2023-06-20T14:30Z,1,0,0.0,0.0,0.1,13.5,0.1,0.3,0.0,0.0,86.1
2023-06-20T14:30Z,2,93,5.6,0.1,21.3,0.2,16.1,28.5,0.0,0.0,28.2
2023-06-20T14:30Z,3,151,4.0,0.1,36.4,0.0,6.8,43.4,0.0,0.0,9.2
2023-06-20T14:30Z,4,53,2.8,0.1,12.1,0.0,34.5,44.3,0.0,0.0,6.2
2023-06-20T14:30Z,5,270,14.5,0.5,62.4,0.0,0.7,0.5,0.0,0.0,21.4
2023-06-20T14:30Z,6,234,1.4,0.7,55.6,0.0,8.4,15.5,0.0,0.0,18.4
2023-06-20T14:30Z,7,371,0.0,0.0,94.1,0.0,0.0,0.0,0.0,0.0,5.9
2023-06-20T14:30Z,8,310,0.0,2.1,69.0,0.0,18.3,2.4,0.0,0.0,8.2
2023-06-20T14:30Z,9,342,0.0,4.2,72.2,0.0,5.8,4.2,0.0,0.0,13.6
2023-06-20T14:30Z,10,218,0.0,0.0,28.8,0.0,25.8,27.8,0.0,0.0,17.6
2023-06-20T14:30Z,11,354,0.0,0.0,89.9,0.0,0.0,0.0,0.0,0.0,10.1
2023-06-20T14:30Z,12,233,0.0,0.0,51.6,0.0,47.0,0.0,0.0,0.0,1.3
2023-06-20T14:30Z,13,195,0.0,0.0,32.5,0.1,50.1,8.3,0.0,0.0,9.0
2023-06-20T14:30Z,14,187,0.0,0.0,33.7,0.2,60.4,0.0,0.0,0.0,5.8
2023-06-20T14:30Z,15,222,2.6,0.7,46.2,0.0,23.7,15.9,0.0,0.0,10.9
2023-06-20T14:30Z,16,162,2.8,0.1,38.4,4.0,4.8,3.0,0.0,0.0,47.0
2023-06-20T14:30Z,17,363,0.0,0.0,92.1,0.0,0.0,0.0,0.0,0.0,7.9
2023-06-20T14:30Z,18,223,2.5,0.6,48.2,0.4,20.3,13.6,0.0,0.0,14.4
2023-06-20T15:00Z,1,1,0.1,0.0,0.3,14.0,0.3,0.3,0.0,0.0,85.0
2023-06-20T15:00Z,2,94,5.8,0.1,21.6,0.0,16.7,29.7,0.0,0.0,26.1
2023-06-20T15:00Z,3,148,4.3,0.2,35.7,0.0,7.1,44.1,0.0,0.0,8.6
2023-06-20T15:00Z,4,53,2.8,0.1,12.0,0.0,35.1,44.2,0.0,0.0,5.8
2023-06-20T15:00Z,5,275,14.9,0.6,63.4,0.0,0.6,0.5,0.0,0.0,20.1
2023-06-20T15:00Z,6,243,1.4,0.7,58.1,0.0,7.4,14.8,0.0,0.0,17.5
2023-06-20T15:00Z,7,368,0.0,0.0,93.4,0.0,0.0,0.0,0.0,0.0,6.6
2023-06-20T15:00Z,8,319,0.0,2.1,72.0,0.0,16.3,2.1,0.0,0.0,7.5
2023-06-20T15:00Z,9,352,0.0,4.2,75.5,0.0,4.6,4.2,0.0,0.0,11.6
2023-06-20T15:00Z,10,215,0.0,0.0,30.1,0.0,23.8,28.0,0.0,0.0,18.1
2023-06-20T15:00Z,11,346,0.0,0.0,87.4,0.0,2.3,0.0,0.0,0.0,10.3
2023-06-20T15:00Z,12,239,0.0,0.0,53.4,0.0,45.2,0.0,0.0,0.0,1.4
2023-06-20T15:00Z,13,205,0.0,0.0,36.0,0.1,46.3,7.9,0.0,0.0,9.7
2023-06-20T15:00Z,14,199,0.0,0.0,37.8,0.2,55.7,0.0,0.0,0.0,6.3
2023-06-20T15:00Z,15,228,2.6,0.8,47.4,0.0,22.9,15.9,0.0,0.0,10.3
2023-06-20T15:00Z,16,168,2.9,0.2,39.7,4.2,4.8,3.2,0.0,0.0,45.2
2023-06-20T15:00Z,17,360,0.0,0.0,91.3,0.0,0.0,0.0,0.0,0.0,8.7
2023-06-20T15:00Z,18,228,2.5,0.7,49.3,0.4,19.6,13.6,0.0,0.0,13.8
2023-06-20T15:30Z,1,3,0.2,0.0,0.8,14.7,0.4,0.4,0.0,0.0,83.5
2023-06-20T15:30Z,2,110,6.0,0.1,25.3,0.0,14.6,30.0,0.0,0.0,23.9
2023-06-20T15:30Z,3,156,4.4,0.2,37.6,0.0,5.9,44.0,0.0,0.0,7.9
2023-06-20T15:30Z,4,71,3.6,0.1,16.4,0.0,30.5,43.0,0.0,0.0,6.4
2023-06-20T15:30Z,5,284,14.3,0.6,65.9,0.0,0.7,0.5,0.0,0.0,18.0
2023-06-20T15:30Z,6,250,1.2,0.8,59.8,0.0,7.3,14.4,0.0,0.0,16.4
2023-06-20T15:30Z,7,366,0.0,0.0,92.9,0.0,0.0,0.0,0.0,0.0,7.1
2023-06-20T15:30Z,8,323,0.0,2.2,72.8,0.0,16.4,2.0,0.0,0.0,6.6
2023-06-20T15:30Z,9,359,0.0,4.6,76.6,0.0,4.9,4.3,0.0,0.0,9.6
2023-06-20T15:30Z,10,205,0.0,0.0,29.2,0.0,23.1,28.8,0.0,0.0,19.0
2023-06-20T15:30Z,11,373,0.0,0.0,94.7,0.0,0.0,0.0,0.0,0.0,5.3
2023-06-20T15:30Z,12,244,0.0,0.0,54.9,0.0,43.2,0.0,0.0,0.0,1.8
2023-06-20T15:30Z,13,196,0.0,0.0,34.7,0.2,48.0,7.7,0.0,0.0,9.4
2023-06-20T15:30Z,14,193,0.0,0.0,35.8,0.2,57.3,0.0,0.0,0.0,6.7
2023-06-20T15:30Z,15,235,2.6,0.8,49.5,0.0,21.8,15.8,0.0,0.0,9.4
2023-06-20T15:30Z,16,174,2.8,0.2,41.3,4.3,4.9,3.3,0.0,0.0,43.2
2023-06-20T15:30Z,17,357,0.0,0.0,90.6,0.0,0.0,0.0,0.0,0.0,9.4
2023-06-20T15:30Z,18,233,2.5,0.7,51.2,0.5,18.7,13.6,0.0,0.0,12.9
2023-06-20T16:00Z,1,2,0.1,0.0,0.4,15.1,0.2,0.6,0.0,0.0,83.6
2023-06-20T16:00Z,2,103,5.7,0.2,23.7,0.0,15.7,31.2,0.0,0.0,23.6
2023-06-20T16:00Z,3,150,4.4,0.2,36.2,0.0,6.2,44.9,0.0,0.0,8.1
2023-06-20T16:00Z,4,63,3.3,0.1,14.3,0.0,32.9,43.4,0.0,0.0,5.9
2023-06-20T16:00Z,5,281,14.9,0.6,65.1,0.0,0.4,0.5,0.0,0.0,18.6
2023-06-20T16:00Z,6,247,1.4,0.8,59.3,0.0,6.7,14.8,0.0,0.0,17.0
2023-06-20T16:00Z,7,365,0.0,0.0,92.7,0.0,0.0,0.0,0.0,0.0,7.3
2023-06-20T16:00Z,8,325,0.0,2.2,74.1,0.0,15.1,2.1,0.0,0.0,6.6
2023-06-20T16:00Z,9,361,0.0,4.4,78.5,0.0,3.5,4.2,0.0,0.0,9.4
2023-06-20T16:00Z,10,200,0.0,0.0,31.5,0.0,19.8,28.7,0.0,0.0,20.0
2023-06-20T16:00Z,11,371,0.0,0.0,94.2,0.0,0.0,0.0,0.0,0.0,5.8
2023-06-20T16:00Z,12,244,0.0,0.0,55.3,0.0,42.9,0.0,0.0,0.0,1.7
2023-06-20T16:00Z,13,196,0.0,0.0,35.9,0.2,45.9,7.6,0.0,0.0,10.5
2023-06-20T16:00Z,14,191,0.0,0.0,36.3,0.2,56.3,0.0,0.0,0.0,7.2
2023-06-20T16:00Z,15,232,2.6,0.9,49.6,0.0,21.3,15.9,0.0,0.0,9.8
2023-06-20T16:00Z,16,175,2.7,0.2,41.8,4.3,4.9,3.8,0.0,0.0,42.4
2023-06-20T16:00Z,17,355,0.0,0.0,90.2,0.0,0.0,0.0,0.0,0.0,9.8
2023-06-20T16:00Z,18,231,2.4,0.8,51.3,0.5,18.3,13.6,0.0,0.0,13.1
2023-06-20T16:30Z,1,2,0.1,0.0,0.4,15.6,0.3,0.6,0.0,0.0,83.0
2023-06-20T16:30Z,2,105,5.8,0.1,24.2,0.0,14.7,32.3,0.0,0.0,22.8
2023-06-20T16:30Z,3,150,4.4,0.2,36.1,0.0,5.9,45.1,0.0,0.0,8.3
2023-06-20T16:30Z,4,69,3.5,0.1,15.8,0.0,30.8,43.5,0.0,0.0,6.3
2023-06-20T16:30Z,5,280,14.6,0.5,65.1,0.0,0.6,0.5,0.0,0.0,18.8
2023-06-20T16:30Z,6,239,1.4,0.7,57.2,0.0,7.6,15.5,0.0,0.0,17.7
2023-06-20T16:30Z,7,363,0.0,0.0,92.1,0.0,0.0,0.0,0.0,0.0,7.9
2023-06-20T16:30Z,8,318,0.0,2.1,71.3,0.0,17.5,2.2,0.0,0.0,6.9
2023-06-20T16:30Z,9,360,0.0,4.5,77.1,0.0,4.6,4.2,0.0,0.0,9.6
2023-06-20T16:30Z,10,205,0.0,0.0,31.3,0.0,21.1,28.0,0.0,0.0,19.6
2023-06-20T16:30Z,11,370,0.0,0.0,93.9,0.0,0.0,0.0,0.0,0.0,6.1
2023-06-20T16:30Z,12,234,0.0,0.0,51.8,0.1,46.2,0.0,0.0,0.0,1.9
2023-06-20T16:30Z,13,191,0.0,0.0,33.4,0.2,47.9,8.0,0.0,0.0,10.5
2023-06-20T16:30Z,14,187,0.0,0.0,34.1,0.3,58.3,0.0,0.0,0.0,7.3
2023-06-20T16:30Z,15,234,2.6,0.9,49.4,0.0,21.1,15.9,0.0,0.0,10.1
2023-06-20T16:30Z,16,174,2.7,0.2,41.4,4.6,4.5,4.9,0.0,0.0,41.7
2023-06-20T16:30Z,17,355,0.0,0.0,90.2,0.0,0.0,0.0,0.0,0.0,9.8
2023-06-20T16:30Z,18,231,2.4,0.8,51.2,0.5,18.0,13.8,0.0,0.0,13.3
2023-06-20T17:00Z,1,3,0.1,0.0,0.6,15.4,0.4,0.8,0.0,0.0,82.7
2023-06-20T17:00Z,2,94,5.5,0.1,21.7,0.0,16.1,34.8,0.0,0.0,21.8
2023-06-20T17:00Z,3,135,4.1,0.1,32.6,0.0,6.0,49.2,0.0,0.0,8.0
2023-06-20T17:00Z,4,55,2.9,0.1,12.4,0.0,34.5,44.4,0.0,0.0,5.6
2023-06-20T17:00Z,5,274,15.1,0.4,63.8,0.0,0.4,0.4,0.0,0.0,19.9
2023-06-20T17:00Z,6,237,1.4,0.7,56.8,0.0,6.7,16.5,0.0,0.0,17.9
2023-06-20T17:00Z,7,366,0.0,0.0,93.0,0.0,0.0,0.0,0.0,0.0,7.0
2023-06-20T17:00Z,8,323,0.0,2.1,73.2,0.0,15.5,2.2,0.0,0.0,6.8
2023-06-20T17:00Z,9,361,0.0,4.6,77.2,0.0,4.4,4.1,0.0,0.0,9.8
2023-06-20T17:00Z,10,208,0.0,0.0,31.8,0.0,20.7,27.8,0.0,0.0,19.6
2023-06-20T17:00Z,11,373,0.0,0.0,94.5,0.0,0.0,0.0,0.0,0.0,5.5
2023-06-20T17:00Z,12,236,0.0,0.0,52.9,0.1,45.1,0.0,0.0,0.0,1.9
2023-06-20T17:00Z,13,200,0.0,0.0,36.0,0.2,44.4,8.2,0.0,0.0,11.1
2023-06-20T17:00Z,14,195,0.0,0.0,37.5,0.3,54.6,0.0,0.0,0.0,7.7
2023-06-20T17:00Z,15,233,2.6,0.9,49.9,0.0,20.4,16.1,0.0,0.0,10.0
2023-06-20T17:00Z,16,173,2.6,0.2,41.3,4.8,4.4,6.4,0.0,0.0,40.4
2023-06-20T17:00Z,17,355,0.0,0.0,90.2,0.0,0.0,0.0,0.0,0.0,9.8
2023-06-20T17:00Z,18,231,2.4,0.8,51.6,0.5,17.4,14.1,0.0,0.0,13.2
2023-06-20T17:30Z,1,1,0.1,0.0,0.2,15.3,0.2,1.1,0.0,0.0,83.1
2023-06-20T17:30Z,2,88,5.7,0.1,20.2,0.0,15.3,37.4,0.0,0.0,21.3
2023-06-20T17:30Z,3,129,4.0,0.1,31.2,0.0,5.9,50.6,0.0,0.0,8.3
2023-06-20T17:30Z,4,53,2.9,0.1,12.0,0.0,34.8,44.6,0.0,0.0,5.6
2023-06-20T17:30Z,5,272,15.4,0.3,63.4,0.0,0.2,0.3,0.0,0.0,20.5
2023-06-20T17:30Z,6,234,1.3,0.6,56.5,0.0,5.7,17.8,0.0,0.0,18.1
2023-06-20T17:30Z,7,369,0.0,0.0,93.6,0.0,0.0,0.0,0.0,0.0,6.4
2023-06-20T17:30Z,8,330,0.1,2.0,75.9,0.0,12.7,2.5,0.0,0.0,6.8
2023-06-20T17:30Z,9,366,0.0,4.8,78.5,0.0,3.1,4.0,0.0,0.0,9.6
2023-06-20T17:30Z,10,203,0.0,0.0,31.7,0.0,19.5,28.2,0.0,0.0,20.6
2023-06-20T17:30Z,11,370,0.0,0.0,94.0,0.0,0.0,0.0,0.0,0.0,6.0
2023-06-20T17:30Z,12,234,0.0,0.0,51.9,0.1,46.0,0.0,0.0,0.0,2.0
2023-06-20T17:30Z,13,200,0.0,0.0,35.7,0.2,43.3,8.5,0.0,0.0,12.3
2023-06-20T17:30Z,14,196,0.0,0.0,37.0,0.3,54.6,0.0,0.0,0.0,8.1
2023-06-20T17:30Z,15,230,2.5,0.9,49.1,0.0,20.8,16.3,0.0,0.0,10.3
2023-06-20T17:30Z,16,165,2.8,0.2,39.4,5.1,4.2,8.0,0.0,0.0,40.2
2023-06-20T17:30Z,17,354,0.0,0.0,89.9,0.0,0.0,0.0,0.0,0.0,10.1
2023-06-20T17:30Z,18,229,2.4,0.7,50.8,0.6,17.8,14.4,0.0,0.0,13.3
2023-06-20T18:00Z,1,3,0.2,0.0,0.7,16.0,0.5,1.6,0.0,0.0,81.0
2023-06-20T18:00Z,2,86,5.6,0.1,19.8,0.0,14.7,39.4,0.0,0.0,20.4
2023-06-20T18:00Z,3,123,4.0,0.1,29.8,0.0,5.6,52.5,0.0,0.0,8.1
2023-06-20T18:00Z,4,55,3.0,0.0,12.6,0.0,34.3,44.5,0.0,0.0,5.4
2023-06-20T18:00Z,5,274,15.4,0.3,64.0,0.0,0.1,0.3,0.0,0.0,19.9
2023-06-20T18:00Z,6,229,1.3,0.7,55.3,0.0,5.4,18.9,0.0,0.0,18.3
2023-06-20T18:00Z,7,371,0.0,0.0,94.1,0.0,0.0,0.0,0.0,0.0,5.9
2023-06-20T18:00Z,8,334,0.1,2.1,77.0,0.0,11.5,2.9,0.0,0.0,6.4
2023-06-20T18:00Z,9,370,0.0,5.2,79.0,0.0,2.5,4.0,0.0,0.0,9.3
2023-06-20T18:00Z,10,205,0.0,0.0,32.6,0.0,19.0,27.1,0.0,0.0,21.3
2023-06-20T18:00Z,11,374,0.0,0.0,95.0,0.0,0.0,0.0,0.0,0.0,5.0
2023-06-20T18:00Z,12,237,0.0,0.0,52.8,0.1,45.0,0.0,0.0,0.0,2.1
2023-06-20T18:00Z,13,198,0.0,0.0,35.6,0.2,42.7,8.8,0.0,0.0,12.7
2023-06-20T18:00Z,14,193,0.0,0.0,36.6,0.3,54.6,0.0,0.0,0.0,8.5
2023-06-20T18:00Z,15,231,2.6,0.9,49.3,0.0,20.2,16.5,0.0,0.0,10.5
2023-06-20T18:00Z,16,163,2.8,0.2,38.9,5.2,4.0,9.5,0.0,0.0,39.4
2023-06-20T18:00Z,17,353,0.0,0.0,89.6,0.0,0.0,0.0,0.0,0.0,10.4
2023-06-20T18:00Z,18,230,2.4,0.8,50.8,0.6,17.3,14.7,0.0,0.0,13.4
2023-06-20T18:30Z,1,5,0.3,0.0,1.1,16.7,1.0,2.7,0.0,0.0,78.3
2023-06-20T18:30Z,2,77,5.1,0.1,17.6,0.0,15.6,42.6,0.0,0.0,19.0
2023-06-20T18:30Z,3,116,3.7,0.0,28.0,0.0,6.1,54.5,0.0,0.0,7.6
2023-06-20T18:30Z,4,46,2.5,0.0,10.5,0.0,36.8,45.6,0.0,0.0,4.5
2023-06-20T18:30Z,5,275,15.4,0.2,64.6,0.0,0.1,0.2,0.0,0.0,19.4
2023-06-20T18:30Z,6,218,1.4,0.6,52.6,0.0,5.6,20.6,0.0,0.0,19.1
2023-06-20T18:30Z,7,371,0.0,0.0,94.0,0.0,0.0,0.0,0.0,0.0,6.0
2023-06-20T18:30Z,8,331,0.2,2.1,76.2,0.0,11.6,3.3,0.0,0.0,6.7
2023-06-20T18:30Z,9,369,0.0,4.9,79.2,0.0,2.7,3.8,0.0,0.0,9.4
2023-06-20T18:30Z,10,205,0.0,0.0,32.0,0.0,19.0,27.3,0.0,0.0,21.6
2023-06-20T18:30Z,11,377,0.0,0.0,95.8,0.0,0.0,0.0,0.0,0.0,4.2
2023-06-20T18:30Z,12,240,0.0,0.1,53.7,0.1,43.7,0.1,0.0,0.0,2.4
2023-06-20T18:30Z,13,212,0.0,0.0,39.4,0.2,38.4,8.8,0.0,0.0,13.2
2023-06-20T18:30Z,14,213,0.0,0.0,42.8,0.3,48.4,0.0,0.0,0.0,8.5
2023-06-20T18:30Z,15,233,2.5,1.0,49.3,0.0,20.3,16.5,0.0,0.0,10.4
2023-06-20T18:30Z,16,163,2.7,0.2,38.8,5.1,3.9,11.8,0.0,0.0,37.6
2023-06-20T18:30Z,17,353,0.0,0.0,89.5,0.0,0.0,0.0,0.0,0.0,10.5
2023-06-20T18:30Z,18,231,2.4,0.8,50.8,0.5,17.3,14.9,0.0,0.0,13.2
2023-06-20T19:00Z,1,6,0.4,0.0,1.4,17.0,1.1,3.6,0.0,0.0,76.5
2023-06-20T19:00Z,2,79,5.2,0.0,18.3,0.0,14.0,44.2,0.0,0.0,18.3
2023-06-20T19:00Z,3,117,3.6,0.0,28.4,0.0,5.2,55.3,0.0,0.0,7.4
2023-06-20T19:00Z,4,51,2.9,0.0,11.8,0.0,33.8,46.9,0.0,0.0,4.6
2023-06-20T19:00Z,5,276,15.8,0.2,64.6,0.0,0.1,0.2,0.0,0.0,19.1
2023-06-20T19:00Z,6,204,1.5,0.6,49.1,0.0,5.2,23.4,0.0,0.0,20.1
2023-06-20T19:00Z,7,371,0.0,0.0,94.1,0.0,0.0,0.0,0.0,0.0,5.9
2023-06-20T19:00Z,8,331,0.2,2.0,76.7,0.0,10.6,4.0,0.0,0.0,6.6
2023-06-20T19:00Z,9,370,0.0,4.7,80.2,0.0,2.4,3.7,0.0,0.0,9.0
2023-06-20T19:00Z,10,206,0.0,0.0,32.8,0.0,18.4,26.3,0.0,0.0,22.4
2023-06-20T19:00Z,11,380,0.0,0.0,96.4,0.0,0.0,0.0,0.0,0.0,3.6
2023-06-20T19:00Z,12,248,0.0,0.1,56.0,0.1,41.2,0.1,0.0,0.0,2.5
2023-06-20T19:00Z,13,217,0.0,0.0,41.5,0.2,35.3,9.5,0.0,0.0,13.6
2023-06-20T19:00Z,14,224,0.0,0.0,46.3,0.2,44.6,0.0,0.0,0.0,8.9
2023-06-20T19:00Z,15,234,2.5,1.1,49.5,0.0,19.5,17.0,0.0,0.0,10.4
2023-06-20T19:00Z,16,164,2.6,0.2,39.0,4.8,4.2,14.1,0.0,0.0,35.1
2023-06-20T19:00Z,17,352,0.0,0.0,89.3,0.0,0.0,0.0,0.0,0.0,10.7
2023-06-20T19:00Z,18,233,2.3,0.9,50.9,0.5,16.6,15.6,0.0,0.0,13.1
2023-06-20T19:30Z,1,10,0.7,0.0,2.2,16.6,1.8,4.5,0.0,0.0,74.3
2023-06-20T19:30Z,2,71,5.0,0.0,16.3,0.0,13.0,48.3,0.0,0.0,17.4
2023-06-20T19:30Z,3,113,3.5,0.0,27.4,0.0,5.1,56.7,0.0,0.0,7.3
2023-06-20T19:30Z,4,48,2.8,0.0,10.9,0.0,34.1,47.8,0.0,0.0,4.4
2023-06-20T19:30Z,5,273,16.3,0.1,63.9,0.0,0.2,0.1,0.0,0.0,19.4
2023-06-20T19:30Z,6,190,1.5,0.6,45.5,0.0,5.4,26.0,0.0,0.0,21.0
2023-06-20T19:30Z,7,372,0.0,0.0,94.3,0.0,0.0,0.0,0.0,0.0,5.7
2023-06-20T19:30Z,8,326,0.2,1.9,75.3,0.0,11.0,4.7,0.0,0.0,6.9
2023-06-20T19:30Z,9,366,0.0,4.6,78.8,0.0,3.1,3.8,0.0,0.0,9.8
2023-06-20T19:30Z,10,206,0.0,0.0,31.8,0.0,19.3,26.5,0.0,0.0,22.5
2023-06-20T19:30Z,11,373,0.0,0.0,94.2,0.0,2.2,0.0,0.0,0.0,3.6
2023-06-20T19:30Z,12,245,0.0,0.2,54.5,0.0,42.1,0.2,0.0,0.0,3.0
2023-06-20T19:30Z,13,213,0.0,0.0,40.0,0.1,35.8,10.4,0.0,0.0,13.8
2023-06-20T19:30Z,14,221,0.0,0.0,45.2,0.2,45.4,0.0,0.0,0.0,9.2
2023-06-20T19:30Z,15,233,2.6,1.2,49.1,0.0,18.9,17.4,0.0,0.0,10.9
2023-06-20T19:30Z,16,159,2.6,0.2,37.8,4.7,3.4,16.6,0.0,0.0,34.8
2023-06-20T19:30Z,17,352,0.0,0.0,89.3,0.0,0.0,0.0,0.0,0.0,10.7
2023-06-20T19:30Z,18,230,2.4,1.0,50.5,0.5,16.0,16.2,0.0,0.0,13.4
2023-06-20T20:00Z,1,7,0.6,0.0,1.5,16.7,1.6,5.7,0.0,0.0,74.0
2023-06-20T20:00Z,2,56,4.8,0.0,12.7,0.0,13.9,52.2,0.0,0.0,16.5
2023-06-20T20:00Z,3,108,3.4,0.0,26.3,0.0,6.1,57.3,0.0,0.0,7.0
2023-06-20T20:00Z,4,32,2.0,0.0,7.2,0.0,37.6,49.9,0.0,0.0,3.2
2023-06-20T20:00Z,5,271,17.3,0.1,63.3,0.0,0.0,0.1,0.0,0.0,19.2
2023-06-20T20:00Z,6,162,1.9,0.5,38.6,0.0,6.1,28.7,0.0,0.0,24.2
2023-06-20T20:00Z,7,371,0.0,0.0,94.2,0.0,0.0,0.0,0.0,0.0,5.8
2023-06-20T20:00Z,8,326,0.3,1.7,76.3,0.0,9.3,5.4,0.0,0.0,7.0
2023-06-20T20:00Z,9,364,0.0,3.9,80.4,0.0,2.4,3.7,0.0,0.0,9.5
2023-06-20T20:00Z,10,206,0.0,0.0,32.2,0.0,17.9,26.1,0.0,0.0,23.8
2023-06-20T20:00Z,11,369,0.0,0.0,93.2,0.0,3.1,0.0,0.0,0.0,3.6
2023-06-20T20:00Z,12,256,0.0,0.2,58.6,0.0,37.8,0.3,0.0,0.0,3.1
2023-06-20T20:00Z,13,223,0.0,0.0,43.4,0.1,29.3,10.8,0.0,0.0,16.4
2023-06-20T20:00Z,14,235,0.0,0.0,51.5,0.1,37.6,0.0,0.0,0.0,10.8
2023-06-20T20:00Z,15,231,2.6,1.1,49.0,0.0,19.0,17.2,0.0,0.0,11.1
2023-06-20T20:00Z,16,149,2.8,0.2,35.2,4.6,3.4,18.9,0.0,0.0,34.9
2023-06-20T20:00Z,17,347,0.0,0.0,88.1,0.0,0.0,0.0,0.0,0.0,11.9
2023-06-20T20:00Z,18,229,2.4,0.9,50.1,0.5,16.1,16.3,0.0,0.0,13.6
2023-06-20T20:30Z,1,6,0.5,0.0,1.2,16.0,1.6,7.3,0.0,0.0,73.4
2023-06-20T20:30Z,2,52,4.7,0.0,11.7,0.0,14.6,53.1,0.0,0.0,16.0
2023-06-20T20:30Z,3,105,3.6,0.0,25.4,0.0,7.1,56.6,0.0,0.0,7.3
2023-06-20T20:30Z,4,29,1.8,0.0,6.5,0.0,39.6,49.3,0.0,0.0,2.8
2023-06-20T20:30Z,5,272,17.7,0.0,63.5,0.0,0.0,0.1,0.0,0.0,18.7
2023-06-20T20:30Z,6,155,2.0,0.4,36.9,0.0,6.5,29.3,0.0,0.0,24.8
2023-06-20T20:30Z,7,371,0.0,0.0,94.1,0.0,0.0,0.0,0.0,0.0,5.9
2023-06-20T20:30Z,8,324,0.3,1.5,76.3,0.0,8.8,5.8,0.0,0.0,7.2
2023-06-20T20:30Z,9,361,0.0,3.4,80.7,0.0,2.6,3.7,0.0,0.0,9.6
2023-06-20T20:30Z,10,208,0.0,0.0,32.1,0.0,18.1,25.7,0.0,0.0,24.1
2023-06-20T20:30Z,11,373,0.0,0.0,94.1,0.0,2.7,0.1,0.0,0.0,3.2
2023-06-20T20:30Z,12,262,0.0,0.3,60.1,0.0,35.5,0.4,0.0,0.0,3.6
2023-06-20T20:30Z,13,228,0.0,0.0,44.1,0.1,27.0,11.2,0.0,0.0,17.7
2023-06-20T20:30Z,14,242,0.0,0.0,53.8,0.1,34.3,0.0,0.0,0.0,11.7
2023-06-20T20:30Z,15,228,2.5,1.1,47.9,0.0,19.9,17.4,0.0,0.0,11.1
2023-06-20T20:30Z,16,146,2.8,0.2,34.3,4.2,4.0,20.9,0.0,0.0,33.7
2023-06-20T20:30Z,17,345,0.0,0.0,87.5,0.0,0.0,0.0,0.0,0.0,12.5
2023-06-20T20:30Z,18,227,2.4,0.9,49.1,0.5,16.9,16.6,0.0,0.0,13.6
2023-06-20T21:00Z,1,8,0.7,0.0,1.8,15.6,2.2,8.9,0.0,0.0,70.8
2023-06-20T21:00Z,2,50,4.6,0.0,11.2,0.0,14.1,55.0,0.0,0.0,15.1
2023-06-20T21:00Z,3,103,3.6,0.0,25.0,0.0,7.1,56.8,0.0,0.0,7.5
2023-06-20T21:00Z,4,28,1.7,0.0,6.2,0.0,38.9,50.4,0.0,0.0,2.8
2023-06-20T21:00Z,5,272,17.8,0.0,63.5,0.0,0.0,0.0,0.0,0.0,18.6
2023-06-20T21:00Z,6,151,2.0,0.4,36.1,0.0,6.0,30.3,0.0,0.0,25.2
2023-06-20T21:00Z,7,370,0.0,0.0,94.0,0.0,0.0,0.0,0.0,0.0,6.0
2023-06-20T21:00Z,8,322,0.4,1.3,76.2,0.0,7.7,6.7,0.0,0.0,7.6
2023-06-20T21:00Z,9,355,0.2,2.9,80.1,0.0,2.6,3.9,0.0,0.0,10.3
2023-06-20T21:00Z,10,204,0.0,0.0,31.6,0.0,17.5,26.5,0.0,0.0,24.4
2023-06-20T21:00Z,11,369,0.0,0.1,93.1,0.0,3.1,0.2,0.0,0.0,3.6
2023-06-20T21:00Z,12,272,0.0,0.3,63.0,0.0,32.0,0.5,0.0,0.0,4.2
2023-06-20T21:00Z,13,223,0.0,0.0,42.5,0.1,26.9,12.0,0.0,0.0,18.5
2023-06-20T21:00Z,14,235,0.0,0.0,52.2,0.1,35.6,0.0,0.0,0.0,12.1
2023-06-20T21:00Z,15,227,2.5,1.1,47.7,0.0,19.5,17.7,0.0,0.0,11.4
2023-06-20T21:00Z,16,146,2.8,0.2,34.4,3.9,3.8,22.9,0.0,0.0,32.0
2023-06-20T21:00Z,17,343,0.0,0.0,87.0,0.0,0.0,0.0,0.0,0.0,13.0
2023-06-20T21:00Z,18,225,2.4,0.9,48.8,0.4,16.6,17.2,0.0,0.0,13.7
2023-06-20T21:30Z,1,13,1.1,0.0,2.8,13.4,2.7,10.0,0.0,0.0,70.0
2023-06-20T21:30Z,2,53,4.9,0.0,12.0,0.0,11.3,56.6,0.0,0.0,15.3
2023-06-20T21:30Z,3,104,3.8,0.0,25.3,0.0,5.5,57.5,0.0,0.0,8.0
2023-06-20T21:30Z,4,39,2.6,0.0,8.8,0.0,32.9,52.1,0.0,0.0,3.6
2023-06-20T21:30Z,5,269,18.4,0.0,62.8,0.0,0.0,0.0,0.0,0.0,18.8
2023-06-20T21:30Z,6,147,2.0,0.3,35.2,0.0,4.9,31.1,0.0,0.0,26.4
2023-06-20T21:30Z,7,369,0.0,0.0,93.7,0.0,0.0,0.0,0.0,0.0,6.3
2023-06-20T21:30Z,8,319,0.4,1.3,75.4,0.0,7.4,7.5,0.0,0.0,8.0
2023-06-20T21:30Z,9,355,0.0,2.8,80.4,0.0,2.6,3.8,0.0,0.0,10.4
2023-06-20T21:30Z,10,202,0.0,0.0,30.9,0.0,17.3,26.6,0.0,0.0,25.2
2023-06-20T21:30Z,11,336,0.0,0.1,82.9,0.0,11.5,0.3,0.0,0.0,5.2
2023-06-20T21:30Z,12,273,0.0,0.3,63.0,0.0,31.4,0.7,0.0,0.0,4.5
2023-06-20T21:30Z,13,221,0.0,0.0,41.7,0.1,24.9,13.3,0.0,0.0,20.0
2023-06-20T21:30Z,14,238,0.0,0.0,53.1,0.1,33.0,0.0,0.0,0.0,13.8
2023-06-20T21:30Z,15,227,2.6,1.1,47.6,0.0,18.5,18.5,0.0,0.0,11.8
2023-06-20T21:30Z,16,140,2.9,0.2,32.9,3.5,3.7,25.3,0.0,0.0,31.5
2023-06-20T21:30Z,17,339,0.0,0.0,86.1,0.0,0.0,0.0,0.0,0.0,13.9
2023-06-20T21:30Z,18,223,2.5,0.9,48.6,0.4,15.6,18.0,0.0,0.0,14.1
2023-06-20T22:00Z,1,11,1.0,0.0,2.3,12.7,2.1,11.3,0.0,0.0,70.5
2023-06-20T22:00Z,2,51,4.9,0.0,11.4,0.0,10.2,58.2,0.0,0.0,15.3
2023-06-20T22:00Z,3,99,3.6,0.0,23.9,0.0,4.8,59.5,0.0,0.0,8.1
2023-06-20T22:00Z,4,37,2.6,0.0,8.4,0.0,32.0,53.3,0.0,0.0,3.7
2023-06-20T22:00Z,5,267,19.0,0.0,61.9,0.0,0.0,0.0,0.0,0.0,19.1
2023-06-20T22:00Z,6,132,2.1,0.3,31.5,0.0,4.3,32.8,0.0,0.0,29.0
2023-06-20T22:00Z,7,368,0.0,0.0,93.3,0.0,0.0,0.0,0.0,0.0,6.7
2023-06-20T22:00Z,8,314,0.6,1.2,74.5,0.0,6.5,8.5,0.0,0.0,8.7
2023-06-20T22:00Z,9,349,0.3,2.5,79.5,0.0,2.6,4.1,0.0,0.0,11.1
2023-06-20T22:00Z,10,196,0.0,0.0,28.9,0.0,17.6,27.1,0.0,0.0,26.4
2023-06-20T22:00Z,11,291,0.0,0.2,69.7,0.0,21.1,0.5,0.0,0.0,8.4
2023-06-20T22:00Z,12,277,0.0,0.4,64.2,0.0,29.0,0.9,0.0,0.0,5.4
2023-06-20T22:00Z,13,218,0.0,0.0,40.9,0.1,23.1,14.3,0.0,0.0,21.6
2023-06-20T22:00Z,14,241,0.0,0.0,55.1,0.2,29.6,0.0,0.0,0.0,15.1
2023-06-20T22:00Z,15,223,2.7,1.0,47.0,0.0,18.0,19.0,0.0,0.0,12.3
2023-06-20T22:00Z,16,146,2.9,0.2,34.4,3.0,3.5,25.8,0.0,0.0,30.2
2023-06-20T22:00Z,17,339,0.0,0.0,86.0,0.0,0.0,0.0,0.0,0.0,14.0
2023-06-20T22:00Z,18,219,2.5,0.8,48.2,0.4,15.2,18.5,0.0,0.0,14.5
2023-06-20T22:30Z,1,13,1.3,0.0,2.9,11.2,2.4,12.8,0.0,0.0,69.5
2023-06-20T22:30Z,2,51,4.9,0.0,11.4,0.0,9.4,59.1,0.0,0.0,15.2
2023-06-20T22:30Z,3,98,3.7,0.0,23.7,0.0,4.5,59.5,0.0,0.0,8.7
2023-06-20T22:30Z,4,40,2.7,0.0,9.0,0.0,29.7,54.8,0.0,0.0,3.8
2023-06-20T22:30Z,5,267,18.9,0.0,62.1,0.0,0.0,0.0,0.0,0.0,18.9
2023-06-20T22:30Z,6,116,2.0,0.2,27.8,0.0,3.6,35.0,0.0,0.0,31.3
2023-06-20T22:30Z,7,366,0.0,0.0,92.9,0.0,0.0,0.0,0.0,0.0,7.1
2023-06-20T22:30Z,8,310,0.5,1.1,73.8,0.0,6.2,9.5,0.0,0.0,8.9
2023-06-20T22:30Z,9,346,0.2,2.2,79.8,0.0,2.3,4.5,0.0,0.0,11.1
2023-06-20T22:30Z,10,187,0.0,0.0,26.6,0.0,17.6,27.7,0.0,0.0,28.1
2023-06-20T22:30Z,11,283,0.0,0.3,67.1,0.0,22.7,0.7,0.0,0.0,9.1
2023-06-20T22:30Z,12,280,0.0,0.3,65.6,0.0,27.4,1.1,0.0,0.0,5.5
2023-06-20T22:30Z,13,216,0.0,0.0,40.5,0.1,22.0,14.7,0.0,0.0,22.7
2023-06-20T22:30Z,14,248,0.0,0.0,57.1,0.2,27.2,0.0,0.0,0.0,15.5
2023-06-20T22:30Z,15,217,2.8,0.8,45.7,0.0,18.0,19.4,0.0,0.0,13.3
2023-06-20T22:30Z,16,132,3.2,0.2,30.8,2.7,3.3,28.2,0.0,0.0,31.6
2023-06-20T22:30Z,17,331,0.0,0.0,84.1,0.0,0.0,0.0,0.0,0.0,15.9
2023-06-20T22:30Z,18,215,2.7,0.7,46.7,0.3,15.1,19.0,0.0,0.0,15.5
2023-06-20T23:00Z,1,11,1.0,0.0,2.4,11.3,1.7,14.0,0.0,0.0,69.5
2023-06-20T23:00Z,2,53,5.1,0.0,11.8,0.0,8.5,59.3,0.0,0.0,15.3
2023-06-20T23:00Z,3,95,3.5,0.0,22.9,0.0,3.8,61.0,0.0,0.0,8.8
2023-06-20T23:00Z,4,43,2.9,0.0,9.7,0.0,26.4,57.1,0.0,0.0,3.9
2023-06-20T23:00Z,5,270,18.8,0.0,62.9,0.0,0.0,0.0,0.0,0.0,18.4
2023-06-20T23:00Z,6,105,2.1,0.1,25.1,0.0,3.4,35.7,0.0,0.0,33.5
2023-06-20T23:00Z,7,361,0.0,0.0,91.6,0.0,0.0,0.0,0.0,0.0,8.4
2023-06-20T23:00Z,8,295,0.7,0.8,69.6,0.0,7.7,10.6,0.0,0.0,10.6
2023-06-20T23:00Z,9,333,0.3,1.6,76.5,0.0,3.3,5.1,0.0,0.0,13.2
2023-06-20T23:00Z,10,184,0.0,0.0,26.4,0.0,17.1,28.6,0.0,0.0,27.9
2023-06-20T23:00Z,11,281,0.0,0.2,66.8,0.0,22.1,1.0,0.0,0.0,9.8
2023-06-20T23:00Z,12,279,0.0,0.2,65.1,0.0,27.2,1.2,0.0,0.0,6.1
2023-06-20T23:00Z,13,212,0.0,0.0,39.8,0.1,22.1,15.5,0.0,0.0,22.4
2023-06-20T23:00Z,14,244,0.0,0.0,56.1,0.2,28.2,0.0,0.0,0.0,15.5
2023-06-20T23:00Z,15,214,2.9,0.6,45.2,0.0,17.1,20.6,0.0,0.0,13.6
2023-06-20T23:00Z,16,138,3.1,0.1,32.6,2.6,3.4,28.4,0.0,0.0,29.8
2023-06-20T23:00Z,17,331,0.0,0.0,83.9,0.0,0.0,0.0,0.0,0.0,16.1
2023-06-20T23:00Z,18,211,2.7,0.5,46.4,0.3,14.4,20.1,0.0,0.0,15.6
2023-06-20T23:30Z,1,11,1.1,0.0,2.4,11.1,1.7,14.1,0.0,0.0,69.6
2023-06-20T23:30Z,2,47,4.9,0.0,10.5,0.0,7.5,61.7,0.0,0.0,15.3
2023-06-20T23:30Z,3,90,3.2,0.0,21.8,0.0,3.5,62.3,0.0,0.0,9.3
2023-06-20T23:30Z,4,32,2.4,0.0,7.3,0.0,25.4,61.6,0.0,0.0,3.4
2023-06-20T23:30Z,5,265,19.9,0.0,61.1,0.0,0.0,0.0,0.0,0.0,19.0
2023-06-20T23:30Z,6,93,2.1,0.1,22.5,0.0,3.0,35.7,0.0,0.0,36.7
2023-06-20T23:30Z,7,362,0.0,0.0,91.9,0.0,0.0,0.0,0.0,0.0,8.1
2023-06-20T23:30Z,8,287,1.1,0.5,68.6,0.0,6.8,11.5,0.0,0.0,11.5
2023-06-20T23:30Z,9,319,1.0,1.0,74.1,0.0,3.4,5.4,0.0,0.0,15.0
2023-06-20T23:30Z,10,179,0.0,0.0,24.6,0.0,17.5,28.5,0.0,0.0,29.4
2023-06-20T23:30Z,11,273,0.1,0.1,64.9,0.0,23.0,1.1,0.0,0.0,10.7
2023-06-20T23:30Z,12,277,0.1,0.1,65.1,0.1,26.5,1.3,0.0,0.0,6.7
2023-06-20T23:30Z,13,204,0.0,0.0,37.4,0.1,22.0,15.9,0.0,0.0,24.6
2023-06-20T23:30Z,14,234,0.0,0.0,54.2,0.2,27.7,0.0,0.0,0.0,17.9
2023-06-20T23:30Z,15,211,3.0,0.5,44.4,0.0,16.4,20.9,0.0,0.0,14.7
2023-06-20T23:30Z,16,137,3.3,0.1,32.3,2.6,2.7,29.0,0.0,0.0,30.0
2023-06-20T23:30Z,17,330,0.0,0.0,83.8,0.0,0.0,0.0,0.0,0.0,16.2
2023-06-20T23:30Z,18,207,2.8,0.4,45.7,0.3,13.7,20.4,0.0,0.0,16.5
2023-06-21T00:00Z,1,12,1.2,0.0,2.6,10.3,0.4,15.1,0.0,0.0,70.5
2023-06-21T00:00Z,2,60,5.9,0.0,13.3,0.0,1.8,61.4,0.0,0.0,17.5
2023-06-21T00:00Z,3,97,3.5,0.0,23.5,0.0,0.5,61.4,0.0,0.0,11.1
2023-06-21T00:00Z,4,76,5.7,0.0,17.6,0.0,7.8,61.9,0.0,0.0,7.0
2023-06-21T00:00Z,5,262,19.8,0.0,60.5,0.0,0.0,0.0,0.0,0.0,19.7
2023-06-21T00:00Z,6,100,1.8,0.0,24.4,0.0,1.3,33.1,0.0,0.0,39.3
2023-06-21T00:00Z,7,361,0.0,0.0,91.6,0.0,0.0,0.0,0.0,0.0,8.4
2023-06-21T00:00Z,8,283,0.6,0.3,68.1,0.0,6.8,12.1,0.0,0.0,12.1
2023-06-21T00:00Z,9,309,0.3,0.6,72.3,0.0,3.9,6.2,0.0,0.0,16.7
2023-06-21T00:00Z,10,176,0.0,0.0,25.2,0.0,16.2,28.9,0.0,0.0,29.8
2023-06-21T00:00Z,11,259,0.0,0.1,61.1,0.0,25.8,1.2,0.0,0.0,11.7
2023-06-21T00:00Z,12,274,0.0,0.1,64.5,0.1,27.3,1.4,0.0,0.0,6.7
2023-06-21T00:00Z,13,204,0.0,0.0,38.7,0.1,20.5,15.9,0.0,0.0,24.7
2023-06-21T00:00Z,14,238,0.0,0.0,55.9,0.2,26.0,0.0,0.0,0.0,17.9
2023-06-21T00:00Z,15,212,3.2,0.5,44.8,0.0,14.8,21.0,0.0,0.0,15.8
2023-06-21T00:00Z,16,133,3.3,0.1,31.9,2.6,1.6,30.1,0.0,0.0,30.5
2023-06-21T00:00Z,17,330,0.0,0.0,83.6,0.0,0.0,0.0,0.0,0.0,16.4
2023-06-21T00:00Z,18,207,3.0,0.4,46.0,0.3,12.4,20.6,0.0,0.0,17.4
2023-06-21T00:30Z,1,15,1.5,0.0,3.5,9.3,0.2,16.0,0.0,0.0,69.5
2023-06-21T00:30Z,2,62,5.9,0.0,13.8,0.0,0.8,61.3,0.0,0.0,18.1
2023-06-21T00:30Z,3,98,3.6,0.0,23.7,0.0,0.2,59.9,0.0,0.0,12.6
2023-06-21T00:30Z,4,82,6.1,0.0,19.0,0.0,3.5,63.7,0.0,0.0,7.8
2023-06-21T00:30Z,5,261,19.4,0.0,60.2,0.0,0.0,0.0,0.0,0.0,20.4
2023-06-21T00:30Z,6,95,1.7,0.0,23.1,0.0,1.2,32.5,0.0,0.0,41.6
2023-06-21T00:30Z,7,360,0.0,0.0,91.3,0.0,0.0,0.0,0.0,0.0,8.7
2023-06-21T00:30Z,8,276,0.5,0.2,66.3,0.0,7.3,13.2,0.0,0.0,12.5
2023-06-21T00:30Z,9,302,0.3,0.4,70.5,0.0,4.2,6.9,0.0,0.0,17.7
2023-06-21T00:30Z,10,174,0.0,0.0,24.3,0.0,16.6,28.9,0.0,0.0,30.2
2023-06-21T00:30Z,11,265,0.0,0.0,62.7,0.0,24.7,1.2,0.0,0.0,11.3
2023-06-21T00:30Z,12,274,0.0,0.0,64.7,0.1,27.3,1.5,0.0,0.0,6.4
2023-06-21T00:30Z,13,200,0.0,0.0,37.9,0.1,21.5,16.2,0.0,0.0,24.4
2023-06-21T00:30Z,14,235,0.0,0.0,54.6,0.2,27.6,0.0,0.0,0.0,17.6
2023-06-21T00:30Z,15,213,3.2,0.4,45.4,0.0,13.7,21.3,0.0,0.0,16.0
2023-06-21T00:30Z,16,133,3.3,0.1,31.9,2.5,1.4,30.9,0.0,0.0,29.9
2023-06-21T00:30Z,17,327,0.0,0.0,83.0,0.0,0.0,0.0,0.0,0.0,17.0
2023-06-21T00:30Z,18,207,3.0,0.4,46.4,0.3,11.5,20.9,0.0,0.0,17.5
2023-06-21T01:00Z,1,18,1.8,0.0,4.0,8.2,0.3,17.8,0.0,0.0,67.9
2023-06-21T01:00Z,2,59,5.7,0.0,13.3,0.0,1.0,62.0,0.0,0.0,18.0
2023-06-21T01:00Z,3,97,3.4,0.0,23.7,0.0,0.3,59.2,0.0,0.0,13.5
2023-06-21T01:00Z,4,77,5.4,0.0,17.9,0.0,4.0,65.6,0.0,0.0,7.2
2023-06-21T01:00Z,5,264,18.5,0.0,61.3,0.0,0.0,0.0,0.0,0.0,20.3
2023-06-21T01:00Z,6,74,2.0,0.0,17.9,0.0,0.6,32.6,0.0,0.0,46.9
2023-06-21T01:00Z,7,342,0.0,0.0,86.8,0.0,0.0,0.4,0.0,0.0,12.8
2023-06-21T01:00Z,8,251,1.5,0.2,58.7,0.0,9.7,14.6,0.0,0.0,15.3
2023-06-21T01:00Z,9,289,1.5,0.4,66.9,0.0,4.4,7.3,0.0,0.0,19.6
2023-06-21T01:00Z,10,173,0.0,0.0,24.4,0.0,16.3,29.3,0.0,0.0,29.9
2023-06-21T01:00Z,11,294,0.1,0.0,71.3,0.0,18.1,1.1,0.0,0.0,9.4
2023-06-21T01:00Z,12,268,0.1,0.0,62.8,0.1,28.8,1.5,0.0,0.0,6.8
2023-06-21T01:00Z,13,200,0.0,0.0,37.9,0.1,21.4,16.3,0.0,0.0,24.3
2023-06-21T01:00Z,14,235,0.0,0.0,54.6,0.2,27.7,0.0,0.0,0.0,17.5
2023-06-21T01:00Z,15,207,3.2,0.4,43.5,0.0,14.5,22.0,0.0,0.0,16.3
2023-06-21T01:00Z,16,114,3.6,0.1,26.7,2.5,2.2,33.7,0.0,0.0,31.2
2023-06-21T01:00Z,17,305,0.0,0.0,77.4,0.0,0.0,0.0,0.0,0.0,22.6
2023-06-21T01:00Z,18,200,3.0,0.4,44.1,0.3,12.2,21.7,0.0,0.0,18.3
2023-06-21T01:30Z,1,20,2.0,0.0,4.6,7.7,0.3,19.8,0.0,0.0,65.5
2023-06-21T01:30Z,2,57,5.6,0.0,12.8,0.0,0.9,62.5,0.0,0.0,18.1
2023-06-21T01:30Z,3,96,3.2,0.0,23.3,0.0,0.3,58.6,0.0,0.0,14.7
2023-06-21T01:30Z,4,73,5.1,0.0,16.9,0.0,3.7,67.1,0.0,0.0,7.3
2023-06-21T01:30Z,5,261,18.2,0.0,60.7,0.0,0.0,0.0,0.0,0.0,21.1
2023-06-21T01:30Z,6,75,1.8,0.0,18.3,0.0,0.3,30.2,0.0,0.0,49.4
2023-06-21T01:30Z,7,336,0.0,0.0,85.2,0.0,0.1,0.9,0.0,0.0,13.8
2023-06-21T01:30Z,8,243,1.6,0.1,56.8,0.0,10.3,15.4,0.0,0.0,15.8
2023-06-21T01:30Z,9,286,1.6,0.2,66.3,0.0,4.5,7.3,0.0,0.0,20.2
2023-06-21T01:30Z,10,174,0.0,0.0,24.6,0.0,16.5,29.5,0.0,0.0,29.4
2023-06-21T01:30Z,11,291,0.1,0.0,70.5,0.0,18.8,1.0,0.0,0.0,9.6
2023-06-21T01:30Z,12,264,0.1,0.0,61.6,0.1,30.1,1.6,0.0,0.0,6.5
2023-06-21T01:30Z,13,202,0.0,0.0,38.3,0.1,21.2,16.7,0.0,0.0,23.7
2023-06-21T01:30Z,14,239,0.0,0.0,55.5,0.2,27.1,0.2,0.0,0.0,17.0
2023-06-21T01:30Z,15,204,3.3,0.5,42.8,0.0,13.6,22.3,0.0,0.0,17.4
2023-06-21T01:30Z,16,112,3.6,0.1,26.4,2.5,1.6,35.0,0.0,0.0,30.8
2023-06-21T01:30Z,17,304,0.0,0.0,77.1,0.0,0.0,0.0,0.0,0.0,22.9
2023-06-21T01:30Z,18,197,3.1,0.4,43.4,0.3,11.4,22.2,0.0,0.0,19.2
2023-06-21T02:00Z,1,21,2.1,0.0,4.7,7.5,0.3,21.9,0.0,0.0,63.6
2023-06-21T02:00Z,2,55,5.5,0.0,12.4,0.0,0.8,63.0,0.0,0.0,18.3
2023-06-21T02:00Z,3,101,3.5,0.0,24.6,0.0,0.3,54.8,0.0,0.0,16.9
2023-06-21T02:00Z,4,77,5.2,0.0,17.9,0.0,3.3,65.8,0.0,0.0,7.7
2023-06-21T02:00Z,5,261,17.8,0.0,60.9,0.0,0.0,0.0,0.0,0.0,21.4
2023-06-21T02:00Z,6,70,1.9,0.0,17.1,0.0,0.2,28.6,0.0,0.0,52.2
2023-06-21T02:00Z,7,319,0.2,0.0,80.4,0.0,1.4,1.4,0.0,0.0,16.6
2023-06-21T02:00Z,8,241,1.6,0.0,56.7,0.0,9.5,15.9,0.0,0.0,16.3
2023-06-21T02:00Z,9,287,1.6,0.1,67.3,0.0,4.2,6.9,0.0,0.0,19.9
2023-06-21T02:00Z,10,174,0.0,0.0,24.8,0.0,16.3,29.5,0.0,0.0,29.4
2023-06-21T02:00Z,11,310,0.1,0.0,76.1,0.0,14.4,0.9,0.0,0.0,8.5
2023-06-21T02:00Z,12,269,0.1,0.0,63.0,0.1,28.4,1.6,0.0,0.0,6.7
2023-06-21T02:00Z,13,200,0.0,0.0,38.0,0.1,21.3,17.3,0.0,0.0,23.4
2023-06-21T02:00Z,14,237,0.0,0.0,54.8,0.2,27.7,0.7,0.0,0.0,16.6
2023-06-21T02:00Z,15,203,3.4,0.5,42.7,0.0,13.1,22.3,0.0,0.0,18.0
2023-06-21T02:00Z,16,97,3.7,0.1,22.5,2.6,1.7,37.8,0.0,0.0,31.7
2023-06-21T02:00Z,17,284,0.0,0.0,72.2,0.0,0.0,0.0,0.0,0.0,27.8
2023-06-21T02:00Z,18,196,3.2,0.4,42.6,0.3,11.0,22.4,0.0,0.0,20.1
