from,regions.regionid,regions.intensity.forecast,biomass,coal,gas,hydro,imports,nuclear,other,solar,wind
2023-04-27T05:30Z,1,48,0.0,0.0,12.1,22.0,0.3,0.4,0.0,0.0,65.3
2023-04-27T05:30Z,2,76,1.5,0.0,5.7,0.0,15.7,44.9,0.0,0.1,32.2
2023-04-27T05:30Z,3,65,0.4,0.0,15.7,0.0,4.5,55.8,0.0,0.0,23.6
2023-04-27T05:30Z,4,7,3.9,0.0,0.0,0.0,44.9,49.3,0.0,0.2,1.7
2023-04-27T05:30Z,5,207,39.6,0.0,40.4,0.0,5.4,8.2,0.0,0.1,6.2
2023-04-27T05:30Z,6,95,0.4,0.0,21.6,0.0,5.0,33.8,0.0,0.0,39.1
2023-04-27T05:30Z,7,374,0.0,0.0,94.9,0.0,0.0,0.0,0.0,0.0,5.1
2023-04-27T05:30Z,8,244,1.2,0.0,61.0,0.0,2.0,21.5,0.0,0.0,14.3
2023-04-27T05:30Z,9,340,9.4,0.0,83.3,0.0,1.3,1.8,0.0,0.0,4.2
2023-04-27T05:30Z,10,331,3.5,0.0,64.4,0.0,14.8,0.6,0.0,0.2,16.6
2023-04-27T05:30Z,11,382,0.0,0.0,96.9,0.0,0.0,0.0,0.0,0.0,3.1
2023-04-27T05:30Z,12,335,3.4,0.0,83.8,0.0,1.0,5.9,0.0,0.0,5.9
2023-04-27T05:30Z,13,333,2.4,0.0,75.6,0.1,6.7,1.3,0.0,0.1,13.8
2023-04-27T05:30Z,14,332,0.0,0.0,83.9,0.3,0.2,0.0,0.0,0.1,15.4
2023-04-27T05:30Z,15,254,6.3,0.0,58.0,0.5,6.9,14.7,0.0,0.0,13.6
2023-04-27T05:30Z,16,132,0.8,0.0,22.2,6.7,12.9,23.6,0.0,0.0,33.8
2023-04-27T05:30Z,17,335,0.0,0.0,85.0,0.9,0.0,0.0,0.0,0.0,14.0
2023-04-27T05:30Z,18,246,5.4,0.0,55.8,1.2,7.1,14.8,0.0,0.0,15.7
2023-04-27T06:00Z,1,55,0.0,0.0,14.0,20.5,0.0,0.3,0.0,0.0,65.2
2023-04-27T06:00Z,2,75,1.4,0.0,5.5,0.2,15.6,42.8,0.0,0.1,34.4
2023-04-27T06:00Z,3,60,0.4,0.0,14.3,0.0,4.7,54.9,0.0,0.1,25.6
2023-04-27T06:00Z,4,7,4.0,0.0,0.0,0.0,46.5,47.4,0.0,0.3,1.9
2023-04-27T06:00Z,5,214,38.6,0.0,42.6,0.0,5.1,7.3,0.0,0.2,6.2
2023-04-27T06:00Z,6,90,0.4,0.0,20.1,0.1,5.1,32.6,0.0,0.1,41.7
2023-04-27T06:00Z,7,372,0.0,0.0,94.5,0.0,0.0,0.0,0.0,0.0,5.5
2023-04-27T06:00Z,8,239,1.4,0.0,59.8,0.0,2.2,20.7,0.0,0.1,15.8
2023-04-27T06:00Z,9,341,8.6,0.0,84.0,0.0,1.2,1.7,0.0,0.1,4.4
2023-04-27T06:00Z,10,328,2.6,0.0,62.2,0.0,15.9,0.6,0.0,0.5,18.2
2023-04-27T06:00Z,11,378,0.0,0.0,96.0,0.0,0.0,0.0,0.0,0.0,4.0
2023-04-27T06:00Z,12,332,3.3,0.0,83.2,0.0,0.9,6.0,0.0,0.0,6.5
2023-04-27T06:00Z,13,329,1.9,0.0,73.1,0.1,7.9,1.4,0.0,0.3,15.4
2023-04-27T06:00Z,14,329,0.0,0.0,83.5,0.4,0.1,0.0,0.0,0.1,15.9
2023-04-27T06:00Z,15,252,6.2,0.0,57.6,0.5,7.0,14.1,0.0,0.1,14.5
2023-04-27T06:00Z,16,115,0.7,0.0,17.5,7.2,13.3,24.6,0.0,0.1,36.6
2023-04-27T06:00Z,17,330,0.0,0.0,83.8,0.7,0.0,0.0,0.0,0.0,15.5
2023-04-27T06:00Z,18,244,5.3,0.0,55.0,1.2,7.3,14.4,0.0,0.1,16.8
2023-04-27T06:30Z,1,59,0.0,0.0,15.1,17.9,0.0,0.3,0.0,0.0,66.8
2023-04-27T06:30Z,2,72,1.2,0.0,5.6,1.0,14.5,40.9,0.0,0.2,36.6
2023-04-27T06:30Z,3,55,0.4,0.0,13.0,0.1,4.8,54.6,0.0,0.1,27.0
2023-04-27T06:30Z,4,8,4.2,0.0,0.0,0.0,46.6,46.7,0.0,0.5,2.0
2023-04-27T06:30Z,5,217,37.4,0.0,43.6,0.0,5.1,7.1,0.0,0.3,6.4
2023-04-27T06:30Z,6,76,0.4,0.0,16.6,0.3,5.2,32.9,0.0,0.1,44.5
2023-04-27T06:30Z,7,370,0.0,0.0,94.0,0.0,0.0,0.0,0.0,0.0,6.0
2023-04-27T06:30Z,8,223,1.6,0.0,55.4,0.1,2.6,22.0,0.0,0.1,18.2
2023-04-27T06:30Z,9,337,9.2,0.0,82.8,0.0,1.3,1.7,0.0,0.1,4.9
2023-04-27T06:30Z,10,324,2.6,0.0,60.8,0.0,16.2,0.5,0.0,0.9,19.0
2023-04-27T06:30Z,11,376,0.0,0.0,95.4,0.0,0.0,0.0,0.0,0.0,4.6
2023-04-27T06:30Z,12,323,3.8,0.0,80.7,0.0,1.2,6.2,0.0,0.1,7.9
2023-04-27T06:30Z,13,322,1.9,0.0,71.1,0.2,8.1,1.4,0.0,0.5,16.8
2023-04-27T06:30Z,14,322,0.0,0.0,81.7,0.5,0.0,0.0,0.0,0.3,17.5
2023-04-27T06:30Z,15,248,6.3,0.0,56.3,0.4,7.3,14.1,0.0,0.2,15.4
2023-04-27T06:30Z,16,109,0.7,0.0,16.4,6.9,12.8,25.4,0.0,0.1,37.8
2023-04-27T06:30Z,17,330,0.0,0.0,83.7,0.3,0.0,0.0,0.0,0.0,16.1
2023-04-27T06:30Z,18,239,5.3,0.0,53.9,1.1,7.4,14.4,0.0,0.2,17.8
2023-04-27T07:00Z,1,135,0.0,0.0,34.4,15.5,0.0,0.2,0.0,0.0,50.0
2023-04-27T07:00Z,2,82,0.8,0.0,10.9,1.6,11.3,35.7,0.0,0.2,39.6
2023-04-27T07:00Z,3,56,0.4,0.0,13.0,0.1,5.0,53.4,0.0,0.2,27.9
2023-04-27T07:00Z,4,8,4.3,0.0,0.1,0.0,45.8,46.6,0.0,0.7,2.5
2023-04-27T07:00Z,5,215,35.2,0.0,43.6,0.0,5.7,7.6,0.0,0.5,7.4
2023-04-27T07:00Z,6,71,0.4,0.0,15.2,0.5,4.9,32.4,0.0,0.1,46.5
2023-04-27T07:00Z,7,370,0.0,0.0,93.8,0.0,0.0,0.0,0.0,0.0,6.2
2023-04-27T07:00Z,8,211,1.5,0.0,52.4,0.1,2.8,22.8,0.0,0.2,20.2
2023-04-27T07:00Z,9,331,9.3,0.0,81.1,0.0,1.5,1.9,0.0,0.2,5.9
2023-04-27T07:00Z,10,313,2.6,0.0,57.9,0.0,16.4,0.6,0.0,1.4,21.1
2023-04-27T07:00Z,11,374,0.0,0.0,94.8,0.0,0.0,0.0,0.0,0.0,5.2
2023-04-27T07:00Z,12,315,3.9,0.0,78.5,0.1,1.9,6.6,0.0,0.2,8.9
2023-04-27T07:00Z,13,313,1.9,0.0,68.5,0.2,8.4,1.4,0.0,0.9,18.7
2023-04-27T07:00Z,14,313,0.0,0.0,79.5,0.6,0.0,0.0,0.0,0.5,19.5
2023-04-27T07:00Z,15,244,6.4,0.0,55.3,0.4,7.2,14.2,0.0,0.4,16.1
2023-04-27T07:00Z,16,101,0.7,0.0,16.9,6.0,9.8,25.3,0.0,0.1,41.2
2023-04-27T07:00Z,17,328,0.0,0.0,83.2,0.1,0.0,0.1,0.0,0.0,16.6
2023-04-27T07:00Z,18,234,5.4,0.0,52.9,1.0,7.1,14.6,0.0,0.3,18.8
2023-04-27T07:30Z,1,115,0.0,0.0,29.1,12.4,0.0,0.0,0.0,0.0,58.5
2023-04-27T07:30Z,2,75,0.7,0.0,9.3,2.1,10.9,34.7,0.0,0.2,42.1
2023-04-27T07:30Z,3,53,0.4,0.0,12.4,0.2,5.2,52.7,0.0,0.3,28.8
2023-04-27T07:30Z,4,8,4.0,0.0,0.0,0.1,45.8,46.6,0.0,0.9,2.6
2023-04-27T07:30Z,5,209,35.4,0.0,42.0,0.0,5.6,8.3,0.0,0.6,8.0
2023-04-27T07:30Z,6,64,0.4,0.0,13.7,0.7,4.8,32.0,0.0,0.2,48.2
2023-04-27T07:30Z,7,367,0.0,0.0,93.1,0.0,0.0,0.0,0.0,0.0,6.9
2023-04-27T07:30Z,8,199,1.7,0.0,49.3,0.2,2.9,24.5,0.0,0.3,21.2
2023-04-27T07:30Z,9,328,9.1,0.0,80.4,0.0,1.5,2.1,0.0,0.4,6.5
2023-04-27T07:30Z,10,304,2.5,0.0,55.6,0.0,16.4,0.6,0.0,2.0,22.9
2023-04-27T07:30Z,11,370,0.0,0.0,94.0,0.0,0.0,0.0,0.0,0.0,6.0
2023-04-27T07:30Z,12,311,4.0,0.0,77.5,0.1,1.9,6.9,0.0,0.3,9.4
2023-04-27T07:30Z,13,305,1.8,0.0,66.4,0.2,8.5,1.4,0.0,1.3,20.3
2023-04-27T07:30Z,14,307,0.0,0.0,77.8,0.6,0.0,0.0,0.0,0.8,20.8
2023-04-27T07:30Z,15,238,6.2,0.0,53.8,0.4,7.5,14.4,0.0,0.6,17.2
2023-04-27T07:30Z,16,91,0.6,0.0,14.1,5.7,10.1,25.9,0.0,0.2,43.5
2023-04-27T07:30Z,17,317,0.0,0.0,80.5,0.2,0.0,0.1,0.0,0.0,19.1
2023-04-27T07:30Z,18,226,5.2,0.0,51.1,0.9,7.3,14.8,0.0,0.5,20.1
2023-04-27T08:00Z,1,117,0.0,0.0,29.6,11.4,0.0,0.0,0.0,0.0,59.0
2023-04-27T08:00Z,2,75,0.6,0.0,10.2,2.1,10.0,32.8,0.0,0.3,44.0
2023-04-27T08:00Z,3,44,0.4,0.0,9.8,0.2,5.5,53.4,0.0,0.4,30.3
2023-04-27T08:00Z,4,13,3.9,0.0,0.7,0.1,43.3,45.2,0.0,1.1,5.7
2023-04-27T08:00Z,5,175,38.7,0.0,32.4,0.0,7.1,9.4,0.0,1.0,11.3
2023-04-27T08:00Z,6,60,0.4,0.0,12.7,0.7,4.8,31.2,0.0,0.2,50.1
2023-04-27T08:00Z,7,364,0.0,0.0,92.3,0.0,0.0,0.0,0.0,0.0,7.7
2023-04-27T08:00Z,8,177,1.8,0.0,43.5,0.2,3.4,26.2,0.0,0.4,24.5
2023-04-27T08:00Z,9,318,9.2,0.0,77.9,0.0,1.7,2.5,0.0,0.6,8.1
2023-04-27T08:00Z,10,288,2.4,0.0,50.8,0.0,17.1,0.6,0.0,2.9,26.1
2023-04-27T08:00Z,11,369,0.0,0.0,93.7,0.0,0.0,0.0,0.0,0.0,6.3
2023-04-27T08:00Z,12,301,3.9,0.0,74.7,0.1,3.0,7.4,0.0,0.4,10.5
2023-04-27T08:00Z,13,295,1.7,0.0,63.7,0.2,8.8,1.4,0.0,1.9,22.3
2023-04-27T08:00Z,14,302,0.0,0.0,76.5,0.6,0.0,0.0,0.0,1.2,21.7
2023-04-27T08:00Z,15,227,6.5,0.0,50.8,0.4,7.9,14.7,0.0,0.9,18.8
2023-04-27T08:00Z,16,76,0.6,0.0,10.9,5.5,9.5,26.0,0.0,0.2,47.3
2023-04-27T08:00Z,17,303,0.0,0.0,76.8,0.3,0.1,0.3,0.0,0.0,22.5
2023-04-27T08:00Z,18,215,5.4,0.0,48.1,0.9,7.6,15.0,0.0,0.8,22.2
2023-04-27T08:30Z,1,98,0.0,0.0,24.9,10.9,0.0,0.0,0.0,0.0,64.2
2023-04-27T08:30Z,2,65,0.5,0.0,9.1,2.1,8.4,32.2,0.0,0.4,47.3
2023-04-27T08:30Z,3,39,0.4,0.0,8.7,0.3,5.4,53.9,0.0,0.5,30.7
2023-04-27T08:30Z,4,14,3.7,0.0,0.9,0.2,41.5,44.7,0.0,1.3,7.6
2023-04-27T08:30Z,5,170,35.7,0.0,31.9,0.1,7.6,10.4,0.0,1.2,13.1
2023-04-27T08:30Z,6,53,0.3,0.0,11.2,0.7,4.4,30.6,0.0,0.3,52.4
2023-04-27T08:30Z,7,364,0.0,0.0,92.3,0.0,0.0,0.0,0.0,0.0,7.7
2023-04-27T08:30Z,8,163,1.6,0.0,39.9,0.3,3.4,27.5,0.0,0.6,26.7
2023-04-27T08:30Z,9,305,10.0,0.0,74.2,0.0,2.2,2.8,0.0,1.0,9.8
2023-04-27T08:30Z,10,273,2.7,0.0,46.2,0.0,17.7,0.7,0.0,3.9,28.9
2023-04-27T08:30Z,11,367,0.0,0.0,93.2,0.0,0.0,0.0,0.0,0.0,6.8
2023-04-27T08:30Z,12,289,4.2,0.0,71.6,0.1,3.4,7.7,0.0,0.6,12.4
2023-04-27T08:30Z,13,282,2.0,0.0,59.9,0.2,9.2,1.4,0.0,2.6,24.6
2023-04-27T08:30Z,14,291,0.0,0.0,73.8,0.6,0.0,0.0,0.0,1.8,23.8
2023-04-27T08:30Z,15,218,6.7,0.0,48.1,0.4,8.3,14.6,0.0,1.3,20.6
2023-04-27T08:30Z,16,65,0.6,0.0,8.9,5.3,8.6,25.9,0.0,0.3,50.3
2023-04-27T08:30Z,17,296,0.0,0.0,75.1,0.4,0.1,0.5,0.0,0.0,23.9
2023-04-27T08:30Z,18,205,5.6,0.0,45.5,0.9,7.8,15.0,0.0,1.1,24.1
2023-04-27T09:00Z,1,87,0.0,0.0,22.0,10.2,0.0,0.0,0.0,0.0,67.7
2023-04-27T09:00Z,2,61,0.5,0.0,8.6,2.0,7.8,30.3,0.0,0.4,50.4
2023-04-27T09:00Z,3,30,0.5,0.0,6.5,0.3,4.9,54.3,0.0,0.6,33.0
2023-04-27T09:00Z,4,16,3.9,0.0,1.3,0.3,37.2,45.2,0.0,1.6,10.6
2023-04-27T09:00Z,5,145,36.4,0.0,25.3,0.1,7.5,11.6,0.0,1.7,17.6
2023-04-27T09:00Z,6,41,0.3,0.0,8.3,0.7,4.0,29.8,0.0,0.4,56.6
2023-04-27T09:00Z,7,359,0.0,0.0,91.2,0.0,0.0,0.0,0.0,0.0,8.8
2023-04-27T09:00Z,8,154,1.5,0.0,37.8,0.3,3.0,28.1,0.0,0.8,28.5
2023-04-27T09:00Z,9,294,9.5,0.0,71.6,0.0,2.0,3.1,0.0,1.5,12.2
2023-04-27T09:00Z,10,258,2.0,0.0,41.8,0.0,18.2,0.7,0.0,4.8,32.5
2023-04-27T09:00Z,11,363,0.0,0.0,92.2,0.0,0.0,0.0,0.0,0.0,7.8
2023-04-27T09:00Z,12,274,3.9,0.0,67.9,0.1,4.9,8.6,0.0,1.0,13.6
2023-04-27T09:00Z,13,261,1.6,0.0,52.9,0.2,10.6,1.5,0.0,3.7,29.4
2023-04-27T09:00Z,14,260,0.0,0.0,65.9,0.6,0.0,0.0,0.0,3.1,30.4
2023-04-27T09:00Z,15,203,6.9,0.0,43.9,0.3,9.0,15.0,0.0,1.8,23.0
2023-04-27T09:00Z,16,59,0.5,0.0,8.0,4.8,7.8,25.6,0.0,0.4,53.0
2023-04-27T09:00Z,17,281,0.0,0.0,71.2,0.6,0.2,0.8,0.0,0.0,27.2
2023-04-27T09:00Z,18,190,5.8,0.0,41.6,0.9,8.3,15.3,0.0,1.6,26.6
2023-04-27T09:30Z,1,38,0.0,0.0,9.7,8.7,0.0,0.0,0.0,0.0,81.6
2023-04-27T09:30Z,2,47,0.6,0.0,5.6,1.7,7.0,30.3,0.0,0.6,54.2
2023-04-27T09:30Z,3,30,0.5,0.0,6.6,0.3,3.9,54.7,0.0,0.7,33.3
2023-04-27T09:30Z,4,16,4.2,0.0,1.0,0.3,32.1,47.1,0.0,1.9,13.3
2023-04-27T09:30Z,5,140,36.6,0.0,23.9,0.1,6.0,11.9,0.0,1.9,19.5
2023-04-27T09:30Z,6,41,0.3,0.0,8.5,0.6,3.2,29.6,0.0,0.4,57.4
2023-04-27T09:30Z,7,355,0.0,0.0,90.2,0.0,0.0,0.0,0.0,0.0,9.8
2023-04-27T09:30Z,8,142,1.6,0.0,34.8,0.2,2.6,29.0,0.0,1.0,30.7
2023-04-27T09:30Z,9,282,10.6,0.0,68.1,0.0,1.8,3.3,0.0,2.0,14.1
2023-04-27T09:30Z,10,236,2.3,0.0,34.9,0.0,19.0,0.7,0.0,6.0,37.0
2023-04-27T09:30Z,11,359,0.0,0.0,91.1,0.0,0.0,0.0,0.0,0.0,8.8
2023-04-27T09:30Z,12,252,4.7,0.0,61.9,0.1,6.0,9.2,0.0,1.4,16.6
2023-04-27T09:30Z,13,241,1.8,0.0,47.2,0.2,11.1,1.6,0.0,4.9,33.2
2023-04-27T09:30Z,14,245,0.0,0.0,62.3,0.5,0.0,0.0,0.0,4.3,32.9
2023-04-27T09:30Z,15,197,6.8,0.0,42.3,0.3,8.6,15.4,0.0,2.4,24.3
2023-04-27T09:30Z,16,48,0.5,0.0,6.4,3.6,6.6,25.0,0.0,0.4,57.5
2023-04-27T09:30Z,17,260,0.0,0.0,65.8,0.7,0.3,1.2,0.0,0.0,32.0
2023-04-27T09:30Z,18,179,5.6,0.0,39.6,0.7,7.9,15.6,0.0,2.0,28.6
2023-04-27T10:00Z,1,54,0.0,0.0,13.7,6.8,0.0,0.0,0.0,0.0,79.5
2023-04-27T10:00Z,2,48,0.5,0.0,6.3,1.3,6.6,29.0,0.0,0.6,55.7
2023-04-27T10:00Z,3,25,0.4,0.0,5.3,0.2,3.0,54.6,0.0,0.8,35.6
2023-04-27T10:00Z,4,20,3.9,0.0,1.7,0.3,25.2,47.4,0.0,2.3,19.1
2023-04-27T10:00Z,5,123,36.9,0.0,19.6,0.1,5.0,12.0,0.0,2.3,24.1
2023-04-27T10:00Z,6,38,0.3,0.0,7.9,0.4,2.7,29.0,0.0,0.5,59.3
2023-04-27T10:00Z,7,354,0.0,0.0,89.7,0.0,0.0,0.0,0.0,0.0,10.3
2023-04-27T10:00Z,8,138,1.3,0.0,33.9,0.2,2.0,29.2,0.0,1.2,32.2
2023-04-27T10:00Z,9,263,10.8,0.0,63.3,0.0,1.5,3.4,0.0,2.6,18.4
2023-04-27T10:00Z,10,209,2.4,0.0,26.6,0.0,20.2,0.7,0.0,7.4,42.6
2023-04-27T10:00Z,11,356,0.0,0.0,90.3,0.0,0.0,0.1,0.0,0.0,9.5
2023-04-27T10:00Z,12,241,4.6,0.0,59.1,0.1,6.0,9.0,0.0,1.8,19.3
2023-04-27T10:00Z,13,221,1.9,0.0,42.1,0.2,11.2,1.5,0.0,6.1,37.1
2023-04-27T10:00Z,14,231,0.0,0.0,58.7,0.5,0.0,0.0,0.0,5.6,35.3
2023-04-27T10:00Z,15,183,6.8,0.0,38.6,0.2,8.4,15.8,0.0,3.1,27.1
2023-04-27T10:00Z,16,35,0.5,0.0,3.5,2.7,6.1,25.1,0.0,0.5,61.5
2023-04-27T10:00Z,17,237,0.0,0.0,59.8,0.8,0.4,1.5,0.0,0.1,37.4
2023-04-27T10:00Z,18,166,5.7,0.0,35.9,0.5,7.7,16.0,0.0,2.6,31.6
2023-04-27T10:30Z,1,29,0.0,0.0,7.5,4.7,0.0,0.0,0.0,0.0,87.9
2023-04-27T10:30Z,2,40,0.5,0.0,4.9,0.9,5.9,29.1,0.0,0.7,57.9
2023-04-27T10:30Z,3,10,0.4,0.0,1.5,0.2,2.3,56.0,0.0,1.0,38.8
2023-04-27T10:30Z,4,19,3.9,0.0,1.6,0.3,18.4,49.3,0.0,2.8,23.7
2023-04-27T10:30Z,5,127,37.7,0.0,20.4,0.1,2.9,11.2,0.0,2.5,25.2
2023-04-27T10:30Z,6,25,0.3,0.0,4.6,0.3,2.3,28.7,0.0,0.9,63.0
2023-04-27T10:30Z,7,347,0.0,0.0,88.1,0.0,0.0,0.0,0.0,0.0,11.9
2023-04-27T10:30Z,8,123,1.8,0.0,30.0,0.1,1.5,29.6,0.0,1.6,35.3
2023-04-27T10:30Z,9,252,11.1,0.0,60.4,0.0,0.9,3.4,0.0,3.1,21.2
2023-04-27T10:30Z,10,198,2.1,0.0,23.6,0.0,20.2,0.6,0.0,8.3,45.1
2023-04-27T10:30Z,11,347,0.2,0.0,87.9,0.0,0.4,0.1,0.0,0.1,11.3
2023-04-27T10:30Z,12,224,5.1,0.0,54.4,0.1,7.3,8.9,0.0,2.7,21.4
2023-04-27T10:30Z,13,210,1.5,0.0,38.2,0.2,11.8,1.2,0.0,7.2,40.0
2023-04-27T10:30Z,14,225,0.0,0.0,57.1,0.4,0.0,0.0,0.0,6.6,35.9
2023-04-27T10:30Z,15,172,7.0,0.0,35.4,0.2,7.8,15.9,0.0,3.7,30.0
2023-04-27T10:30Z,16,33,0.5,0.0,3.3,2.0,5.6,24.7,0.0,0.6,63.3
2023-04-27T10:30Z,17,234,0.0,0.0,59.0,0.5,0.5,1.8,0.0,0.1,38.0
2023-04-27T10:30Z,18,156,5.8,0.0,33.2,0.4,7.2,16.0,0.0,3.1,34.2
2023-04-27T11:00Z,1,4,0.0,0.0,0.9,3.4,0.0,0.0,0.0,0.0,95.7
2023-04-27T11:00Z,2,34,0.5,0.0,3.4,0.7,5.7,29.1,0.0,0.8,59.6
2023-04-27T11:00Z,3,7,0.3,0.0,0.9,0.1,1.4,56.6,0.0,1.0,39.6
2023-04-27T11:00Z,4,19,4.2,0.0,1.3,0.2,11.3,51.3,0.0,3.4,28.2
2023-04-27T11:00Z,5,123,38.0,0.0,19.4,0.0,1.4,10.0,0.0,2.6,28.5
2023-04-27T11:00Z,6,26,0.2,0.0,5.1,0.2,1.8,27.8,0.0,1.4,63.5
2023-04-27T11:00Z,7,347,0.0,0.0,88.2,0.0,0.0,0.0,0.0,0.0,11.8
2023-04-27T11:00Z,8,125,1.8,0.0,30.6,0.1,1.0,29.0,0.0,2.0,35.6
2023-04-27T11:00Z,9,239,10.7,0.0,57.2,0.0,0.4,3.1,0.0,3.6,25.0
2023-04-27T11:00Z,10,193,1.6,0.0,22.0,0.0,20.4,0.5,0.0,8.8,46.6
2023-04-27T11:00Z,11,343,0.2,0.0,87.0,0.0,0.7,0.2,0.0,0.3,11.6
2023-04-27T11:00Z,12,213,4.7,0.0,51.8,0.1,9.0,8.6,0.0,4.1,21.8
2023-04-27T11:00Z,13,202,1.2,0.0,35.7,0.2,12.1,1.0,0.0,8.0,41.9
2023-04-27T11:00Z,14,215,0.0,0.0,54.5,0.5,0.0,0.0,0.0,7.4,37.6
2023-04-27T11:00Z,15,160,7.2,0.0,32.1,0.2,7.2,15.9,0.0,4.4,33.1
2023-04-27T11:00Z,16,32,0.4,0.0,2.9,1.5,5.8,24.6,0.0,0.7,64.1
2023-04-27T11:00Z,17,237,0.0,0.0,59.8,0.4,0.5,2.2,0.0,0.1,36.9
2023-04-27T11:00Z,18,148,6.0,0.0,30.5,0.3,6.7,16.0,0.0,3.7,36.8
2023-04-27T11:30Z,1,3,0.0,0.0,0.7,3.1,0.0,0.0,0.0,0.0,96.2
2023-04-27T11:30Z,2,31,0.5,0.0,3.0,0.6,5.3,27.6,0.0,0.9,62.0
2023-04-27T11:30Z,3,6,0.1,0.0,0.8,0.1,0.9,57.0,0.0,1.0,40.1
2023-04-27T11:30Z,4,20,5.1,0.0,1.3,0.2,2.6,51.8,0.0,4.1,34.8
2023-04-27T11:30Z,5,125,36.7,0.0,20.3,0.0,0.3,8.8,0.0,2.7,31.2
2023-04-27T11:30Z,6,20,0.2,0.0,3.6,0.2,1.5,27.1,0.0,2.0,65.5
2023-04-27T11:30Z,7,344,0.0,0.0,87.2,0.0,0.0,0.0,0.0,0.0,12.8
2023-04-27T11:30Z,8,109,1.9,0.0,26.5,0.1,0.7,29.3,0.0,2.5,39.0
2023-04-27T11:30Z,9,202,12.7,0.0,47.4,0.0,0.1,2.7,0.0,4.4,32.8
2023-04-27T11:30Z,10,182,1.2,0.0,17.9,0.0,21.5,0.5,0.0,9.4,49.5
2023-04-27T11:30Z,11,348,0.1,0.0,88.3,0.0,0.4,0.3,0.0,0.2,10.8
2023-04-27T11:30Z,12,192,4.9,0.0,46.1,0.1,10.7,8.1,0.0,6.0,24.1
2023-04-27T11:30Z,13,192,0.8,0.0,32.5,0.2,12.4,0.8,0.0,8.7,44.7
2023-04-27T11:30Z,14,207,0.0,0.0,52.5,0.5,0.0,0.0,0.0,8.0,39.0
2023-04-27T11:30Z,15,156,7.2,0.0,31.0,0.2,6.6,15.9,0.0,4.8,34.4
2023-04-27T11:30Z,16,33,0.4,0.0,2.7,1.3,6.2,23.8,0.0,0.7,64.8
2023-04-27T11:30Z,17,226,0.0,0.0,56.7,0.5,0.7,2.7,0.0,0.1,39.3
2023-04-27T11:30Z,18,141,6.0,0.0,29.4,0.3,6.2,16.0,0.0,4.1,38.1
2023-04-27T12:00Z,1,1,0.0,0.0,0.3,3.0,0.0,0.0,0.0,0.0,96.7
2023-04-27T12:00Z,2,29,0.5,0.0,2.9,0.7,4.9,26.7,0.0,1.0,63.3
2023-04-27T12:00Z,3,5,0.2,0.0,0.5,0.1,0.8,56.8,0.0,1.1,40.5
2023-04-27T12:00Z,4,19,5.7,0.0,1.2,0.3,2.2,53.8,0.0,4.0,32.9
2023-04-27T12:00Z,5,135,37.5,0.0,22.8,0.0,0.1,7.1,0.0,2.4,30.0
2023-04-27T12:00Z,6,20,0.2,0.0,3.7,0.2,1.4,27.0,0.0,2.6,64.8
2023-04-27T12:00Z,7,334,0.0,0.0,84.9,0.0,0.0,0.0,0.0,0.0,15.1
2023-04-27T12:00Z,8,100,2.5,0.0,24.2,0.1,0.7,30.0,0.0,3.0,39.6
2023-04-27T12:00Z,9,231,10.9,0.0,55.4,0.0,0.0,2.2,0.0,3.9,27.6
2023-04-27T12:00Z,10,190,1.5,0.0,21.3,0.0,20.4,0.3,0.0,9.0,47.5
2023-04-27T12:00Z,11,347,0.2,0.0,87.8,0.0,0.7,0.4,0.0,0.4,10.5
2023-04-27T12:00Z,12,188,5.1,0.0,45.1,0.1,12.4,6.8,0.0,7.2,23.4
2023-04-27T12:00Z,13,195,1.0,0.0,33.0,0.2,12.7,0.4,0.0,8.8,43.9
2023-04-27T12:00Z,14,204,0.0,0.0,51.8,0.5,0.0,0.0,0.0,8.6,39.2
2023-04-27T12:00Z,15,151,7.3,0.0,29.7,0.2,6.8,16.0,0.0,5.3,34.7
2023-04-27T12:00Z,16,31,0.4,0.0,2.8,1.0,5.7,23.0,0.0,0.8,66.3
2023-04-27T12:00Z,17,205,0.1,0.0,51.2,0.8,0.8,3.1,0.0,0.2,43.9
2023-04-27T12:00Z,18,140,6.1,0.0,28.0,0.3,6.3,16.0,0.0,4.5,38.8
2023-04-27T12:30Z,1,3,0.0,0.0,0.6,3.4,0.0,0.0,0.0,0.0,95.9
2023-04-27T12:30Z,2,28,0.5,0.0,2.8,0.8,4.7,25.9,0.0,1.0,64.2
2023-04-27T12:30Z,3,5,0.2,0.0,0.5,0.1,0.8,56.5,0.0,1.1,40.8
2023-04-27T12:30Z,4,18,5.5,0.0,1.1,0.3,2.0,55.1,0.0,3.9,32.1
2023-04-27T12:30Z,5,139,36.6,0.0,24.0,0.0,0.1,6.2,0.0,2.3,30.7
2023-04-27T12:30Z,6,19,0.2,0.0,3.5,0.2,1.4,26.6,0.0,3.2,64.8
2023-04-27T12:30Z,7,331,0.0,0.0,84.1,0.0,0.0,0.0,0.0,0.0,15.9
2023-04-27T12:30Z,8,95,2.6,0.0,22.7,0.1,0.7,30.3,0.0,3.3,40.3
2023-04-27T12:30Z,9,223,11.6,0.0,53.1,0.0,0.0,1.9,0.0,4.1,29.2
2023-04-27T12:30Z,10,179,1.7,0.0,17.4,0.0,21.2,0.3,0.0,9.5,50.0
2023-04-27T12:30Z,11,339,0.4,0.0,85.8,0.0,1.2,0.4,0.0,0.9,11.3
2023-04-27T12:30Z,12,184,5.3,0.0,44.0,0.1,12.2,6.1,0.0,8.5,23.9
2023-04-27T12:30Z,13,192,1.1,0.0,32.4,0.2,12.4,0.3,0.0,9.1,44.5
2023-04-27T12:30Z,14,211,0.0,0.0,53.5,0.5,0.0,0.0,0.0,8.7,37.3
2023-04-27T12:30Z,15,146,7.3,0.0,28.3,0.2,7.1,16.0,0.0,5.8,35.3
2023-04-27T12:30Z,16,30,0.4,0.0,2.6,1.1,5.5,22.2,0.0,0.9,67.3
2023-04-27T12:30Z,17,181,0.1,0.0,45.1,0.9,1.0,3.6,0.0,0.2,49.2
2023-04-27T12:30Z,18,135,6.1,0.0,26.4,0.3,6.6,15.9,0.0,4.9,39.8
2023-04-27T13:00Z,1,0,0.0,0.0,0.0,3.3,0.0,0.0,0.0,0.0,96.7
2023-04-27T13:00Z,2,28,0.5,0.0,2.6,0.8,5.0,25.1,0.0,1.1,64.7
2023-04-27T13:00Z,3,5,0.3,0.0,0.5,0.1,0.9,56.4,0.0,1.2,40.7
2023-04-27T13:00Z,4,17,5.7,0.0,1.0,0.3,2.0,56.0,0.0,3.8,31.2
2023-04-27T13:00Z,5,135,35.8,0.0,23.2,0.0,0.1,5.6,0.0,2.3,32.8
2023-04-27T13:00Z,6,15,0.2,0.0,2.5,0.3,1.5,26.5,0.0,3.8,65.2
2023-04-27T13:00Z,7,321,0.0,0.0,81.4,0.0,0.0,0.0,0.0,0.0,18.6
2023-04-27T13:00Z,8,80,2.8,0.0,18.8,0.1,0.8,30.9,0.0,3.9,42.7
2023-04-27T13:00Z,9,223,11.2,0.0,53.1,0.0,0.0,1.8,0.0,4.2,29.6
2023-04-27T13:00Z,10,172,1.8,0.0,15.1,0.0,21.6,0.3,0.0,9.8,51.5
2023-04-27T13:00Z,11,328,0.7,0.0,82.9,0.0,2.1,0.6,0.0,1.4,12.4
2023-04-27T13:00Z,12,178,5.1,0.0,42.3,0.1,13.9,5.9,0.0,9.5,23.1
2023-04-27T13:00Z,13,194,1.1,0.0,33.0,0.2,12.3,0.2,0.0,9.2,44.0
2023-04-27T13:00Z,14,222,0.0,0.0,56.5,0.4,0.0,0.0,0.0,8.6,34.5
2023-04-27T13:00Z,15,141,7.3,0.0,26.7,0.2,7.4,15.7,0.0,6.3,36.4
2023-04-27T13:00Z,16,29,0.4,0.0,2.5,1.1,5.5,21.8,0.0,0.9,67.7
2023-04-27T13:00Z,17,179,0.1,0.0,44.5,1.2,1.1,3.9,0.0,0.2,49.0
2023-04-27T13:00Z,18,131,6.1,0.0,25.0,0.3,6.8,15.7,0.0,5.3,40.7
2023-04-27T13:30Z,1,0,0.0,0.0,0.0,3.1,0.0,0.0,0.0,0.0,96.9
2023-04-27T13:30Z,2,27,0.5,0.0,2.6,0.8,4.7,24.5,0.0,1.2,65.6
2023-04-27T13:30Z,3,5,0.2,0.0,0.5,0.1,0.8,55.7,0.0,1.2,41.5
2023-04-27T13:30Z,4,16,5.1,0.0,1.0,0.3,1.8,56.0,0.0,3.6,32.2
2023-04-27T13:30Z,5,126,35.3,0.0,21.2,0.0,0.1,5.3,0.0,2.3,35.8
2023-04-27T13:30Z,6,15,0.2,0.0,2.5,0.2,1.4,26.2,0.0,4.2,65.2
2023-04-27T13:30Z,7,321,0.0,0.0,81.4,0.0,0.0,0.0,0.0,0.0,18.6
2023-04-27T13:30Z,8,76,2.7,0.0,17.9,0.1,0.7,31.6,0.0,4.1,42.9
2023-04-27T13:30Z,9,212,11.4,0.0,50.4,0.0,0.0,1.7,0.0,4.5,32.0
2023-04-27T13:30Z,10,169,1.7,0.0,13.8,0.0,22.0,0.3,0.0,9.8,52.4
2023-04-27T13:30Z,11,325,0.7,0.0,82.2,0.0,2.2,0.7,0.0,1.6,12.7
2023-04-27T13:30Z,12,170,5.0,0.0,40.3,0.1,14.5,5.7,0.0,10.4,24.0
2023-04-27T13:30Z,13,190,1.0,0.0,31.5,0.2,12.7,0.2,0.0,9.4,45.0
2023-04-27T13:30Z,14,219,0.0,0.0,55.7,0.5,0.0,0.0,0.0,9.0,34.9
2023-04-27T13:30Z,15,136,7.1,0.0,25.4,0.2,7.8,15.7,0.0,6.6,37.2
2023-04-27T13:30Z,16,28,0.4,0.0,2.4,1.2,5.4,21.6,0.0,1.0,68.1
2023-04-27T13:30Z,17,174,0.1,0.0,43.0,1.5,1.2,4.2,0.0,0.2,49.8
2023-04-27T13:30Z,18,127,5.9,0.0,23.8,0.4,7.1,15.7,0.0,5.6,41.5
2023-04-27T14:00Z,1,1,0.0,0.0,0.2,2.9,0.0,0.0,0.0,0.0,96.9
2023-04-27T14:00Z,2,23,0.5,0.0,2.4,0.8,3.7,24.4,0.0,1.2,67.0
2023-04-27T14:00Z,3,4,0.3,0.0,0.4,0.1,0.9,55.6,0.0,1.2,41.5
2023-04-27T14:00Z,4,13,5.0,0.0,0.7,0.2,6.7,55.4,0.0,3.3,28.5
2023-04-27T14:00Z,5,128,33.1,0.0,22.4,0.0,0.5,5.3,0.0,2.3,36.4
2023-04-27T14:00Z,6,15,0.2,0.0,2.8,0.2,1.1,26.1,0.0,4.3,65.2
2023-04-27T14:00Z,7,321,0.0,0.0,81.5,0.0,0.0,0.0,0.0,0.0,18.5
2023-04-27T14:00Z,8,73,2.6,0.0,17.2,0.1,0.7,31.8,0.0,4.1,43.5
2023-04-27T14:00Z,9,213,11.1,0.0,50.6,0.0,0.2,1.7,0.0,4.5,32.0
2023-04-27T14:00Z,10,169,1.8,0.0,14.1,0.0,21.7,0.3,0.0,9.3,52.7
2023-04-27T14:00Z,11,321,0.8,0.0,80.9,0.0,2.6,0.9,0.0,1.8,13.0
2023-04-27T14:00Z,12,163,4.9,0.0,38.5,0.1,15.3,5.6,0.0,10.7,24.9
2023-04-27T14:00Z,13,189,1.1,0.0,30.9,0.2,12.9,0.3,0.0,9.3,45.2
2023-04-27T14:00Z,14,219,0.0,0.0,55.5,0.6,0.0,0.0,0.0,9.1,34.8
2023-04-27T14:00Z,15,135,7.1,0.0,24.9,0.2,8.7,15.7,0.0,6.6,36.8
2023-04-27T14:00Z,16,25,0.5,0.0,2.3,1.3,4.4,21.3,0.0,1.0,69.1
2023-04-27T14:00Z,17,177,0.1,0.0,44.1,2.1,0.9,4.2,0.0,0.2,48.4
2023-04-27T14:00Z,18,125,5.9,0.0,23.5,0.5,7.7,15.6,0.0,5.5,41.2
2023-04-27T14:30Z,1,0,0.0,0.0,0.0,3.3,0.0,0.0,0.0,0.0,96.7
2023-04-27T14:30Z,2,20,0.6,0.0,2.1,0.9,3.3,24.4,0.0,1.2,67.5
2023-04-27T14:30Z,3,4,0.4,0.0,0.4,0.1,1.2,56.0,0.0,1.1,40.7
2023-04-27T14:30Z,4,12,5.5,0.0,0.5,0.2,11.9,53.5,0.0,2.8,25.7
2023-04-27T14:30Z,5,132,30.6,0.0,24.2,0.0,1.1,5.3,0.0,2.1,36.7
2023-04-27T14:30Z,6,14,0.3,0.0,2.7,0.2,1.2,25.8,0.0,4.2,65.6
2023-04-27T14:30Z,7,315,0.0,0.0,79.9,0.0,0.0,0.0,0.0,0.0,20.1
2023-04-27T14:30Z,8,58,2.6,0.0,13.4,0.1,1.0,32.3,0.0,4.3,46.3
2023-04-27T14:30Z,9,208,11.0,0.0,49.5,0.0,0.4,1.7,0.0,4.5,32.9
2023-04-27T14:30Z,10,169,1.8,0.0,14.2,0.0,21.7,0.3,0.0,8.6,53.3
2023-04-27T14:30Z,11,318,0.8,0.0,80.2,0.0,3.1,0.9,0.0,1.9,13.0
2023-04-27T14:30Z,12,154,4.7,0.0,35.9,0.1,17.7,6.0,0.0,11.2,24.4
2023-04-27T14:30Z,13,189,1.2,0.0,31.4,0.3,13.0,0.3,0.0,8.9,44.9
2023-04-27T14:30Z,14,221,0.0,0.0,56.1,0.6,0.0,0.0,0.0,9.0,34.3
2023-04-27T14:30Z,15,133,7.1,0.0,24.4,0.3,9.6,15.3,0.0,6.4,36.9
2023-04-27T14:30Z,16,24,0.4,0.0,2.2,1.7,4.5,21.1,0.0,1.0,69.0
2023-04-27T14:30Z,17,178,0.1,0.0,44.3,2.3,0.9,4.0,0.0,1.1,47.3
2023-04-27T14:30Z,18,123,5.9,0.0,23.1,0.6,8.5,15.3,0.0,5.5,41.2
2023-04-27T15:00Z,1,0,0.0,0.0,0.0,3.7,0.0,0.0,0.0,0.0,96.3
2023-04-27T15:00Z,2,19,0.6,0.0,2.1,1.0,3.1,24.8,0.0,1.2,67.2
2023-04-27T15:00Z,3,3,0.5,0.0,0.3,0.2,2.1,55.9,0.0,1.0,40.1
2023-04-27T15:00Z,4,11,5.2,0.0,0.4,0.2,21.4,51.4,0.0,2.2,19.3
2023-04-27T15:00Z,5,141,31.4,0.0,26.0,0.0,1.7,5.3,0.0,1.7,33.8
2023-04-27T15:00Z,6,18,0.3,0.0,3.8,0.3,1.4,25.3,0.0,3.9,65.1
2023-04-27T15:00Z,7,340,0.0,0.0,86.3,0.0,0.0,0.0,0.0,0.0,13.7
2023-04-27T15:00Z,8,94,2.4,0.0,22.7,0.1,1.3,30.6,0.0,3.3,39.5
2023-04-27T15:00Z,9,236,9.7,0.0,57.0,0.0,0.5,1.8,0.0,3.5,27.4
2023-04-27T15:00Z,10,177,2.0,0.0,17.3,0.0,21.0,0.4,0.0,7.2,52.1
2023-04-27T15:00Z,11,315,0.9,0.0,79.3,0.0,3.6,0.9,0.0,2.1,13.1
2023-04-27T15:00Z,12,167,4.4,0.0,39.4,0.1,17.8,6.6,0.0,10.0,21.7
2023-04-27T15:00Z,13,193,1.3,0.0,33.1,0.4,12.7,0.6,0.0,7.7,44.3
2023-04-27T15:00Z,14,220,0.0,0.0,55.7,1.0,0.0,0.0,0.0,8.1,35.2
2023-04-27T15:00Z,15,140,6.7,0.0,26.4,0.3,10.2,15.0,0.0,5.8,35.6
2023-04-27T15:00Z,16,23,0.5,0.0,2.2,2.1,4.0,21.0,0.0,0.9,69.3
2023-04-27T15:00Z,17,171,0.1,0.0,42.6,3.2,0.8,3.7,0.0,1.8,47.8
2023-04-27T15:00Z,18,131,5.5,0.0,24.7,0.7,8.9,15.0,0.0,5.0,40.2
2023-04-27T15:30Z,1,0,0.0,0.0,0.0,4.8,0.0,0.0,0.0,0.0,95.2
2023-04-27T15:30Z,2,20,0.6,0.0,2.5,1.3,2.8,25.3,0.0,1.1,66.4
2023-04-27T15:30Z,3,3,0.6,0.0,0.3,0.2,3.3,55.3,0.0,0.8,39.5
2023-04-27T15:30Z,4,10,4.9,0.0,0.3,0.2,29.6,48.4,0.0,1.6,15.0
2023-04-27T15:30Z,5,146,29.4,0.0,28.1,0.0,3.0,5.6,0.0,1.4,32.5
2023-04-27T15:30Z,6,19,0.3,0.0,4.0,1.0,1.8,25.3,0.0,3.4,64.2
2023-04-27T15:30Z,7,347,0.0,0.0,88.1,0.0,0.0,0.0,0.0,0.0,11.9
2023-04-27T15:30Z,8,89,2.4,0.0,21.6,0.4,2.1,30.5,0.0,2.9,40.2
2023-04-27T15:30Z,9,236,9.9,0.0,56.8,0.0,1.0,2.0,0.0,3.1,27.2
2023-04-27T15:30Z,10,180,2.2,0.0,18.3,0.0,20.8,0.5,0.0,5.9,52.2
2023-04-27T15:30Z,11,305,0.6,0.0,77.0,0.0,2.3,0.9,0.0,7.5,11.5
2023-04-27T15:30Z,12,165,4.6,0.0,39.1,0.2,17.0,7.6,0.0,9.4,22.2
2023-04-27T15:30Z,13,194,1.6,0.0,33.4,0.5,13.0,0.8,0.0,6.6,44.1
2023-04-27T15:30Z,14,221,0.0,0.0,56.1,1.2,0.0,0.0,0.0,7.2,35.5
2023-04-27T15:30Z,15,144,6.4,0.0,27.9,0.4,11.3,14.8,0.0,5.0,34.2
2023-04-27T15:30Z,16,23,0.5,0.0,2.4,2.7,3.8,20.7,0.0,0.8,69.1
2023-04-27T15:30Z,17,194,0.1,0.0,48.9,3.8,0.5,3.2,0.0,1.9,41.6
2023-04-27T15:30Z,18,134,5.3,0.0,26.3,0.9,9.7,14.8,0.0,4.3,38.7
2023-04-27T16:00Z,1,0,0.0,0.0,0.0,5.6,0.0,0.0,0.0,0.0,94.4
2023-04-27T16:00Z,2,21,0.6,0.0,2.9,1.6,2.5,25.6,0.0,0.9,65.8
2023-04-27T16:00Z,3,5,0.6,0.0,0.6,0.2,4.6,54.8,0.0,0.6,38.5
2023-04-27T16:00Z,4,9,4.8,0.0,0.2,0.1,37.1,45.4,0.0,1.1,11.2
2023-04-27T16:00Z,5,158,27.7,0.0,31.5,0.0,4.1,5.8,0.0,1.1,29.9
2023-04-27T16:00Z,6,22,0.3,0.0,4.9,3.3,2.2,24.8,0.0,2.8,61.6
2023-04-27T16:00Z,7,341,0.0,0.0,86.5,0.0,0.0,0.0,0.0,2.2,11.2
2023-04-27T16:00Z,8,84,2.4,0.0,20.3,1.0,2.9,30.7,0.0,2.6,40.1
2023-04-27T16:00Z,9,233,10.9,0.0,55.8,0.0,1.6,2.2,0.0,2.6,26.9
2023-04-27T16:00Z,10,175,2.9,0.0,20.0,0.0,18.6,0.6,0.0,4.8,53.1
2023-04-27T16:00Z,11,278,0.3,0.0,70.3,0.0,1.0,0.8,0.0,18.1,9.5
2023-04-27T16:00Z,12,159,5.3,0.0,37.4,0.4,16.2,8.2,0.0,8.1,24.3
2023-04-27T16:00Z,13,187,2.2,0.0,33.1,0.6,12.3,1.1,0.0,5.6,45.0
2023-04-27T16:00Z,14,216,0.0,0.0,54.7,1.7,0.0,0.0,0.0,6.1,37.5
2023-04-27T16:00Z,15,150,6.3,0.0,30.2,0.5,11.5,14.1,0.0,4.2,33.1
2023-04-27T16:00Z,16,23,0.5,0.0,2.2,2.8,3.9,20.7,0.0,0.7,69.1
2023-04-27T16:00Z,17,184,0.1,0.0,46.2,7.2,0.5,2.7,0.0,2.2,41.2
2023-04-27T16:00Z,18,136,5.3,0.0,28.0,1.2,9.9,14.1,0.0,3.7,37.7
2023-04-27T16:30Z,1,0,0.0,0.0,0.0,6.6,0.0,0.0,0.0,0.0,93.4
2023-04-27T16:30Z,2,18,0.6,0.0,2.9,1.9,1.7,26.0,0.0,0.8,66.1
2023-04-27T16:30Z,3,4,0.6,0.0,0.6,0.2,6.0,54.3,0.0,0.5,37.8
2023-04-27T16:30Z,4,8,4.1,0.0,0.1,0.1,43.7,43.6,0.0,0.9,7.6
2023-04-27T16:30Z,5,157,26.6,0.0,31.5,0.0,5.6,6.1,0.0,0.8,29.3
2023-04-27T16:30Z,6,23,0.3,0.0,5.3,5.8,2.5,24.2,0.0,2.2,59.7
2023-04-27T16:30Z,7,349,0.0,0.0,88.6,0.0,0.0,0.0,0.0,1.9,9.5
2023-04-27T16:30Z,8,92,2.1,0.0,22.5,1.8,3.6,29.5,0.0,2.0,38.4
2023-04-27T16:30Z,9,233,11.0,0.0,55.8,0.0,2.3,2.4,0.0,2.0,26.4
2023-04-27T16:30Z,10,173,3.2,0.0,22.5,0.0,16.4,0.7,0.0,3.7,53.4
2023-04-27T16:30Z,11,285,0.4,0.0,72.1,0.0,0.9,0.8,0.0,16.0,9.8
2023-04-27T16:30Z,12,167,5.7,0.0,39.7,0.7,12.1,9.3,0.0,6.2,26.4
2023-04-27T16:30Z,13,185,2.6,0.0,33.8,0.7,11.1,1.6,0.0,4.3,46.0
2023-04-27T16:30Z,14,216,0.0,0.0,54.8,2.0,0.0,0.0,0.0,4.7,38.5
2023-04-27T16:30Z,15,150,6.2,0.0,30.5,0.6,11.9,13.9,0.0,3.4,33.3
2023-04-27T16:30Z,16,24,0.5,0.0,2.4,2.8,4.2,20.9,0.0,0.6,68.6
2023-04-27T16:30Z,17,195,0.0,0.0,49.2,9.8,0.4,2.2,0.0,1.8,36.5
2023-04-27T16:30Z,18,137,5.2,0.0,28.6,1.5,10.3,13.9,0.0,3.0,37.5
2023-04-27T17:00Z,1,0,0.0,0.0,0.0,6.7,0.0,0.0,0.0,0.0,93.2
2023-04-27T17:00Z,2,17,0.6,0.0,2.9,2.0,1.5,26.5,0.0,0.6,65.8
2023-04-27T17:00Z,3,4,0.6,0.0,0.7,0.3,6.0,54.1,0.0,0.4,38.0
2023-04-27T17:00Z,4,8,4.0,0.0,0.1,0.1,45.3,42.0,0.0,0.7,7.9
2023-04-27T17:00Z,5,150,27.1,0.0,29.7,0.0,6.0,6.8,0.0,0.6,29.6
2023-04-27T17:00Z,6,22,0.3,0.0,5.1,7.5,2.4,23.9,0.0,1.7,59.2
2023-04-27T17:00Z,7,351,0.0,0.0,89.1,0.0,0.0,0.0,0.0,1.6,9.2
2023-04-27T17:00Z,8,92,1.9,0.0,22.5,2.3,3.6,29.7,0.0,1.6,38.4
2023-04-27T17:00Z,9,223,12.2,0.0,52.9,0.0,2.7,2.9,0.0,1.6,27.7
2023-04-27T17:00Z,10,168,3.8,0.0,22.3,0.0,15.6,0.9,0.0,2.8,54.6
2023-04-27T17:00Z,11,301,0.2,0.0,76.4,0.1,0.3,0.6,0.0,13.5,8.9
2023-04-27T17:00Z,12,165,6.3,0.0,39.3,1.0,9.4,10.8,0.0,4.8,28.5
2023-04-27T17:00Z,13,179,3.1,0.0,33.1,0.8,10.5,1.9,0.0,3.3,47.2
2023-04-27T17:00Z,14,211,0.1,0.0,53.1,2.3,0.4,0.1,0.0,3.6,40.5
2023-04-27T17:00Z,15,150,6.3,0.0,31.5,0.8,10.7,13.9,0.0,2.7,34.1
2023-04-27T17:00Z,16,23,0.5,0.0,2.4,2.3,3.7,20.9,0.0,0.5,69.7
2023-04-27T17:00Z,17,198,0.0,0.0,50.1,12.3,0.3,1.8,0.0,1.5,34.1
2023-04-27T17:00Z,18,136,5.2,0.0,29.5,1.7,9.2,13.9,0.0,2.4,38.1
2023-04-27T17:30Z,1,0,0.0,0.0,0.0,6.7,0.0,0.0,0.0,0.0,93.3
2023-04-27T17:30Z,2,17,0.6,0.0,2.9,2.0,1.3,27.3,0.0,0.5,65.4
2023-04-27T17:30Z,3,4,0.6,0.0,0.5,0.3,6.0,53.6,0.0,0.3,38.7
2023-04-27T17:30Z,4,8,3.8,0.0,0.1,0.1,44.9,42.0,0.0,0.5,8.6
2023-04-27T17:30Z,5,135,27.8,0.0,25.7,0.0,7.0,7.4,0.0,0.5,31.6
2023-04-27T17:30Z,6,20,0.3,0.0,4.7,8.0,2.4,23.9,0.0,1.3,59.4
2023-04-27T17:30Z,7,352,0.0,0.0,89.4,0.0,0.0,0.0,0.0,1.4,9.3
2023-04-27T17:30Z,8,88,1.6,0.0,21.7,2.6,3.6,30.3,0.0,1.2,39.0
2023-04-27T17:30Z,9,220,12.3,0.0,52.0,0.0,3.1,3.2,0.0,1.2,28.2
2023-04-27T17:30Z,10,165,4.2,0.0,23.2,0.0,14.5,1.0,0.0,2.0,55.1
2023-04-27T17:30Z,11,299,0.5,0.0,75.7,0.0,0.5,0.6,0.0,11.8,10.8
2023-04-27T17:30Z,12,164,6.6,0.0,39.0,1.1,6.7,11.9,0.0,3.6,31.2
2023-04-27T17:30Z,13,174,3.6,0.0,32.1,0.8,10.0,2.1,0.0,2.4,49.1
2023-04-27T17:30Z,14,197,0.6,0.0,47.5,2.2,2.0,0.1,0.0,2.7,44.9
2023-04-27T17:30Z,15,142,6.6,0.0,29.3,0.8,10.9,14.2,0.0,2.2,36.0
2023-04-27T17:30Z,16,20,0.5,0.0,2.8,2.1,2.4,21.1,0.0,0.4,70.7
2023-04-27T17:30Z,17,202,0.0,0.0,51.2,12.1,0.1,1.7,0.0,1.2,33.6
2023-04-27T17:30Z,18,131,5.5,0.0,27.8,1.7,9.2,14.1,0.0,1.9,39.8
2023-04-27T18:00Z,1,0,0.0,0.0,0.0,6.5,0.0,0.0,0.0,0.0,93.5
2023-04-27T18:00Z,2,17,0.6,0.0,2.8,1.9,1.5,28.0,0.0,0.3,64.9
2023-04-27T18:00Z,3,7,0.6,0.0,1.3,0.3,4.6,52.6,0.0,0.2,40.4
2023-04-27T18:00Z,4,9,4.2,0.0,0.3,0.2,39.0,43.6,0.0,0.4,12.3
2023-04-27T18:00Z,5,130,28.2,0.0,24.3,0.0,5.8,7.9,0.0,0.4,33.4
2023-04-27T18:00Z,6,20,0.3,0.0,4.6,8.5,1.9,23.7,0.0,0.9,60.1
2023-04-27T18:00Z,7,344,0.0,0.0,87.4,0.0,0.0,0.0,0.0,1.1,11.5
2023-04-27T18:00Z,8,75,1.7,0.0,18.3,2.9,3.0,30.8,0.0,0.9,42.4
2023-04-27T18:00Z,9,207,13.3,0.0,48.4,0.0,2.7,3.7,0.0,0.8,30.9
2023-04-27T18:00Z,10,161,4.3,0.0,21.2,0.0,15.0,1.1,0.0,1.4,57.0
2023-04-27T18:00Z,11,325,0.0,0.0,82.5,0.0,0.0,0.5,0.0,8.5,8.5
2023-04-27T18:00Z,12,154,7.1,0.0,36.4,1.2,5.8,12.8,0.0,2.6,34.0
2023-04-27T18:00Z,13,164,3.8,0.0,28.4,0.8,10.6,2.4,0.0,1.7,52.4
2023-04-27T18:00Z,14,176,0.8,0.0,41.1,2.2,2.7,0.1,0.0,1.9,51.2
2023-04-27T18:00Z,15,142,6.9,0.0,28.7,0.9,10.5,14.3,0.0,1.5,37.3
2023-04-27T18:00Z,16,21,0.5,0.0,2.8,2.0,2.7,21.3,0.0,0.3,70.4
2023-04-27T18:00Z,17,210,0.0,0.0,53.2,12.1,0.1,1.8,0.0,0.9,31.8
2023-04-27T18:00Z,18,129,5.7,0.0,27.4,1.7,8.9,14.3,0.0,1.3,40.6
2023-04-27T18:30Z,1,1,0.0,0.0,0.3,6.5,0.0,0.0,0.0,0.0,93.3
2023-04-27T18:30Z,2,15,0.6,0.0,2.8,1.9,0.9,28.6,0.0,0.2,65.0
2023-04-27T18:30Z,3,8,0.5,0.0,1.6,0.3,3.2,52.6,0.0,0.1,41.6
2023-04-27T18:30Z,4,9,4.6,0.0,0.4,0.3,32.5,46.6,0.0,0.3,15.2
2023-04-27T18:30Z,5,135,28.8,0.0,25.4,0.1,4.0,7.9,0.0,0.2,33.6
2023-04-27T18:30Z,6,20,0.3,0.0,4.9,8.9,1.3,23.4,0.0,0.6,60.6
2023-04-27T18:30Z,7,343,0.0,0.0,87.1,0.0,0.0,0.0,0.0,0.8,12.2
2023-04-27T18:30Z,8,77,1.8,0.0,18.9,3.1,2.0,31.1,0.0,0.6,42.5
2023-04-27T18:30Z,9,209,13.6,0.0,48.8,0.0,1.9,4.1,0.0,0.5,31.2
2023-04-27T18:30Z,10,159,4.4,0.0,19.7,0.0,15.4,1.2,0.0,0.7,58.5
2023-04-27T18:30Z,11,329,0.3,0.0,83.3,0.0,0.2,0.4,0.0,5.7,10.1
2023-04-27T18:30Z,12,153,7.2,0.0,36.1,1.4,5.6,13.9,0.0,1.6,34.2
2023-04-27T18:30Z,13,161,3.8,0.0,26.8,0.8,10.9,2.7,0.0,0.9,54.1
2023-04-27T18:30Z,14,170,0.7,0.0,39.7,2.3,2.6,0.2,0.0,1.1,53.5
2023-04-27T18:30Z,15,141,7.4,0.0,28.1,0.9,9.1,14.6,0.0,0.9,39.0
2023-04-27T18:30Z,16,18,0.5,0.0,2.8,2.1,2.0,21.7,0.0,0.2,70.8
2023-04-27T18:30Z,17,189,0.0,0.0,47.9,12.6,0.2,2.1,0.0,0.6,36.6
2023-04-27T18:30Z,18,128,6.2,0.0,26.6,1.8,7.7,14.6,0.0,0.8,42.3
2023-04-27T19:00Z,1,0,0.0,0.0,0.0,6.2,0.0,0.0,0.0,0.0,93.8
2023-04-27T19:00Z,2,16,0.6,0.0,2.7,1.8,1.2,29.3,0.0,0.1,64.1
2023-04-27T19:00Z,3,10,0.4,0.0,2.1,0.3,1.9,52.9,0.0,0.1,42.3
2023-04-27T19:00Z,4,11,4.8,0.0,0.6,0.4,24.1,49.7,0.0,0.2,20.2
2023-04-27T19:00Z,5,135,29.8,0.0,25.2,0.1,2.7,8.1,0.0,0.1,34.0
2023-04-27T19:00Z,6,21,0.3,0.0,5.1,8.2,0.9,23.7,0.0,0.4,61.5
2023-04-27T19:00Z,7,343,0.0,0.0,87.0,0.0,0.0,0.0,0.0,0.5,12.5
2023-04-27T19:00Z,8,70,1.6,0.0,17.0,2.9,1.3,32.0,0.0,0.4,44.9
2023-04-27T19:00Z,9,177,17.2,0.0,39.5,0.0,1.6,4.3,0.0,0.3,37.0
2023-04-27T19:00Z,10,128,5.1,0.0,16.0,0.0,11.9,1.4,0.0,0.4,65.2
2023-04-27T19:00Z,11,346,0.0,0.0,87.7,0.0,0.0,0.3,0.0,3.1,8.9
2023-04-27T19:00Z,12,138,8.2,0.0,31.8,1.3,5.7,15.0,0.0,1.0,37.0
2023-04-27T19:00Z,13,140,4.3,0.0,24.7,0.7,8.3,2.9,0.0,0.5,58.5
2023-04-27T19:00Z,14,167,0.7,0.0,39.9,2.1,1.8,0.3,0.0,0.6,54.7
2023-04-27T19:00Z,15,137,7.7,0.0,28.3,0.9,6.2,15.2,0.0,0.5,41.3
2023-04-27T19:00Z,16,20,0.5,0.0,2.6,2.1,2.6,22.2,0.0,0.1,69.8
2023-04-27T19:00Z,17,162,0.1,0.0,40.8,11.5,0.4,2.5,0.0,0.4,44.3
2023-04-27T19:00Z,18,120,6.4,0.0,26.3,1.7,5.4,15.1,0.0,0.4,44.6
2023-04-27T19:30Z,1,0,0.0,0.0,0.0,6.3,0.0,0.0,0.0,0.0,93.7
2023-04-27T19:30Z,2,15,0.7,0.0,2.8,1.8,1.1,29.4,0.0,0.0,64.1
2023-04-27T19:30Z,3,8,0.4,0.0,1.7,0.3,1.0,52.7,0.0,0.0,43.8
2023-04-27T19:30Z,4,12,5.5,0.0,0.8,0.5,14.9,53.0,0.0,0.1,25.1
2023-04-27T19:30Z,5,133,31.2,0.0,24.2,0.1,1.5,8.0,0.0,0.0,35.1
2023-04-27T19:30Z,6,22,0.3,0.0,5.3,6.6,0.6,24.1,0.0,0.1,62.9
2023-04-27T19:30Z,7,344,0.0,0.0,87.4,0.0,0.0,0.0,0.0,0.1,12.5
2023-04-27T19:30Z,8,70,1.6,0.0,17.2,2.5,0.7,32.7,0.0,0.1,45.2
2023-04-27T19:30Z,9,173,17.9,0.0,38.4,0.0,0.9,4.6,0.0,0.1,38.1
2023-04-27T19:30Z,10,107,5.3,0.0,16.4,0.0,7.3,1.4,0.0,0.1,69.4
2023-04-27T19:30Z,11,349,0.0,0.0,88.6,0.0,0.0,0.1,0.0,1.2,10.1
2023-04-27T19:30Z,12,135,9.1,0.0,31.1,1.1,2.8,15.5,0.0,0.3,40.1
2023-04-27T19:30Z,13,125,4.6,0.0,24.3,0.7,5.1,2.9,0.0,0.1,62.4
2023-04-27T19:30Z,14,158,1.0,0.0,38.0,1.9,1.4,0.3,0.0,0.1,57.4
2023-04-27T19:30Z,15,126,7.8,0.0,27.1,0.8,4.0,15.7,0.0,0.2,44.5
2023-04-27T19:30Z,16,18,0.6,0.0,2.6,2.1,2.1,22.4,0.0,0.0,70.1
2023-04-27T19:30Z,17,171,0.1,0.0,43.2,9.8,0.3,3.1,0.0,0.1,43.4
2023-04-27T19:30Z,18,114,6.6,0.0,25.5,1.5,3.5,15.6,0.0,0.1,47.2
2023-04-27T20:00Z,1,0,0.0,0.0,0.0,6.0,0.0,0.0,0.0,0.0,94.0
2023-04-27T20:00Z,2,15,0.8,0.0,2.8,1.7,1.1,29.4,0.0,0.0,64.3
2023-04-27T20:00Z,3,11,0.4,0.0,2.5,0.3,0.6,52.3,0.0,0.0,44.0
2023-04-27T20:00Z,4,12,5.8,0.0,1.0,0.6,8.1,55.9,0.0,0.1,28.6
2023-04-27T20:00Z,5,135,30.8,0.0,24.9,0.1,0.7,8.1,0.0,0.0,35.4
2023-04-27T20:00Z,6,25,0.3,0.0,6.1,4.1,0.4,25.1,0.0,0.1,63.8
2023-04-27T20:00Z,7,330,0.0,0.0,83.7,0.0,0.0,0.3,0.0,0.1,15.9
2023-04-27T20:00Z,8,59,2.0,0.0,14.3,1.6,0.5,32.8,0.0,0.1,48.8
2023-04-27T20:00Z,9,168,18.9,0.0,36.8,0.0,0.5,4.4,0.0,0.0,39.5
2023-04-27T20:00Z,10,101,5.7,0.0,16.2,0.0,6.1,1.4,0.0,0.0,70.6
2023-04-27T20:00Z,11,355,0.0,0.0,90.1,0.0,0.0,0.1,0.0,0.0,9.8
2023-04-27T20:00Z,12,137,9.8,0.0,31.6,0.7,1.7,14.9,0.0,0.1,41.2
2023-04-27T20:00Z,13,123,5.0,0.0,24.4,0.5,4.2,2.6,0.0,0.0,63.2
2023-04-27T20:00Z,14,158,1.6,0.0,37.6,1.3,1.7,0.3,0.0,0.0,57.6
2023-04-27T20:00Z,15,123,8.2,0.0,26.4,0.6,2.6,16.3,0.0,0.0,45.9
2023-04-27T20:00Z,16,20,0.6,0.0,2.6,2.1,2.6,22.9,0.0,0.0,69.2
2023-04-27T20:00Z,17,159,0.1,0.0,40.0,5.8,0.5,3.8,0.0,0.0,49.8
2023-04-27T20:00Z,18,111,6.9,0.0,24.7,1.1,2.5,16.2,0.0,0.0,48.7
2023-04-27T20:30Z,1,0,0.0,0.0,0.0,6.0,0.0,0.0,0.0,0.0,94.0
2023-04-27T20:30Z,2,15,0.8,0.0,2.8,1.7,1.0,29.2,0.0,0.0,64.6
2023-04-27T20:30Z,3,12,0.5,0.0,2.6,0.3,0.6,52.3,0.0,0.0,43.7
2023-04-27T20:30Z,4,12,5.6,0.0,0.9,0.6,7.8,58.5,0.0,0.0,26.7
2023-04-27T20:30Z,5,135,28.9,0.0,25.4,0.1,0.8,7.9,0.0,0.0,37.0
2023-04-27T20:30Z,6,29,0.3,0.0,7.1,3.1,0.4,25.4,0.0,0.0,63.7
2023-04-27T20:30Z,7,303,0.0,0.0,77.0,0.0,0.0,1.3,0.0,0.0,21.8
2023-04-27T20:30Z,8,43,2.5,0.0,9.9,1.3,0.5,34.2,0.0,0.0,51.6
2023-04-27T20:30Z,9,172,17.0,0.0,38.4,0.0,0.4,4.5,0.0,0.0,39.7
2023-04-27T20:30Z,10,104,4.7,0.0,17.3,0.0,6.1,1.3,0.0,0.0,70.6
2023-04-27T20:30Z,11,354,0.0,0.0,89.7,0.0,0.0,0.0,0.0,0.0,10.3
2023-04-27T20:30Z,12,135,9.2,0.0,31.2,0.6,2.9,15.1,0.0,0.0,41.1
2023-04-27T20:30Z,13,119,4.3,0.0,23.5,0.4,4.6,2.6,0.0,0.0,64.5
2023-04-27T20:30Z,14,146,1.5,0.0,34.2,1.3,1.9,0.3,0.0,0.0,60.9
2023-04-27T20:30Z,15,121,8.1,0.0,26.0,0.4,2.6,16.7,0.0,0.0,46.1
2023-04-27T20:30Z,16,18,0.6,0.0,2.7,2.1,2.1,23.4,0.0,0.0,69.1
2023-04-27T20:30Z,17,151,0.1,0.0,38.0,3.8,0.4,4.3,0.0,0.0,53.4
2023-04-27T20:30Z,18,109,6.8,0.0,24.2,0.8,2.4,16.7,0.0,0.0,49.1
2023-04-27T21:00Z,1,0,0.0,0.0,0.0,6.1,0.0,0.0,0.0,0.0,93.9
2023-04-27T21:00Z,2,15,0.8,0.0,2.9,1.7,0.7,29.7,0.0,0.0,64.1
2023-04-27T21:00Z,3,12,0.5,0.0,2.7,0.3,0.6,52.5,0.0,0.0,43.4
2023-04-27T21:00Z,4,11,5.6,0.0,0.9,0.5,7.5,59.6,0.0,0.0,25.9
2023-04-27T21:00Z,5,136,27.7,0.0,26.0,0.1,0.7,7.8,0.0,0.0,37.8
2023-04-27T21:00Z,6,30,0.4,0.0,7.3,2.5,0.4,26.0,0.0,0.0,63.4
2023-04-27T21:00Z,7,279,0.1,0.0,70.8,0.1,0.0,2.6,0.0,0.0,26.4
2023-04-27T21:00Z,8,43,2.8,0.0,9.9,1.1,0.5,34.7,0.0,0.0,51.1
2023-04-27T21:00Z,9,174,16.0,0.0,39.2,0.0,0.4,4.4,0.0,0.0,39.9
2023-04-27T21:00Z,10,107,4.3,0.0,17.0,0.0,6.8,1.3,0.0,0.0,70.6
2023-04-27T21:00Z,11,353,0.0,0.0,89.6,0.0,0.0,0.0,0.0,0.0,10.4
2023-04-27T21:00Z,12,143,8.5,0.0,33.4,0.4,3.4,15.1,0.0,0.0,39.1
2023-04-27T21:00Z,13,124,3.9,0.0,24.2,0.4,5.1,2.5,0.0,0.0,63.8
2023-04-27T21:00Z,14,155,1.3,0.0,36.2,1.3,2.1,0.3,0.0,0.0,58.7
2023-04-27T21:00Z,15,119,7.8,0.0,25.8,0.3,2.4,17.5,0.0,0.0,46.1
2023-04-27T21:00Z,16,16,0.8,0.0,2.8,2.3,1.2,23.6,0.0,0.0,69.5
2023-04-27T21:00Z,17,159,0.2,0.0,40.2,2.5,0.2,4.7,0.0,0.0,52.3
2023-04-27T21:00Z,18,108,6.5,0.0,24.1,0.7,2.1,17.4,0.0,0.0,49.1
2023-04-27T21:30Z,1,1,0.0,0.0,0.2,6.5,0.0,0.0,0.0,0.0,93.4
2023-04-27T21:30Z,2,14,0.8,0.0,3.1,1.7,0.2,29.5,0.0,0.0,64.7
2023-04-27T21:30Z,3,18,0.5,0.0,4.5,0.3,0.5,52.1,0.0,0.0,42.0
2023-04-27T21:30Z,4,11,5.6,0.0,0.8,0.5,7.2,62.2,0.0,0.0,23.6
2023-04-27T21:30Z,5,135,28.5,0.0,25.6,0.1,0.6,7.6,0.0,0.0,37.6
2023-04-27T21:30Z,6,29,0.4,0.0,7.1,3.3,0.2,27.2,0.0,0.0,61.8
2023-04-27T21:30Z,7,241,0.6,0.0,61.1,0.2,0.1,3.4,0.0,0.0,34.7
2023-04-27T21:30Z,8,47,3.0,0.0,11.1,1.3,0.4,36.0,0.0,0.0,48.2
2023-04-27T21:30Z,9,175,16.3,0.0,39.5,0.0,0.4,4.5,0.0,0.0,39.2
2023-04-27T21:30Z,10,108,4.3,0.0,18.2,0.0,6.3,1.2,0.0,0.0,70.0
2023-04-27T21:30Z,11,350,0.0,0.0,88.9,0.0,0.0,0.0,0.0,0.0,11.1
2023-04-27T21:30Z,12,151,9.0,0.0,35.2,0.5,1.9,15.0,0.0,0.0,38.4
2023-04-27T21:30Z,13,122,4.0,0.0,24.0,0.4,4.7,2.6,0.0,0.0,64.2
2023-04-27T21:30Z,14,145,1.5,0.0,33.6,1.3,2.2,0.4,0.0,0.0,60.9
2023-04-27T21:30Z,15,114,7.9,0.0,24.8,0.3,2.1,18.7,0.0,0.0,46.1
2023-04-27T21:30Z,16,13,0.8,0.0,2.8,2.3,0.3,24.4,0.0,0.0,69.4
2023-04-27T21:30Z,17,159,0.1,0.0,40.2,2.7,0.0,5.2,0.0,0.0,51.8
2023-04-27T21:30Z,18,105,6.6,0.0,23.2,0.7,1.8,18.6,0.0,0.0,49.2
2023-04-27T22:00Z,1,0,0.0,0.0,0.0,6.6,0.0,0.0,0.0,0.0,93.4
2023-04-27T22:00Z,2,14,0.9,0.0,3.1,1.8,0.2,30.1,0.0,0.0,63.9
2023-04-27T22:00Z,3,18,0.6,0.0,4.3,0.3,0.5,53.0,0.0,0.0,41.3
2023-04-27T22:00Z,4,11,5.8,0.0,0.9,0.5,6.4,62.6,0.0,0.0,23.8
2023-04-27T22:00Z,5,131,29.0,0.0,24.3,0.0,0.6,7.4,0.0,0.0,38.6
2023-04-27T22:00Z,6,29,0.4,0.0,7.3,3.0,0.2,27.0,0.0,0.0,62.0
2023-04-27T22:00Z,7,216,0.8,0.0,54.5,0.2,0.1,3.5,0.0,0.0,40.9
2023-04-27T22:00Z,8,46,3.1,0.0,10.7,1.2,0.4,36.6,0.0,0.0,47.9
2023-04-27T22:00Z,9,169,16.8,0.0,37.8,0.0,0.4,4.5,0.0,0.0,40.5
2023-04-27T22:00Z,10,104,4.4,0.0,17.9,0.0,5.5,1.2,0.0,0.0,71.0
2023-04-27T22:00Z,11,345,0.0,0.0,87.6,0.0,0.0,0.0,0.0,0.1,12.3
2023-04-27T22:00Z,12,146,9.3,0.0,34.1,0.5,2.2,14.5,0.0,0.0,39.5
2023-04-27T22:00Z,13,117,4.1,0.0,23.2,0.4,4.2,2.3,0.0,0.0,65.6
2023-04-27T22:00Z,14,137,1.6,0.0,31.8,1.4,2.0,0.4,0.0,0.1,62.7
2023-04-27T22:00Z,15,108,7.3,0.0,24.0,0.3,2.1,18.8,0.0,0.0,47.6
2023-04-27T22:00Z,16,14,0.8,0.0,2.8,2.4,0.5,26.0,0.0,0.0,67.5
2023-04-27T22:00Z,17,145,0.2,0.0,36.7,2.2,0.1,5.2,0.0,0.0,55.6
2023-04-27T22:00Z,18,100,6.1,0.0,22.3,0.7,1.8,18.8,0.0,0.0,50.3
2023-04-27T22:30Z,1,0,0.0,0.0,0.0,7.2,0.0,0.0,0.0,0.0,92.8
2023-04-27T22:30Z,2,16,0.9,0.0,3.4,1.8,0.4,30.2,0.0,0.0,63.3
2023-04-27T22:30Z,3,19,0.6,0.0,4.5,0.3,0.7,53.5,0.0,0.0,40.4
2023-04-27T22:30Z,4,11,5.7,0.0,0.9,0.5,8.2,62.5,0.0,0.0,22.3
2023-04-27T22:30Z,5,130,27.9,0.0,24.4,0.1,0.8,7.8,0.0,0.0,39.1
2023-04-27T22:30Z,6,26,0.4,0.0,6.5,3.0,0.4,28.0,0.0,0.0,61.8
2023-04-27T22:30Z,7,238,0.3,0.0,60.4,0.1,0.1,3.6,0.0,0.0,35.5
2023-04-27T22:30Z,8,42,3.0,0.0,9.8,1.2,0.6,36.9,0.0,0.0,48.5
2023-04-27T22:30Z,9,160,17.1,0.0,35.4,0.0,0.5,4.5,0.0,0.0,42.5
2023-04-27T22:30Z,10,90,4.6,0.0,17.4,0.0,3.3,1.2,0.0,0.0,73.6
2023-04-27T22:30Z,11,343,0.0,0.0,87.1,0.0,0.0,0.0,0.0,0.0,13.0
2023-04-27T22:30Z,12,145,9.2,0.0,33.8,0.5,2.9,14.2,0.0,0.0,39.5
2023-04-27T22:30Z,13,108,4.3,0.0,23.1,0.4,2.7,2.2,0.0,0.0,67.3
2023-04-27T22:30Z,14,132,1.7,0.0,31.6,1.4,1.2,0.4,0.0,0.0,63.8
2023-04-27T22:30Z,15,96,8.2,0.0,21.7,0.3,1.5,19.3,0.0,0.0,49.1
2023-04-27T22:30Z,16,13,0.8,0.0,2.9,2.5,0.1,26.4,0.0,0.0,67.3
2023-04-27T22:30Z,17,137,0.2,0.0,34.7,1.6,0.0,5.1,0.0,0.0,58.4
2023-04-27T22:30Z,18,93,6.8,0.0,20.2,0.6,1.2,19.3,0.0,0.0,51.8
2023-04-27T23:00Z,1,0,0.0,0.0,0.0,7.4,0.0,0.0,0.0,0.0,92.6
2023-04-27T23:00Z,2,15,1.0,0.0,3.5,1.9,0.0,31.7,0.0,0.0,62.0
2023-04-27T23:00Z,3,19,0.6,0.0,4.7,0.3,0.6,54.5,0.0,0.0,39.3
2023-04-27T23:00Z,4,11,5.8,0.0,0.9,0.5,7.4,63.4,0.0,0.0,22.1
2023-04-27T23:00Z,5,126,26.9,0.0,23.8,0.1,0.8,8.3,0.0,0.0,40.2
2023-04-27T23:00Z,6,23,0.4,0.0,5.8,3.0,0.2,28.5,0.0,0.0,62.0
2023-04-27T23:00Z,7,260,0.0,0.0,66.0,0.1,0.0,3.4,0.0,0.0,30.5
2023-04-27T23:00Z,8,43,2.8,0.0,10.1,1.3,0.4,37.3,0.0,0.0,48.2
2023-04-27T23:00Z,9,154,16.6,0.0,34.1,0.0,0.5,4.9,0.0,0.0,43.8
2023-04-27T23:00Z,10,90,4.0,0.0,16.9,0.0,3.8,1.3,0.0,0.0,74.0
2023-04-27T23:00Z,11,341,0.0,0.0,86.6,0.0,0.0,0.0,0.0,0.0,13.4
2023-04-27T23:00Z,12,138,8.1,0.0,31.9,0.5,7.5,14.3,0.0,0.1,37.8
2023-04-27T23:00Z,13,113,3.6,0.0,24.1,0.5,3.4,2.1,0.0,0.0,66.3
2023-04-27T23:00Z,14,150,1.2,0.0,36.2,1.4,1.2,0.4,0.0,0.1,59.6
2023-04-27T23:00Z,15,98,8.0,0.0,21.9,0.3,3.3,20.3,0.0,0.0,46.2
2023-04-27T23:00Z,16,12,0.9,0.0,2.8,2.7,0.1,26.6,0.0,0.0,66.9
2023-04-27T23:00Z,17,148,0.1,0.0,37.5,0.9,0.0,4.8,0.0,0.1,56.6
2023-04-27T23:00Z,18,95,6.7,0.0,20.5,0.6,2.7,20.2,0.0,0.0,49.4
2023-04-27T23:30Z,1,0,0.0,0.0,0.0,7.9,0.0,0.0,0.0,0.0,92.1
2023-04-27T23:30Z,2,16,1.0,0.0,3.5,1.9,0.2,33.2,0.0,0.0,60.2
2023-04-27T23:30Z,3,19,0.6,0.0,4.7,0.3,0.6,55.5,0.0,0.0,38.3
2023-04-27T23:30Z,4,11,5.7,0.0,0.9,0.5,7.4,64.1,0.0,0.0,21.5
2023-04-27T23:30Z,5,113,26.6,0.0,20.6,0.1,0.9,9.2,0.0,0.0,42.6
2023-04-27T23:30Z,6,25,0.4,0.0,6.1,3.3,0.3,28.3,0.0,0.0,61.5
2023-04-27T23:30Z,7,240,0.1,0.0,60.8,0.0,0.0,2.4,0.0,0.0,36.6
2023-04-27T23:30Z,8,40,2.8,0.0,9.3,1.4,0.5,37.9,0.0,0.0,48.2
2023-04-27T23:30Z,9,149,16.1,0.0,32.9,0.0,0.5,5.4,0.0,0.0,45.1
2023-04-27T23:30Z,10,103,3.5,0.0,15.1,0.0,7.7,1.3,0.0,0.0,72.4
2023-04-27T23:30Z,11,338,0.0,0.0,85.8,0.0,0.0,0.0,0.0,0.0,14.2
2023-04-27T23:30Z,12,137,7.5,0.0,31.7,0.5,8.2,14.3,0.0,0.0,37.7
2023-04-27T23:30Z,13,121,3.0,0.0,22.8,0.5,6.0,2.1,0.0,0.0,65.7
2023-04-27T23:30Z,14,154,0.9,0.0,36.2,1.4,2.0,0.4,0.0,0.0,59.1
2023-04-27T23:30Z,15,93,7.8,0.0,20.1,0.2,3.9,20.7,0.0,0.0,47.2
2023-04-27T23:30Z,16,13,0.9,0.0,3.0,3.0,0.0,26.9,0.0,0.0,66.3
2023-04-27T23:30Z,17,135,0.2,0.0,34.2,0.6,0.0,4.5,0.0,0.0,60.5
2023-04-27T23:30Z,18,91,6.5,0.0,18.8,0.6,3.2,20.5,0.0,0.0,50.4
2023-04-28T00:00Z,1,0,0.0,0.0,0.0,7.8,0.0,0.0,0.0,0.0,92.2
2023-04-28T00:00Z,2,16,1.2,0.0,3.5,1.8,0.1,35.0,0.0,0.0,58.3
2023-04-28T00:00Z,3,22,0.6,0.0,5.5,0.3,0.8,55.9,0.0,0.0,37.0
2023-04-28T00:00Z,4,11,5.6,0.0,0.8,0.4,8.9,64.6,0.0,0.0,19.7
2023-04-28T00:00Z,5,107,27.2,0.0,18.8,0.1,1.2,9.8,0.0,0.0,42.9
2023-04-28T00:00Z,6,16,0.5,0.0,3.8,3.5,0.3,28.1,0.0,0.0,63.8
2023-04-28T00:00Z,7,252,0.0,0.0,63.9,0.0,0.0,0.9,0.0,0.1,35.0
2023-04-28T00:00Z,8,38,2.6,0.0,8.8,1.4,0.6,38.2,0.0,0.0,48.4
2023-04-28T00:00Z,9,141,16.7,0.0,30.6,0.0,0.7,5.9,0.0,0.0,45.9
2023-04-28T00:00Z,10,102,3.5,0.0,14.1,0.0,8.4,1.2,0.0,0.0,72.8
2023-04-28T00:00Z,11,332,0.0,0.0,84.2,0.0,0.0,0.0,0.0,0.0,15.8
2023-04-28T00:00Z,12,128,7.9,0.0,29.2,0.6,8.3,14.3,0.0,0.0,39.7
2023-04-28T00:00Z,13,123,2.8,0.0,23.1,0.5,6.2,1.9,0.0,0.0,65.5
2023-04-28T00:00Z,14,164,0.7,0.0,39.1,1.3,1.8,0.3,0.0,0.0,56.7
2023-04-28T00:00Z,15,96,7.6,0.0,20.3,0.2,4.2,20.8,0.0,0.0,46.9
2023-04-28T00:00Z,16,13,1.1,0.0,2.9,3.0,0.0,27.6,0.0,0.0,65.4
2023-04-28T00:00Z,17,139,0.1,0.0,35.2,0.4,0.0,3.9,0.0,0.0,60.4
2023-04-28T00:00Z,18,92,6.3,0.0,19.0,0.6,3.4,20.7,0.0,0.0,50.1
2023-04-28T00:30Z,1,0,0.0,0.0,0.0,8.7,0.0,0.0,0.0,0.0,91.3
2023-04-28T00:30Z,2,17,1.2,0.0,3.7,1.9,0.3,36.1,0.0,0.0,56.7
2023-04-28T00:30Z,3,20,0.6,0.0,4.9,0.3,0.9,56.8,0.0,0.0,36.4
2023-04-28T00:30Z,4,11,5.7,0.0,0.8,0.4,10.4,64.7,0.0,0.0,18.0
2023-04-28T00:30Z,5,108,26.9,0.0,19.1,0.1,1.4,9.9,0.0,0.0,42.6
2023-04-28T00:30Z,6,16,0.5,0.0,3.7,3.5,0.4,27.4,0.0,0.0,64.5
2023-04-28T00:30Z,7,255,0.0,0.0,64.7,0.0,0.0,0.3,0.0,0.0,35.1
2023-04-28T00:30Z,8,42,2.4,0.0,9.7,1.5,0.7,38.0,0.0,0.0,47.8
2023-04-28T00:30Z,9,144,16.2,0.0,31.6,0.0,0.8,6.1,0.0,0.0,45.2
2023-04-28T00:30Z,10,103,3.1,0.0,13.5,0.0,9.1,1.2,0.0,0.0,73.1
2023-04-28T00:30Z,11,333,0.0,0.0,84.6,0.0,0.0,0.0,0.0,0.0,15.4
2023-04-28T00:30Z,12,130,7.3,0.0,29.9,0.6,9.8,13.7,0.0,0.0,38.8
2023-04-28T00:30Z,13,127,2.3,0.0,23.7,0.5,6.4,1.6,0.0,0.0,65.5
2023-04-28T00:30Z,14,169,0.5,0.0,41.0,1.3,1.4,0.3,0.0,0.0,55.5
2023-04-28T00:30Z,15,96,7.4,0.0,20.3,0.2,4.5,20.7,0.0,0.0,47.0
2023-04-28T00:30Z,16,14,1.1,0.0,3.0,2.9,0.1,28.7,0.0,0.0,64.2
2023-04-28T00:30Z,17,131,0.1,0.0,33.3,0.4,0.0,3.3,0.0,0.0,62.8
2023-04-28T00:30Z,18,92,6.1,0.0,18.9,0.6,3.6,20.6,0.0,0.0,50.1
2023-04-28T01:00Z,1,0,0.0,0.0,0.0,9.3,0.0,0.0,0.0,0.0,90.7
2023-04-28T01:00Z,2,18,1.2,0.0,3.9,2.0,0.3,38.7,0.0,0.0,53.9
2023-04-28T01:00Z,3,25,0.7,0.0,6.0,0.3,1.2,57.2,0.0,0.0,34.6
2023-04-28T01:00Z,4,10,5.6,0.0,0.7,0.4,13.2,64.8,0.0,0.0,15.2
2023-04-28T01:00Z,5,107,27.3,0.0,18.9,0.1,1.9,10.4,0.0,0.0,41.4
2023-04-28T01:00Z,6,17,0.5,0.0,4.0,3.4,0.5,27.2,0.0,0.0,64.3
2023-04-28T01:00Z,7,249,0.0,0.0,63.2,0.0,0.0,0.3,0.0,0.1,36.4
2023-04-28T01:00Z,8,40,2.6,0.0,9.2,1.4,0.9,38.2,0.0,0.1,47.5
2023-04-28T01:00Z,9,143,16.8,0.0,31.1,0.0,1.1,6.3,0.0,0.0,44.7
2023-04-28T01:00Z,10,102,2.9,0.0,13.5,0.0,9.0,1.2,0.0,0.0,73.4
2023-04-28T01:00Z,11,335,0.0,0.0,85.0,0.0,0.0,0.0,0.0,0.1,15.0
2023-04-28T01:00Z,12,134,7.5,0.0,30.8,0.5,9.5,13.3,0.0,0.0,38.3
2023-04-28T01:00Z,13,124,2.1,0.0,23.1,0.5,6.3,1.4,0.0,0.0,66.5
2023-04-28T01:00Z,14,165,0.5,0.0,39.9,1.2,1.5,0.2,0.0,0.0,56.7
2023-04-28T01:00Z,15,96,7.1,0.0,20.4,0.2,4.6,20.7,0.0,0.0,47.0
2023-04-28T01:00Z,16,14,1.2,0.0,3.2,2.8,0.0,29.9,0.0,0.0,62.9
2023-04-28T01:00Z,17,137,0.1,0.0,34.6,0.6,0.0,2.9,0.0,0.0,61.8
2023-04-28T01:00Z,18,93,6.0,0.0,19.2,0.5,3.8,20.7,0.0,0.0,49.9
2023-04-28T01:30Z,1,0,0.0,0.0,0.0,10.5,0.0,0.0,0.0,0.0,89.5
2023-04-28T01:30Z,2,19,1.5,0.0,4.2,2.1,0.3,40.4,0.0,0.0,51.6
2023-04-28T01:30Z,3,24,0.7,0.0,5.9,0.3,1.3,58.1,0.0,0.0,33.7
2023-04-28T01:30Z,4,10,5.9,0.0,0.6,0.3,13.7,66.6,0.0,0.0,12.8
2023-04-28T01:30Z,5,109,29.5,0.0,18.8,0.1,1.6,10.4,0.0,0.0,39.6
2023-04-28T01:30Z,6,17,0.5,0.0,4.1,3.5,0.5,27.0,0.0,0.0,64.5
2023-04-28T01:30Z,7,246,0.0,0.0,62.5,0.0,0.0,0.0,0.0,0.0,37.5
2023-04-28T01:30Z,8,40,3.2,0.0,9.1,1.5,0.9,38.3,0.0,0.0,46.9
2023-04-28T01:30Z,9,147,18.0,0.0,31.8,0.0,1.0,6.4,0.0,0.0,42.9
2023-04-28T01:30Z,10,114,2.6,0.0,11.9,0.0,12.5,1.1,0.0,0.0,71.8
2023-04-28T01:30Z,11,334,0.0,0.0,84.9,0.0,0.0,0.0,0.0,0.0,15.1
2023-04-28T01:30Z,12,134,7.7,0.0,30.4,0.5,13.0,13.6,0.0,0.0,34.7
2023-04-28T01:30Z,13,130,1.9,0.0,21.4,0.5,8.7,1.3,0.0,0.0,66.3
2023-04-28T01:30Z,14,161,0.3,0.0,38.6,1.4,1.6,0.2,0.0,0.0,57.8
2023-04-28T01:30Z,15,95,7.2,0.0,20.0,0.2,5.8,20.8,0.0,0.0,46.1
2023-04-28T01:30Z,16,15,1.4,0.0,3.3,2.7,0.0,31.4,0.0,0.0,61.2
2023-04-28T01:30Z,17,131,0.1,0.0,33.2,0.7,0.0,2.4,0.0,0.0,63.6
2023-04-28T01:30Z,18,93,6.0,0.0,18.8,0.5,4.7,20.9,0.0,0.0,49.1
2023-04-28T02:00Z,1,0,0.0,0.0,0.0,10.5,0.0,0.0,0.0,0.0,89.5
2023-04-28T02:00Z,2,21,1.5,0.0,4.6,1.9,0.3,42.6,0.0,0.0,49.1
2023-04-28T02:00Z,3,28,0.7,0.0,7.0,0.2,1.3,59.3,0.0,0.0,31.5
2023-04-28T02:00Z,4,11,5.9,0.0,0.6,0.3,14.3,67.3,0.0,0.0,11.5
2023-04-28T02:00Z,5,113,29.7,0.0,19.7,0.0,1.7,10.2,0.0,0.0,38.6
2023-04-28T02:00Z,6,18,0.5,0.0,4.2,3.5,0.5,27.1,0.0,0.0,64.1
2023-04-28T02:00Z,7,252,0.0,0.0,63.8,0.0,0.0,0.0,0.0,0.0,36.1
2023-04-28T02:00Z,8,42,3.0,0.0,9.8,1.5,1.0,39.0,0.0,0.0,45.8
2023-04-28T02:00Z,9,151,18.1,0.0,32.9,0.0,1.1,6.2,0.0,0.0,41.7
2023-04-28T02:00Z,10,101,3.3,0.0,13.1,0.0,9.0,1.0,0.0,0.0,73.6
2023-04-28T02:00Z,11,337,0.0,0.0,85.5,0.0,0.0,0.0,0.0,0.0,14.5
2023-04-28T02:00Z,12,137,8.1,0.0,31.2,0.5,12.1,12.6,0.0,0.1,35.4
2023-04-28T02:00Z,13,122,2.6,0.0,22.5,0.5,6.6,1.0,0.0,0.0,66.8
2023-04-28T02:00Z,14,158,0.6,0.0,37.9,1.2,1.6,0.2,0.0,0.1,58.5
2023-04-28T02:00Z,15,98,7.1,0.0,20.3,0.2,6.2,21.0,0.0,0.0,45.2
2023-04-28T02:00Z,16,16,1.5,0.0,3.5,2.9,0.0,32.8,0.0,0.0,59.3
2023-04-28T02:00Z,17,136,0.1,0.0,34.6,0.8,0.0,2.0,0.0,0.0,62.6
2023-04-28T02:00Z,18,95,5.9,0.0,19.2,0.6,5.1,21.2,0.0,0.0,48.0
2023-04-28T02:30Z,1,0,0.0,0.0,0.0,11.3,0.0,0.0,0.0,0.0,88.7
2023-04-28T02:30Z,2,22,1.8,0.0,4.9,1.9,0.1,44.8,0.0,0.0,46.5
2023-04-28T02:30Z,3,27,0.8,0.0,6.6,0.2,1.5,60.7,0.0,0.0,30.3
2023-04-28T02:30Z,4,10,6.2,0.0,0.6,0.2,15.6,67.9,0.0,0.0,9.6
2023-04-28T02:30Z,5,112,30.6,0.0,19.2,0.0,1.8,9.9,0.0,0.0,38.5
2023-04-28T02:30Z,6,16,0.5,0.0,4.0,3.7,0.5,26.9,0.0,0.0,64.4
2023-04-28T02:30Z,7,254,0.0,0.0,64.5,0.0,0.0,0.0,0.0,0.0,35.5
2023-04-28T02:30Z,8,42,3.3,0.0,9.6,1.6,1.0,39.4,0.0,0.0,45.3
2023-04-28T02:30Z,9,152,18.3,0.0,33.0,0.0,1.1,5.9,0.0,0.0,41.6
2023-04-28T02:30Z,10,102,2.9,0.0,12.3,0.0,10.0,0.9,0.0,0.0,73.9
2023-04-28T02:30Z,11,336,0.0,0.0,85.4,0.0,0.0,0.0,0.0,0.0,14.6
2023-04-28T02:30Z,12,139,8.3,0.0,31.4,0.5,11.9,12.1,0.0,0.0,35.9
2023-04-28T02:30Z,13,122,2.2,0.0,21.4,0.5,7.2,0.9,0.0,0.0,67.8
2023-04-28T02:30Z,14,156,0.5,0.0,37.3,1.3,1.8,0.1,0.0,0.0,59.0
2023-04-28T02:30Z,15,99,7.0,0.0,20.4,0.2,6.4,21.2,0.0,0.0,44.9
2023-04-28T02:30Z,16,16,1.7,0.0,3.6,3.3,0.0,34.6,0.0,0.0,56.9
2023-04-28T02:30Z,17,140,0.1,0.0,35.5,0.7,0.0,1.6,0.0,0.0,62.1
2023-04-28T02:30Z,18,96,5.9,0.0,19.4,0.6,5.2,21.5,0.0,0.0,47.4
2023-04-28T03:00Z,1,0,0.0,0.0,0.0,12.0,0.0,0.0,0.0,0.0,88.0
2023-04-28T03:00Z,2,22,1.8,0.0,5.0,1.8,0.1,46.7,0.0,0.0,44.6
2023-04-28T03:00Z,3,26,0.8,0.0,6.4,0.2,2.2,61.6,0.0,0.0,28.8
2023-04-28T03:00Z,4,9,5.7,0.0,0.3,0.1,19.9,66.8,0.0,0.0,7.1
2023-04-28T03:00Z,5,116,30.6,0.0,20.1,0.0,2.5,9.5,0.0,0.0,37.3
2023-04-28T03:00Z,6,15,0.5,0.0,3.7,3.7,0.7,27.0,0.0,0.0,64.5
2023-04-28T03:00Z,7,250,0.0,0.0,63.5,0.0,0.0,0.0,0.0,0.0,36.4
2023-04-28T03:00Z,8,44,3.4,0.0,10.0,1.5,1.5,39.4,0.0,0.0,44.3
2023-04-28T03:00Z,9,159,17.9,0.0,35.0,0.0,1.4,5.6,0.0,0.0,40.1
2023-04-28T03:00Z,10,106,2.7,0.0,11.7,0.0,11.2,0.8,0.0,0.0,73.5
2023-04-28T03:00Z,11,340,0.0,0.0,86.4,0.0,0.0,0.0,0.0,0.0,13.6
2023-04-28T03:00Z,12,149,7.9,0.0,34.3,0.5,11.4,11.4,0.0,0.0,34.4
2023-04-28T03:00Z,13,124,2.0,0.0,21.1,0.5,7.9,0.8,0.0,0.0,67.8
2023-04-28T03:00Z,14,157,0.4,0.0,37.7,1.3,1.6,0.1,0.0,0.0,58.9
2023-04-28T03:00Z,15,98,7.0,0.0,20.0,0.2,6.7,21.2,0.0,0.0,44.8
2023-04-28T03:00Z,16,16,1.7,0.0,3.4,3.9,0.0,35.4,0.0,0.0,55.5
2023-04-28T03:00Z,17,138,0.0,0.0,35.0,0.9,0.0,1.2,0.0,0.0,62.8
2023-04-28T03:00Z,18,96,5.9,0.0,19.0,0.7,5.5,21.6,0.0,0.0,47.3
2023-04-28T03:30Z,1,0,0.0,0.0,0.0,14.1,0.0,0.0,0.0,0.0,85.9
2023-04-28T03:30Z,2,23,1.9,0.0,5.1,2.0,0.0,48.1,0.0,0.0,42.9
2023-04-28T03:30Z,3,27,0.8,0.0,6.7,0.2,2.2,62.2,0.0,0.0,27.9
2023-04-28T03:30Z,4,9,5.8,0.0,0.3,0.1,21.0,66.4,0.0,0.0,6.5
2023-04-28T03:30Z,5,116,31.1,0.0,19.9,0.0,2.6,9.6,0.0,0.0,37.0
2023-04-28T03:30Z,6,15,0.5,0.0,3.7,3.8,0.7,26.5,0.0,0.0,64.8
2023-04-28T03:30Z,7,254,0.0,0.0,64.5,0.0,0.0,0.0,0.0,0.0,35.5
2023-04-28T03:30Z,8,48,3.4,0.0,11.0,1.5,1.5,39.0,0.0,0.0,43.6
2023-04-28T03:30Z,9,158,18.0,0.0,34.7,0.0,1.5,5.5,0.0,0.0,40.4
2023-04-28T03:30Z,10,121,2.0,0.0,10.8,0.0,14.9,0.8,0.0,0.0,71.4
2023-04-28T03:30Z,11,343,0.0,0.0,87.1,0.0,0.0,0.0,0.0,0.0,12.9
2023-04-28T03:30Z,12,152,7.5,0.0,35.1,0.5,11.6,11.7,0.0,0.0,33.5
2023-04-28T03:30Z,13,136,1.4,0.0,21.3,0.5,10.1,0.8,0.0,0.0,66.0
2023-04-28T03:30Z,14,166,0.2,0.0,40.5,1.4,1.3,0.1,0.0,0.0,56.5
2023-04-28T03:30Z,15,98,7.4,0.0,19.8,0.3,6.9,21.3,0.0,0.0,44.3
2023-04-28T03:30Z,16,16,1.7,0.0,3.4,4.5,0.1,36.0,0.0,0.0,54.2
2023-04-28T03:30Z,17,131,0.0,0.0,33.3,0.8,0.0,0.8,0.0,0.0,65.1
2023-04-28T03:30Z,18,98,6.2,0.0,18.7,0.8,5.7,21.7,0.0,0.0,46.8
2023-04-28T04:00Z,1,0,0.0,0.0,0.0,16.5,0.0,0.0,0.0,0.0,83.5
2023-04-28T04:00Z,2,24,1.9,0.0,5.2,2.1,0.2,49.1,0.0,0.0,41.4
2023-04-28T04:00Z,3,26,0.8,0.0,6.4,0.2,2.6,62.8,0.0,0.0,27.3
2023-04-28T04:00Z,4,9,5.8,0.0,0.2,0.1,24.2,64.3,0.0,0.0,5.5
2023-04-28T04:00Z,5,120,31.3,0.0,20.9,0.0,2.8,9.5,0.0,0.0,35.4
2023-04-28T04:00Z,6,14,0.5,0.0,3.4,4.0,0.8,27.1,0.0,0.0,64.2
2023-04-28T04:00Z,7,258,0.0,0.0,65.5,0.0,0.0,0.0,0.0,0.0,34.5
2023-04-28T04:00Z,8,48,3.5,0.0,11.1,1.6,1.7,38.8,0.0,0.0,43.3
2023-04-28T04:00Z,9,165,17.7,0.0,36.5,0.0,1.6,5.4,0.0,0.0,38.9
2023-04-28T04:00Z,10,122,2.1,0.0,11.6,0.0,14.6,0.7,0.0,0.0,71.0
2023-04-28T04:00Z,11,346,0.0,0.0,87.8,0.0,0.0,0.2,0.0,0.0,12.1
2023-04-28T04:00Z,12,149,7.5,0.0,34.1,0.5,14.1,11.4,0.0,0.0,32.3
2023-04-28T04:00Z,13,137,1.4,0.0,21.7,0.5,9.9,0.6,0.0,0.0,65.8
2023-04-28T04:00Z,14,166,0.2,0.0,40.5,1.5,1.3,0.1,0.0,0.0,56.5
2023-04-28T04:00Z,15,102,7.4,0.0,20.6,0.3,7.7,21.1,0.0,0.0,43.0
2023-04-28T04:00Z,16,17,1.7,0.0,3.6,5.4,0.2,35.8,0.0,0.0,53.3
2023-04-28T04:00Z,17,141,0.0,0.0,35.7,1.0,0.0,0.5,0.0,0.0,62.8
2023-04-28T04:00Z,18,100,6.2,0.0,19.5,1.0,6.3,21.5,0.0,0.0,45.5
2023-04-28T04:30Z,1,0,0.0,0.0,0.0,18.4,0.0,0.0,0.0,0.0,81.6
2023-04-28T04:30Z,2,24,1.9,0.0,5.3,2.3,0.4,50.0,0.0,0.0,40.2
2023-04-28T04:30Z,3,26,0.8,0.0,6.3,0.2,3.0,62.5,0.0,0.0,27.3
2023-04-28T04:30Z,4,9,5.8,0.0,0.1,0.0,28.0,61.3,0.0,0.0,4.8
2023-04-28T04:30Z,5,117,32.4,0.0,19.8,0.0,3.6,9.1,0.0,0.0,35.0
2023-04-28T04:30Z,6,11,0.5,0.0,2.6,4.6,0.9,27.1,0.0,0.1,64.1
2023-04-28T04:30Z,7,257,0.0,0.0,65.1,0.0,0.0,0.2,0.0,0.0,34.7
2023-04-28T04:30Z,8,46,3.3,0.0,10.6,1.8,2.0,38.9,0.0,0.1,43.3
2023-04-28T04:30Z,9,161,18.0,0.0,35.4,0.0,2.0,5.2,0.0,0.1,39.3
2023-04-28T04:30Z,10,118,2.2,0.0,10.3,0.0,14.9,0.7,0.0,0.3,71.8
2023-04-28T04:30Z,11,345,0.0,0.0,87.5,0.0,0.0,0.5,0.0,0.1,11.9
2023-04-28T04:30Z,12,149,8.0,0.0,34.5,0.6,11.3,11.0,0.0,0.3,34.3
2023-04-28T04:30Z,13,134,1.5,0.0,20.8,0.5,10.0,0.5,0.0,0.3,66.4
2023-04-28T04:30Z,14,165,0.1,0.0,40.7,1.6,0.9,0.1,0.0,0.3,56.3
2023-04-28T04:30Z,15,103,7.4,0.0,20.8,0.3,8.8,20.1,0.0,0.1,42.5
2023-04-28T04:30Z,16,18,1.6,0.0,3.9,5.9,0.1,36.0,0.0,0.0,52.4
2023-04-28T04:30Z,17,157,0.0,0.0,39.8,1.1,0.0,0.3,0.0,0.0,58.8
2023-04-28T04:30Z,18,101,6.2,0.0,20.0,1.0,7.2,20.7,0.0,0.1,44.7
2023-04-28T05:00Z,1,0,0.0,0.0,0.1,19.4,0.0,0.0,0.0,0.0,80.6
2023-04-28T05:00Z,2,24,1.9,0.0,5.4,2.3,1.6,51.4,0.0,0.1,37.1
2023-04-28T05:00Z,3,25,0.8,0.0,6.0,0.2,5.4,61.7,0.0,0.1,26.0
2023-04-28T05:00Z,4,8,4.6,0.0,0.0,0.0,36.8,55.5,0.0,0.1,3.0
2023-04-28T05:00Z,5,113,32.8,0.0,18.6,0.0,6.0,9.0,0.0,0.1,33.5
2023-04-28T05:00Z,6,14,0.5,0.0,3.2,3.9,2.0,27.1,0.0,0.3,63.0
2023-04-28T05:00Z,7,266,0.0,0.0,67.6,0.0,0.0,0.2,0.0,0.4,31.8
2023-04-28T05:00Z,8,48,3.4,0.0,11.0,1.5,3.7,38.5,0.0,0.3,41.6
2023-04-28T05:00Z,9,166,17.7,0.0,36.7,0.0,3.2,4.8,0.0,0.3,37.2
2023-04-28T05:00Z,10,124,2.5,0.0,12.0,0.0,14.8,0.6,0.0,0.8,69.3
2023-04-28T05:00Z,11,324,0.6,0.0,82.0,0.0,1.1,0.8,0.0,1.4,14.1
2023-04-28T05:00Z,12,137,8.3,0.0,31.0,0.6,15.6,10.5,0.0,1.0,32.9
2023-04-28T05:00Z,13,138,1.7,0.0,21.8,0.6,10.2,0.5,0.0,0.8,64.4
2023-04-28T05:00Z,14,167,0.2,0.0,41.1,1.6,1.0,0.0,0.0,0.9,55.3
2023-04-28T05:00Z,15,119,7.4,0.0,23.2,0.3,10.5,18.8,0.0,0.5,39.4
2023-04-28T05:00Z,16,27,1.4,0.0,6.4,5.9,0.0,35.0,0.0,0.1,51.3
2023-04-28T05:00Z,17,186,0.0,0.0,47.3,1.4,0.0,0.1,0.0,0.2,51.0
2023-04-28T05:00Z,18,109,6.2,0.0,22.7,1.1,8.5,19.6,0.0,0.4,41.6
2023-04-28T05:30Z,1,0,0.0,0.0,0.1,21.1,0.0,0.0,0.0,0.0,78.7
2023-04-28T05:30Z,2,25,2.1,0.0,5.6,2.2,2.2,51.4,0.0,0.2,36.3
2023-04-28T05:30Z,3,34,0.6,0.0,8.3,0.1,4.6,61.4,0.0,0.1,24.9
2023-04-28T05:30Z,4,8,4.8,0.0,0.0,0.0,39.5,52.6,0.0,0.1,2.9
2023-04-28T05:30Z,5,124,32.6,0.0,21.4,0.0,5.1,8.5,0.0,0.2,32.3
2023-04-28T05:30Z,6,15,0.5,0.0,3.7,3.6,2.0,27.1,0.0,0.7,62.4
2023-04-28T05:30Z,7,260,0.1,0.0,66.1,0.0,0.1,0.2,0.0,0.9,32.7
2023-04-28T05:30Z,8,53,3.6,0.0,12.3,1.3,3.4,38.3,0.0,0.7,40.5
2023-04-28T05:30Z,9,173,17.1,0.0,38.8,0.0,2.7,4.4,0.0,0.7,36.3
2023-04-28T05:30Z,10,130,2.2,0.0,11.7,0.0,16.1,0.5,0.0,1.4,67.9
2023-04-28T05:30Z,11,292,1.6,0.0,73.5,0.1,2.3,1.0,0.0,4.8,16.8
2023-04-28T05:30Z,12,148,8.1,0.0,34.2,0.5,11.8,10.4,0.0,2.5,32.4
2023-04-28T05:30Z,13,141,1.5,0.0,21.5,0.6,10.8,0.5,0.0,1.5,63.5
2023-04-28T05:30Z,14,164,0.0,0.0,41.6,2.0,0.0,0.0,0.0,1.8,54.6
2023-04-28T05:30Z,15,136,7.3,0.0,26.2,0.3,11.0,17.7,0.0,1.1,36.4
2023-04-28T05:30Z,16,27,1.4,0.0,6.4,6.0,0.0,35.3,0.0,0.2,50.6
2023-04-28T05:30Z,17,184,0.0,0.0,46.8,1.5,0.0,0.0,0.0,0.6,51.0
2023-04-28T05:30Z,18,117,6.2,0.0,25.2,1.0,9.0,18.6,0.0,1.0,39.1
2023-04-28T06:00Z,1,1,0.0,0.0,0.2,22.5,0.0,0.0,0.0,0.0,77.3
2023-04-28T06:00Z,2,25,2.2,0.0,5.4,2.1,3.9,52.6,0.0,0.4,33.3
2023-04-28T06:00Z,3,45,0.6,0.0,11.1,0.1,5.1,59.8,0.0,0.2,23.3
2023-04-28T06:00Z,4,8,4.4,0.0,0.0,0.0,43.3,49.0,0.0,0.3,3.0
2023-04-28T06:00Z,5,122,33.6,0.0,20.6,0.0,5.7,7.5,0.0,0.3,32.2
2023-04-28T06:00Z,6,21,0.5,0.0,5.2,3.1,2.3,27.0,0.0,1.4,60.5
2023-04-28T06:00Z,7,267,0.0,0.0,67.7,0.0,0.0,0.2,0.0,1.8,30.4
2023-04-28T06:00Z,8,74,3.1,0.0,17.8,1.0,3.5,36.7,0.0,1.4,36.5
2023-04-28T06:00Z,9,207,13.7,0.0,48.4,0.0,2.3,3.8,0.0,1.1,30.7
2023-04-28T06:00Z,10,126,2.2,0.0,14.1,0.0,13.7,0.5,0.0,2.4,67.1
2023-04-28T06:00Z,11,286,1.0,0.0,72.1,0.1,2.2,1.1,0.0,9.3,14.2
2023-04-28T06:00Z,12,170,6.3,0.0,40.1,0.4,13.4,9.1,0.0,4.5,26.1
2023-04-28T06:00Z,13,136,1.7,0.0,22.5,0.6,9.6,0.5,0.0,2.7,62.3
2023-04-28T06:00Z,14,155,0.1,0.0,38.8,2.0,0.3,0.0,0.0,3.2,55.6
2023-04-28T06:00Z,15,146,7.0,0.0,29.5,0.3,10.8,16.5,0.0,2.0,34.0
2023-04-28T06:00Z,16,32,1.3,0.0,7.7,6.3,0.0,34.7,0.0,0.4,49.5
2023-04-28T06:00Z,17,191,0.0,0.0,48.4,1.5,0.0,0.0,0.0,1.3,48.8
2023-04-28T06:00Z,18,125,5.9,0.0,28.1,1.1,8.9,17.6,0.0,1.8,36.7
2023-04-28T06:30Z,1,1,0.0,0.0,0.2,23.7,0.0,0.0,0.0,0.0,76.0
2023-04-28T06:30Z,2,25,2.3,0.0,5.6,1.8,4.7,53.9,0.0,0.7,31.0
2023-04-28T06:30Z,3,49,0.5,0.0,12.2,0.0,5.0,59.6,0.0,0.3,22.4
2023-04-28T06:30Z,4,8,4.5,0.0,0.0,0.0,44.9,46.8,0.0,0.4,3.3
2023-04-28T06:30Z,5,127,33.5,0.0,22.0,0.0,5.5,6.9,0.0,0.5,31.6
2023-04-28T06:30Z,6,22,0.4,0.0,5.5,2.9,2.5,26.2,0.0,2.3,60.2
2023-04-28T06:30Z,7,265,0.0,0.0,67.2,0.0,0.0,0.2,0.0,3.2,29.5
2023-04-28T06:30Z,8,81,3.1,0.0,19.6,0.9,3.5,36.0,0.0,2.1,34.8
2023-04-28T06:30Z,9,213,13.1,0.0,50.0,0.0,2.1,3.1,0.0,1.7,29.8
2023-04-28T06:30Z,10,127,2.1,0.0,13.3,0.0,14.4,0.5,0.0,3.7,66.0
2023-04-28T06:30Z,11,258,1.1,0.0,65.1,0.1,2.4,1.3,0.0,16.0,14.1
2023-04-28T06:30Z,12,168,5.9,0.0,39.9,0.4,13.6,8.5,0.0,7.6,24.1
2023-04-28T06:30Z,13,133,1.6,0.0,21.4,0.7,9.9,0.5,0.0,4.3,61.5
2023-04-28T06:30Z,14,139,0.0,0.0,35.2,2.1,0.0,0.0,0.0,5.2,57.5
2023-04-28T06:30Z,15,149,6.8,0.0,31.0,0.2,10.6,15.9,0.0,3.1,32.4
2023-04-28T06:30Z,16,38,1.2,0.0,9.3,7.1,0.0,35.2,0.0,0.7,46.5
2023-04-28T06:30Z,17,206,0.0,0.0,52.4,1.5,0.0,0.0,0.0,2.0,44.1
2023-04-28T06:30Z,18,128,5.7,0.0,29.7,1.1,8.6,17.3,0.0,2.8,34.8
2023-04-28T07:00Z,1,2,0.0,0.0,0.5,24.0,0.0,0.0,0.0,0.0,75.5
2023-04-28T07:00Z,2,26,2.2,0.0,5.9,1.3,5.6,55.3,0.0,0.9,28.7
2023-04-28T07:00Z,3,47,0.5,0.0,11.7,0.0,4.9,60.1,0.0,0.5,22.4
2023-04-28T07:00Z,4,8,4.4,0.0,0.0,0.0,44.6,47.0,0.0,0.6,3.4
2023-04-28T07:00Z,5,141,32.5,0.0,25.8,0.0,4.6,6.1,0.0,0.7,30.4
2023-04-28T07:00Z,6,34,0.4,0.0,8.4,2.2,2.3,26.5,0.0,3.2,57.0
2023-04-28T07:00Z,7,257,0.0,0.0,65.1,0.0,0.0,0.2,0.0,4.7,30.0
2023-04-28T07:00Z,8,86,3.2,0.0,20.8,0.6,3.3,34.6,0.0,3.1,34.3
2023-04-28T07:00Z,9,212,12.8,0.0,49.8,0.0,1.8,2.6,0.0,2.6,30.4
2023-04-28T07:00Z,10,127,1.7,0.0,13.0,0.0,14.6,0.4,0.0,5.0,65.2
2023-04-28T07:00Z,11,229,1.1,0.0,57.5,0.1,3.3,1.2,0.0,23.1,13.8
2023-04-28T07:00Z,12,167,5.1,0.0,39.7,0.3,15.3,7.3,0.0,10.9,21.4
2023-04-28T07:00Z,13,128,1.2,0.0,20.5,0.8,9.6,0.5,0.0,6.0,61.4
2023-04-28T07:00Z,14,128,0.0,0.0,32.5,2.3,0.0,0.0,0.0,7.3,57.8
2023-04-28T07:00Z,15,156,6.4,0.0,31.9,0.2,10.0,15.5,0.0,4.5,31.5
2023-04-28T07:00Z,16,41,1.2,0.0,9.9,7.4,0.0,35.0,0.0,1.0,45.5
2023-04-28T07:00Z,17,198,0.0,0.0,50.2,1.1,0.0,0.0,0.0,3.1,45.6
2023-04-28T07:00Z,18,130,5.3,0.0,30.3,1.1,8.2,17.0,0.0,4.0,34.1
2023-04-28T07:30Z,1,3,0.0,0.0,0.8,22.4,0.0,0.0,0.0,0.0,76.8
2023-04-28T07:30Z,2,27,2.3,0.0,5.9,0.9,6.1,56.8,0.0,1.3,26.7
2023-04-28T07:30Z,3,46,0.5,0.0,11.5,0.0,5.4,59.5,0.0,0.7,22.4
2023-04-28T07:30Z,4,7,4.1,0.0,0.0,0.0,44.7,46.9,0.0,0.9,3.4
2023-04-28T07:30Z,5,143,32.5,0.0,26.3,0.0,4.7,5.4,0.0,1.0,30.2
2023-04-28T07:30Z,6,34,0.4,0.0,8.5,1.6,2.5,26.6,0.0,4.3,56.1
2023-04-28T07:30Z,7,253,0.0,0.0,64.1,0.0,0.0,0.0,0.0,6.6,29.3
2023-04-28T07:30Z,8,87,3.3,0.0,20.9,0.4,3.5,33.8,0.0,4.3,33.7
2023-04-28T07:30Z,9,209,12.8,0.0,49.0,0.0,1.8,2.1,0.0,3.5,30.7
2023-04-28T07:30Z,10,126,1.8,0.0,12.1,0.0,15.2,0.3,0.0,6.5,64.2
2023-04-28T07:30Z,11,215,0.9,0.0,54.2,0.0,2.3,0.8,0.0,29.5,12.3
2023-04-28T07:30Z,12,164,5.3,0.0,38.8,0.3,13.5,5.4,0.0,14.7,22.0
2023-04-28T07:30Z,13,129,1.3,0.0,20.5,0.8,9.8,0.4,0.0,7.7,59.5
2023-04-28T07:30Z,14,132,0.0,0.0,33.4,2.1,0.0,0.0,0.0,9.2,55.3
2023-04-28T07:30Z,15,155,6.2,0.0,31.3,0.1,10.4,15.0,0.0,6.0,30.9
2023-04-28T07:30Z,16,44,1.3,0.0,10.8,7.1,0.1,35.0,0.0,1.5,44.1
2023-04-28T07:30Z,17,201,0.0,0.0,51.1,0.6,0.0,0.0,0.0,4.2,44.1
2023-04-28T07:30Z,18,129,5.2,0.0,30.0,1.0,8.5,16.6,0.0,5.3,33.4
2023-04-28T08:00Z,1,0,0.0,0.0,0.0,21.6,0.0,0.4,0.0,0.0,78.0
2023-04-28T08:00Z,2,27,2.3,0.0,6.1,0.5,5.8,58.2,0.0,1.7,25.4
2023-04-28T08:00Z,3,51,0.8,0.0,12.6,0.0,4.8,59.4,0.0,1.1,21.3
2023-04-28T08:00Z,4,8,4.4,0.0,0.0,0.0,42.9,47.6,0.0,1.3,3.9
2023-04-28T08:00Z,5,145,34.3,0.0,26.3,0.0,3.3,4.7,0.0,1.3,30.2
2023-04-28T08:00Z,6,35,0.5,0.0,8.8,1.0,2.3,26.7,0.0,5.9,54.9
2023-04-28T08:00Z,7,246,0.0,0.0,62.5,0.0,0.0,0.0,0.0,9.1,28.4
2023-04-28T08:00Z,8,91,3.9,0.0,21.9,0.3,3.0,33.5,0.0,5.5,31.9
2023-04-28T08:00Z,9,210,12.7,0.0,49.4,0.0,1.2,1.8,0.0,4.4,30.3
2023-04-28T08:00Z,10,123,1.5,0.0,11.2,0.0,15.2,0.2,0.0,8.1,63.8
2023-04-28T08:00Z,11,196,0.6,0.0,49.5,0.0,1.7,0.6,0.0,36.8,10.7
2023-04-28T08:00Z,12,163,4.9,0.0,38.7,0.3,13.2,4.2,0.0,18.9,19.8
2023-04-28T08:00Z,13,126,1.0,0.0,19.8,0.8,9.6,0.3,0.0,9.5,58.9
2023-04-28T08:00Z,14,130,0.0,0.0,33.0,2.1,0.0,0.0,0.0,11.3,53.6
2023-04-28T08:00Z,15,146,6.4,0.0,28.6,0.1,11.1,15.0,0.0,7.8,31.0
2023-04-28T08:00Z,16,49,1.3,0.0,11.9,6.0,0.2,35.6,0.0,2.0,43.1
2023-04-28T08:00Z,17,210,0.0,0.0,53.4,0.0,0.0,0.0,0.0,5.5,41.1
2023-04-28T08:00Z,18,126,5.4,0.0,28.0,0.8,9.1,16.6,0.0,6.9,33.1
2023-04-28T08:30Z,1,0,0.0,0.0,0.0,21.1,0.0,1.5,0.0,0.0,77.4
2023-04-28T08:30Z,2,27,2.4,0.0,6.0,0.3,5.9,59.6,0.0,2.2,23.6
2023-04-28T08:30Z,3,54,1.1,0.0,13.4,0.0,4.8,59.8,0.0,1.4,19.5
2023-04-28T08:30Z,4,7,4.3,0.0,0.0,0.0,42.6,47.3,0.0,1.6,4.2
2023-04-28T08:30Z,5,142,37.3,0.0,24.6,0.0,2.9,4.1,0.0,1.6,29.6
2023-04-28T08:30Z,6,36,0.6,0.0,8.9,0.5,2.3,26.8,0.0,7.7,53.2
2023-04-28T08:30Z,7,255,0.0,0.0,64.7,0.0,0.0,0.2,0.0,10.6,24.4
2023-04-28T08:30Z,8,98,4.4,0.0,23.5,0.1,2.8,32.3,0.0,7.2,29.7
2023-04-28T08:30Z,9,202,13.9,0.0,46.9,0.0,1.1,1.6,0.0,5.6,30.9
2023-04-28T08:30Z,10,117,1.5,0.0,10.2,0.0,14.8,0.2,0.0,9.7,63.6
2023-04-28T08:30Z,11,178,0.4,0.0,44.8,0.0,1.2,0.4,0.0,43.7,9.3
2023-04-28T08:30Z,12,169,4.6,0.0,40.4,0.2,12.6,3.0,0.0,22.5,16.7
2023-04-28T08:30Z,13,125,1.1,0.0,20.5,0.7,9.0,0.2,0.0,11.6,56.9
2023-04-28T08:30Z,14,131,0.0,0.0,33.3,1.8,0.0,0.0,0.0,13.2,51.7
2023-04-28T08:30Z,15,144,6.1,0.0,28.0,0.1,11.4,14.9,0.0,9.5,30.0
2023-04-28T08:30Z,16,52,1.4,0.0,12.4,4.7,0.5,36.6,0.0,2.7,41.7
2023-04-28T08:30Z,17,217,0.0,0.0,55.1,0.0,0.0,0.0,0.0,6.9,38.0
2023-04-28T08:30Z,18,125,5.2,0.0,27.7,0.6,9.4,16.7,0.0,8.5,31.9
2023-04-28T09:00Z,1,1,0.1,0.0,0.3,20.2,0.3,2.6,0.0,0.1,76.4
2023-04-28T09:00Z,2,27,2.4,0.0,6.1,0.1,6.1,60.4,0.0,2.7,22.1
2023-04-28T09:00Z,3,58,0.9,0.0,14.3,0.0,4.8,59.9,0.0,1.8,18.3
2023-04-28T09:00Z,4,7,4.3,0.0,0.0,0.0,41.8,47.4,0.0,1.9,4.5
2023-04-28T09:00Z,5,126,39.8,0.0,19.7,0.0,3.2,3.6,0.0,2.1,31.5
2023-04-28T09:00Z,6,35,0.5,0.0,8.6,0.3,2.2,26.7,0.0,9.7,51.9
2023-04-28T09:00Z,7,248,0.0,0.0,62.9,0.0,0.0,0.6,0.0,12.6,23.9
2023-04-28T09:00Z,8,97,4.2,0.0,23.2,0.1,2.7,32.0,0.0,8.9,28.9
2023-04-28T09:00Z,9,190,14.5,0.0,43.7,0.0,1.2,1.3,0.0,6.8,32.5
2023-04-28T09:00Z,10,111,1.4,0.0,9.7,0.0,14.1,0.1,0.0,11.1,63.6
2023-04-28T09:00Z,11,133,0.6,0.0,33.6,0.0,1.6,0.3,0.0,53.7,10.2
2023-04-28T09:00Z,12,162,4.5,0.0,38.8,0.1,12.3,2.0,0.0,25.6,16.6
2023-04-28T09:00Z,13,124,1.0,0.0,20.6,0.5,8.7,0.1,0.0,13.1,55.9
2023-04-28T09:00Z,14,138,0.0,0.0,35.0,1.3,0.0,0.0,0.0,14.5,49.3
2023-04-28T09:00Z,15,120,6.7,0.0,22.2,0.1,11.5,14.9,0.0,12.2,32.4
2023-04-28T09:00Z,16,42,1.5,0.0,10.2,3.4,0.2,38.6,0.0,3.4,42.8
2023-04-28T09:00Z,17,186,0.0,0.0,47.2,0.0,0.0,0.1,0.0,9.7,42.9
2023-04-28T09:00Z,18,111,5.7,0.0,22.3,0.5,9.5,16.9,0.0,11.0,34.3
2023-04-28T09:30Z,1,4,0.3,0.0,0.8,17.9,0.8,3.9,0.0,0.4,76.0
2023-04-28T09:30Z,2,27,2.4,0.0,5.6,0.0,6.8,61.0,0.0,3.1,21.2
2023-04-28T09:30Z,3,49,1.4,0.0,12.0,0.0,5.1,61.6,0.0,2.2,17.6
2023-04-28T09:30Z,4,7,4.3,0.0,0.0,0.0,40.6,48.0,0.0,2.2,4.9
2023-04-28T09:30Z,5,123,40.1,0.0,19.0,0.0,3.1,2.9,0.0,2.5,32.4
2023-04-28T09:30Z,6,25,0.7,0.0,6.1,0.4,2.4,26.9,0.0,11.8,51.7
2023-04-28T09:30Z,7,195,0.2,0.0,49.3,0.0,0.1,1.1,0.0,18.5,30.7
2023-04-28T09:30Z,8,81,5.1,0.0,19.0,0.1,3.3,31.3,0.0,11.0,30.1
2023-04-28T09:30Z,9,176,14.6,0.0,40.2,0.0,1.1,1.0,0.0,8.3,34.8
2023-04-28T09:30Z,10,104,0.8,0.0,7.5,0.0,14.4,0.1,0.0,12.7,64.6
2023-04-28T09:30Z,11,125,0.2,0.0,31.6,0.0,0.8,0.1,0.0,58.4,8.8
2023-04-28T09:30Z,12,123,3.9,0.0,28.6,0.1,17.0,1.3,0.0,33.1,16.0
2023-04-28T09:30Z,13,119,0.5,0.0,19.9,0.5,8.4,0.1,0.0,14.5,56.2
2023-04-28T09:30Z,14,140,0.0,0.0,35.6,1.1,0.0,0.0,0.0,15.7,47.7
2023-04-28T09:30Z,15,114,6.9,0.0,21.9,0.1,10.4,15.0,0.0,14.0,31.8
2023-04-28T09:30Z,16,33,1.9,0.0,7.3,2.8,0.7,40.2,0.0,4.7,42.5
2023-04-28T09:30Z,17,132,0.0,0.0,33.4,0.1,0.0,0.4,0.0,14.1,52.0
2023-04-28T09:30Z,18,100,5.9,0.0,20.9,0.4,8.6,17.0,0.0,12.9,34.3
2023-04-28T10:00Z,1,5,0.3,0.0,1.0,13.4,0.8,5.4,0.0,0.4,78.7
2023-04-28T10:00Z,2,28,2.5,0.0,5.9,0.0,6.3,60.9,0.0,3.7,20.8
2023-04-28T10:00Z,3,49,2.3,0.0,11.6,0.0,3.9,61.4,0.0,2.6,18.1
2023-04-28T10:00Z,4,8,4.7,0.0,0.0,0.0,37.9,48.9,0.0,2.9,5.6
2023-04-28T10:00Z,5,116,41.9,0.0,16.8,0.0,1.4,2.5,0.0,2.9,34.6
2023-04-28T10:00Z,6,25,1.0,0.0,5.9,0.5,1.7,26.5,0.0,13.9,50.6
2023-04-28T10:00Z,7,175,0.4,0.0,44.3,0.0,0.3,1.8,0.0,21.5,31.7
2023-04-28T10:00Z,8,91,4.9,0.0,21.4,0.1,3.3,28.3,0.0,14.6,27.4
2023-04-28T10:00Z,9,183,11.5,0.0,42.6,0.0,0.6,0.8,0.0,9.8,34.7
2023-04-28T10:00Z,10,100,0.0,0.0,6.8,0.0,14.3,0.1,0.0,14.0,64.8
2023-04-28T10:00Z,11,127,0.0,0.0,32.1,0.0,0.3,0.1,0.0,59.9,7.5
2023-04-28T10:00Z,12,113,2.2,0.0,26.3,0.2,16.8,0.8,0.0,39.2,14.5
2023-04-28T10:00Z,13,121,0.0,0.0,21.0,0.5,7.5,0.1,0.0,15.3,55.8
2023-04-28T10:00Z,14,144,0.0,0.0,36.5,1.0,0.0,0.0,0.0,16.6,45.9
2023-04-28T10:00Z,15,106,6.9,0.0,20.4,0.0,10.5,15.3,0.0,15.7,31.2
2023-04-28T10:00Z,16,31,2.0,0.0,6.9,2.4,1.1,40.7,0.0,5.6,41.3
2023-04-28T10:00Z,17,105,0.3,0.0,26.2,0.7,0.5,0.6,0.0,17.7,54.0
2023-04-28T10:00Z,18,96,5.9,0.0,19.1,0.4,8.8,17.4,0.0,14.6,33.8
2023-04-28T10:30Z,1,3,0.3,0.0,0.7,10.0,0.8,6.8,0.0,0.5,80.9
2023-04-28T10:30Z,2,28,2.7,0.0,5.8,0.0,6.7,60.8,0.0,4.0,20.0
2023-04-28T10:30Z,3,44,3.2,0.0,10.2,0.0,3.9,61.8,0.0,2.9,18.1
2023-04-28T10:30Z,4,8,5.0,0.0,0.0,0.0,37.2,49.2,0.0,3.1,5.5
2023-04-28T10:30Z,5,120,42.1,0.0,17.6,0.0,0.7,2.1,0.0,3.1,34.5
2023-04-28T10:30Z,6,25,1.3,0.0,6.0,0.6,1.8,26.2,0.0,15.6,48.6
2023-04-28T10:30Z,7,159,0.7,0.0,40.1,0.0,0.5,1.8,0.0,24.1,32.9
2023-04-28T10:30Z,8,95,5.0,0.0,22.3,0.1,3.4,26.7,0.0,16.6,26.0
2023-04-28T10:30Z,9,186,10.1,0.0,43.6,0.0,0.6,0.7,0.0,10.8,34.2
2023-04-28T10:30Z,10,103,0.0,0.0,7.1,0.0,14.7,0.0,0.0,14.9,63.2
2023-04-28T10:30Z,11,92,0.1,0.0,23.1,0.0,1.0,0.0,0.0,67.5,8.2
2023-04-28T10:30Z,12,109,1.8,0.0,25.5,0.2,15.8,0.6,0.0,41.9,14.2
2023-04-28T10:30Z,13,123,0.0,0.0,21.7,0.5,7.3,0.1,0.0,16.4,54.1
2023-04-28T10:30Z,14,142,0.0,0.0,36.1,1.0,0.0,0.0,0.0,17.8,45.1
2023-04-28T10:30Z,15,105,7.1,0.0,19.3,0.0,10.7,15.3,0.0,17.1,30.5
2023-04-28T10:30Z,16,31,2.2,0.0,6.4,2.4,1.4,41.1,0.0,6.3,40.1
2023-04-28T10:30Z,17,85,0.7,0.0,20.7,0.9,1.1,0.7,0.0,20.9,54.9
2023-04-28T10:30Z,18,94,6.1,0.0,17.9,0.4,9.1,17.4,0.0,16.0,33.1
2023-04-28T11:00Z,1,3,0.3,0.0,0.7,11.9,0.9,6.8,0.0,0.5,78.9
2023-04-28T11:00Z,2,26,2.6,0.0,5.3,0.0,7.3,61.4,0.0,4.4,19.0
2023-04-28T11:00Z,3,47,2.7,0.0,11.2,0.0,4.2,61.8,0.0,3.1,17.0
2023-04-28T11:00Z,4,8,4.6,0.0,0.0,0.0,37.7,50.1,0.0,3.0,4.6
2023-04-28T11:00Z,5,114,41.6,0.0,16.2,0.0,1.3,1.8,0.0,3.5,35.6
2023-04-28T11:00Z,6,23,1.2,0.0,5.4,0.8,2.0,26.7,0.0,17.2,46.7
2023-04-28T11:00Z,7,148,0.8,0.0,37.2,0.0,0.9,2.0,0.0,26.9,32.2
2023-04-28T11:00Z,8,94,4.1,0.0,21.9,0.1,4.5,26.2,0.0,18.7,24.5
2023-04-28T11:00Z,9,176,8.7,0.0,40.9,0.0,1.1,0.5,0.0,12.7,36.0
2023-04-28T11:00Z,10,109,0.0,0.0,8.3,0.0,14.8,0.0,0.0,15.5,61.4
2023-04-28T11:00Z,11,82,0.0,0.0,20.7,0.0,1.0,0.0,0.0,71.1,7.3
2023-04-28T11:00Z,12,115,0.9,0.0,27.1,0.1,18.6,0.1,0.0,41.9,11.1
2023-04-28T11:00Z,13,128,0.0,0.0,23.3,0.5,7.0,0.0,0.0,17.1,52.0
2023-04-28T11:00Z,14,145,0.0,0.0,36.7,1.0,0.0,0.0,0.0,18.6,43.7
2023-04-28T11:00Z,15,100,6.8,0.0,18.2,0.0,10.6,15.5,0.0,18.6,30.2
2023-04-28T11:00Z,16,33,2.2,0.0,7.0,2.7,1.5,40.6,0.0,7.1,39.0
2023-04-28T11:00Z,17,102,0.6,0.0,25.3,1.0,0.9,1.0,0.0,21.5,49.6
2023-04-28T11:00Z,18,91,5.9,0.0,17.3,0.4,8.9,17.6,0.0,17.4,32.4
2023-04-28T11:30Z,1,8,0.2,0.0,1.8,14.6,0.6,5.5,0.0,0.5,76.6
2023-04-28T11:30Z,2,23,2.4,0.0,4.4,0.0,6.3,63.5,0.0,4.8,18.6
2023-04-28T11:30Z,3,38,3.0,0.0,8.6,0.0,3.8,63.8,0.0,3.4,17.4
2023-04-28T11:30Z,4,7,4.6,0.0,0.0,0.0,35.5,52.1,0.0,3.5,4.3
2023-04-28T11:30Z,5,124,41.6,0.0,18.9,0.0,0.8,1.2,0.0,3.6,34.0
2023-04-28T11:30Z,6,23,1.3,0.0,5.3,0.7,1.8,26.7,0.0,18.9,45.2
2023-04-28T11:30Z,7,203,0.0,0.0,51.6,0.0,0.0,1.8,0.0,22.6,24.0
2023-04-28T11:30Z,8,100,4.7,0.0,23.7,0.1,3.1,25.0,0.0,19.4,23.9
2023-04-28T11:30Z,9,189,9.5,0.0,45.0,0.0,0.2,0.3,0.0,12.5,32.3
2023-04-28T11:30Z,10,105,0.1,0.0,9.8,0.0,12.9,0.0,0.0,16.2,60.9
2023-04-28T11:30Z,11,70,0.1,0.0,17.6,0.0,0.9,0.0,0.0,74.7,6.8
2023-04-28T11:30Z,12,130,1.5,0.0,31.2,0.1,14.6,0.0,0.0,41.7,10.8
2023-04-28T11:30Z,13,123,0.1,0.0,22.8,0.4,7.1,0.0,0.0,19.0,50.6
2023-04-28T11:30Z,14,142,0.0,0.0,36.1,0.8,0.0,0.0,0.0,19.7,43.4
2023-04-28T11:30Z,15,108,7.1,0.0,20.4,0.0,9.9,14.8,0.0,19.0,28.7
2023-04-28T11:30Z,16,36,2.0,0.0,7.8,2.7,1.3,41.4,0.0,7.1,37.7
2023-04-28T11:30Z,17,127,0.4,0.0,32.0,0.5,0.5,1.3,0.0,21.4,43.9
2023-04-28T11:30Z,18,98,6.1,0.0,19.7,0.4,8.4,17.1,0.0,17.8,30.6
2023-04-28T12:00Z,1,10,0.1,0.0,2.5,16.0,0.2,4.1,0.0,0.2,76.8
2023-04-28T12:00Z,2,23,2.4,0.0,4.5,0.0,5.0,64.1,0.0,5.1,18.9
2023-04-28T12:00Z,3,41,2.2,0.0,9.6,0.0,3.1,64.7,0.0,3.5,16.9
2023-04-28T12:00Z,4,8,4.9,0.0,0.0,0.0,33.0,53.3,0.0,3.9,4.9
2023-04-28T12:00Z,5,123,42.9,0.0,18.2,0.0,1.0,1.1,0.0,3.6,33.3
2023-04-28T12:00Z,6,21,1.0,0.0,4.9,0.3,1.5,27.8,0.0,20.4,44.2
2023-04-28T12:00Z,7,177,0.2,0.0,44.9,0.0,0.1,1.4,0.0,26.1,27.2
2023-04-28T12:00Z,8,70,5.6,0.0,15.5,0.0,3.5,25.5,0.0,22.7,27.2
2023-04-28T12:00Z,9,121,14.6,0.0,25.1,0.0,1.3,0.3,0.0,16.1,42.7
2023-04-28T12:00Z,10,100,0.0,0.0,8.0,0.0,13.3,0.0,0.0,16.9,61.7
2023-04-28T12:00Z,11,68,0.0,0.0,17.2,0.0,0.5,0.0,0.0,75.6,6.6
2023-04-28T12:00Z,12,120,1.3,0.0,28.7,0.1,14.7,0.0,0.0,45.0,10.1
2023-04-28T12:00Z,13,122,0.0,0.0,22.6,0.4,7.0,0.0,0.0,19.3,50.7
2023-04-28T12:00Z,14,146,0.0,0.0,36.9,0.8,0.0,0.0,0.0,20.2,42.1
2023-04-28T12:00Z,15,92,7.2,0.0,17.0,0.0,9.2,15.2,0.0,21.0,30.3
2023-04-28T12:00Z,16,28,2.1,0.0,6.1,2.8,1.0,42.8,0.0,6.8,38.4
2023-04-28T12:00Z,17,83,0.8,0.0,20.4,0.9,1.0,1.5,0.0,25.8,49.6
2023-04-28T12:00Z,18,84,6.2,0.0,16.0,0.4,7.8,17.5,0.0,19.7,32.4
2023-04-28T12:30Z,1,9,0.1,0.0,2.3,13.5,0.1,3.2,0.0,0.1,80.7
2023-04-28T12:30Z,2,22,2.5,0.0,4.4,0.0,4.4,64.4,0.0,5.4,18.9
2023-04-28T12:30Z,3,41,3.0,0.0,9.5,0.0,2.4,64.4,0.0,3.7,17.0
2023-04-28T12:30Z,4,8,5.5,0.0,0.0,0.0,30.5,54.1,0.0,4.4,5.5
2023-04-28T12:30Z,5,126,44.5,0.0,18.4,0.0,0.1,1.0,0.0,3.5,32.6
2023-04-28T12:30Z,6,30,1.2,0.0,7.2,0.0,1.1,27.8,0.0,20.9,41.8
2023-04-28T12:30Z,7,184,0.1,0.0,46.7,0.0,0.1,0.9,0.0,25.8,26.4
2023-04-28T12:30Z,8,72,5.9,0.0,15.8,0.0,3.2,24.9,0.0,23.8,26.4
2023-04-28T12:30Z,9,119,14.5,0.0,23.9,0.0,1.4,0.3,0.0,16.8,43.2
2023-04-28T12:30Z,10,103,0.0,0.0,7.6,0.0,14.4,0.0,0.0,17.1,60.9
2023-04-28T12:30Z,11,88,0.0,0.0,22.3,0.0,0.0,0.0,0.0,71.7,6.0
2023-04-28T12:30Z,12,121,1.1,0.0,29.1,0.1,13.0,0.0,0.0,46.7,9.9
2023-04-28T12:30Z,13,124,0.0,0.0,22.5,0.4,7.0,0.0,0.0,19.2,50.8
2023-04-28T12:30Z,14,144,0.0,0.0,36.5,0.8,0.0,0.0,0.0,20.7,42.0
2023-04-28T12:30Z,15,82,7.7,0.0,14.5,0.0,7.9,16.0,0.0,22.4,31.6
2023-04-28T12:30Z,16,25,2.1,0.0,5.3,2.4,0.8,43.9,0.0,6.8,38.7
2023-04-28T12:30Z,17,61,0.9,0.0,14.6,1.3,0.9,1.6,0.0,28.5,52.1
2023-04-28T12:30Z,18,80,6.6,0.0,13.4,0.4,6.6,18.3,0.0,21.0,33.7
2023-04-28T13:00Z,1,17,0.0,0.0,4.3,10.5,0.0,2.0,0.0,0.0,83.2
2023-04-28T13:00Z,2,23,2.6,0.0,4.6,0.0,5.4,64.0,0.0,5.3,18.2
2023-04-28T13:00Z,3,40,3.2,0.0,9.1,0.0,3.2,65.4,0.0,3.7,15.4
2023-04-28T13:00Z,4,8,5.2,0.0,0.0,0.0,32.6,53.6,0.0,3.9,4.7
2023-04-28T13:00Z,5,127,44.6,0.0,18.6,0.0,0.4,0.7,0.0,3.4,32.3
2023-04-28T13:00Z,6,36,1.3,0.0,8.8,0.0,1.5,27.9,0.0,21.4,39.1
2023-04-28T13:00Z,7,221,0.0,0.0,56.1,0.0,0.0,0.2,0.0,22.4,21.3
2023-04-28T13:00Z,8,81,5.6,0.0,18.2,0.0,3.4,24.5,0.0,23.9,24.4
2023-04-28T13:00Z,9,115,15.0,0.0,23.0,0.0,1.5,0.2,0.0,17.0,43.3
2023-04-28T13:00Z,10,101,0.0,0.0,8.6,0.0,13.1,0.0,0.0,17.7,60.5
2023-04-28T13:00Z,11,104,0.0,0.0,26.4,0.0,0.0,0.0,0.0,67.8,5.8
2023-04-28T13:00Z,12,127,0.9,0.0,30.8,0.1,12.9,0.0,0.0,46.1,9.2
2023-04-28T13:00Z,13,119,0.0,0.0,22.0,0.4,6.6,0.0,0.0,20.0,50.9
2023-04-28T13:00Z,14,137,0.0,0.0,34.8,0.8,0.0,0.0,0.0,21.1,43.2
2023-04-28T13:00Z,15,78,7.8,0.0,14.2,0.0,7.5,15.9,0.0,22.9,31.6
2023-04-28T13:00Z,16,21,2.1,0.0,4.3,1.9,0.6,44.9,0.0,6.4,39.7
2023-04-28T13:00Z,17,59,0.9,0.0,14.4,1.3,0.8,1.3,0.0,30.2,51.0
2023-04-28T13:00Z,18,80,6.7,0.0,13.1,0.3,6.4,18.3,0.0,21.5,33.7
2023-04-28T13:30Z,1,12,0.0,0.0,2.9,8.0,0.0,0.9,0.0,0.0,88.1
2023-04-28T13:30Z,2,23,2.6,0.0,4.5,0.1,5.6,63.9,0.0,5.3,18.1
2023-04-28T13:30Z,3,44,3.7,0.0,10.0,0.0,3.7,64.8,0.0,3.7,14.1
2023-04-28T13:30Z,4,8,5.4,0.0,0.0,0.0,33.1,53.3,0.0,3.7,4.4
2023-04-28T13:30Z,5,126,44.4,0.0,18.6,0.0,0.4,0.5,0.0,3.3,32.7
2023-04-28T13:30Z,6,38,1.5,0.0,9.2,0.0,1.7,28.5,0.0,21.9,37.0
2023-04-28T13:30Z,7,226,0.0,0.0,57.4,0.0,0.0,0.2,0.0,22.1,20.2
2023-04-28T13:30Z,8,87,5.9,0.0,19.5,0.0,3.7,22.6,0.0,24.5,23.9
2023-04-28T13:30Z,9,119,14.7,0.0,23.7,0.0,1.6,0.2,0.0,16.8,43.0
2023-04-28T13:30Z,10,103,0.0,0.0,8.9,0.0,13.3,0.0,0.0,18.0,59.8
2023-04-28T13:30Z,11,126,0.0,0.0,32.0,0.0,0.0,0.0,0.0,62.4,5.6
2023-04-28T13:30Z,12,126,0.7,0.0,30.7,0.1,11.7,0.0,0.0,47.9,9.0
2023-04-28T13:30Z,13,127,0.0,0.0,24.1,0.5,6.3,0.0,0.0,19.2,49.9
2023-04-28T13:30Z,14,147,0.0,0.0,37.4,0.9,0.0,0.0,0.0,19.9,41.8
2023-04-28T13:30Z,15,82,8.4,0.0,14.6,0.0,7.6,16.4,0.0,22.3,30.6
2023-04-28T13:30Z,16,21,2.2,0.0,4.4,1.2,0.7,45.1,0.0,6.8,39.6
2023-04-28T13:30Z,17,92,0.9,0.0,22.6,0.7,0.8,1.2,0.0,28.6,45.2
2023-04-28T13:30Z,18,85,7.2,0.0,14.0,0.2,6.4,18.7,0.0,20.9,32.6
2023-04-28T14:00Z,1,9,0.0,0.0,2.2,10.0,0.0,0.5,0.0,0.0,87.3
2023-04-28T14:00Z,2,24,2.9,0.0,4.6,0.2,4.3,63.9,0.0,5.2,18.8
2023-04-28T14:00Z,3,48,4.7,0.0,10.6,0.0,2.7,64.5,0.0,3.6,13.8
2023-04-28T14:00Z,4,15,8.0,0.0,0.9,0.0,28.9,52.3,0.0,4.2,5.7
2023-04-28T14:00Z,5,131,46.7,0.0,19.1,0.0,0.0,0.3,0.0,3.1,30.8
2023-04-28T14:00Z,6,50,1.9,0.0,12.2,0.5,1.3,28.5,0.0,21.5,34.3
2023-04-28T14:00Z,7,237,0.0,0.0,60.1,0.0,0.0,0.1,0.0,21.3,18.5
2023-04-28T14:00Z,8,100,6.9,0.0,22.6,0.1,3.0,21.2,0.0,23.6,22.6
2023-04-28T14:00Z,9,133,16.3,0.0,27.4,0.0,1.1,0.1,0.0,15.5,39.6
2023-04-28T14:00Z,10,110,0.0,0.0,10.6,0.0,13.4,0.0,0.0,17.6,58.5
2023-04-28T14:00Z,11,132,0.0,0.0,33.5,0.0,0.0,0.0,0.0,61.3,5.2
2023-04-28T14:00Z,12,141,1.0,0.0,34.4,0.1,11.2,0.0,0.0,44.7,8.6
2023-04-28T14:00Z,13,135,0.0,0.0,26.1,0.5,6.7,0.0,0.0,19.4,47.4
2023-04-28T14:00Z,14,158,0.0,0.0,40.0,1.0,0.0,0.0,0.0,18.9,40.1
2023-04-28T14:00Z,15,98,8.2,0.0,18.8,0.0,7.4,16.2,0.0,20.8,28.6
2023-04-28T14:00Z,16,33,1.7,0.0,7.7,0.9,0.4,44.1,0.0,6.6,38.6
2023-04-28T14:00Z,17,190,0.0,0.0,48.1,0.7,0.0,0.9,0.0,20.1,30.2
2023-04-28T14:00Z,18,99,6.9,0.0,19.4,0.2,6.1,18.4,0.0,19.1,29.9
2023-04-28T14:30Z,1,8,0.0,0.0,2.1,13.4,0.0,1.1,0.0,0.0,83.4
2023-04-28T14:30Z,2,24,3.0,0.0,4.7,0.2,4.8,63.1,0.0,4.9,19.2
2023-04-28T14:30Z,3,51,4.9,0.0,11.3,0.0,3.0,64.8,0.0,3.4,12.6
2023-04-28T14:30Z,4,14,8.2,0.0,0.7,0.0,31.3,50.8,0.0,4.0,4.9
2023-04-28T14:30Z,5,130,47.8,0.0,18.3,0.0,0.0,0.2,0.0,3.1,30.6
2023-04-28T14:30Z,6,52,2.1,0.0,12.5,1.3,1.5,28.7,0.0,21.4,32.4
2023-04-28T14:30Z,7,259,0.0,0.0,65.8,0.0,0.0,0.0,0.0,18.6,15.7
2023-04-28T14:30Z,8,136,6.0,0.0,32.7,0.1,2.0,20.5,0.0,19.8,19.0
2023-04-28T14:30Z,9,196,12.6,0.0,45.9,0.0,0.0,0.1,0.0,12.0,29.4
2023-04-28T14:30Z,10,108,0.3,0.0,12.5,0.0,11.4,0.0,0.0,17.1,58.6
2023-04-28T14:30Z,11,149,0.0,0.0,37.7,0.0,0.0,0.0,0.0,57.6,4.7
2023-04-28T14:30Z,12,159,1.9,0.0,38.9,0.1,9.7,0.0,0.0,40.2,9.1
2023-04-28T14:30Z,13,134,0.3,0.0,26.4,0.4,6.5,0.0,0.0,19.8,46.6
2023-04-28T14:30Z,14,159,0.0,0.0,40.3,0.9,0.0,0.0,0.0,18.5,40.2
2023-04-28T14:30Z,15,118,8.0,0.0,23.8,0.0,7.2,15.6,0.0,18.9,26.4
2023-04-28T14:30Z,16,37,1.8,0.0,8.7,1.6,0.4,42.9,0.0,6.3,38.4
2023-04-28T14:30Z,17,204,0.0,0.0,51.7,1.4,0.0,0.6,0.0,19.0,27.3
2023-04-28T14:30Z,18,115,6.8,0.0,23.8,0.3,5.9,17.9,0.0,17.5,27.9
2023-04-28T15:00Z,1,9,0.1,0.0,2.3,17.1,0.1,1.0,0.0,0.1,79.4
2023-04-28T15:00Z,2,30,3.5,0.0,6.0,0.1,5.3,64.3,0.0,4.9,15.8
2023-04-28T15:00Z,3,59,4.7,0.0,13.5,0.0,2.5,65.6,0.0,3.1,10.6
2023-04-28T15:00Z,4,18,9.5,0.0,1.2,0.0,31.8,48.5,0.0,3.9,5.0
2023-04-28T15:00Z,5,137,49.9,0.0,19.6,0.0,0.0,0.1,0.0,2.9,27.5
2023-04-28T15:00Z,6,66,2.0,0.0,16.2,2.0,1.2,29.1,0.0,19.9,29.7
2023-04-28T15:00Z,7,290,0.0,0.0,73.6,0.0,0.0,0.0,0.0,13.7,12.8
2023-04-28T15:00Z,8,172,4.9,0.0,42.1,0.1,1.2,19.9,0.0,16.4,15.3
2023-04-28T15:00Z,9,222,11.9,0.0,52.8,0.0,0.0,0.0,0.0,10.6,24.7
2023-04-28T15:00Z,10,128,0.6,0.0,16.4,0.0,12.3,0.0,0.0,16.0,54.6
2023-04-28T15:00Z,11,155,0.0,0.0,39.4,0.0,0.0,0.0,0.0,56.1,4.6
2023-04-28T15:00Z,12,182,2.1,0.0,44.9,0.1,8.1,0.3,0.0,36.0,8.5
2023-04-28T15:00Z,13,153,0.5,0.0,30.6,0.4,6.8,0.1,0.0,18.5,43.1
2023-04-28T15:00Z,14,176,0.0,0.0,44.6,1.0,0.0,0.0,0.0,17.8,36.7
2023-04-28T15:00Z,15,132,8.1,0.0,27.2,0.1,7.0,15.1,0.0,18.0,24.5
2023-04-28T15:00Z,16,43,1.6,0.0,10.2,3.1,0.2,42.5,0.0,5.9,36.5
2023-04-28T15:00Z,17,215,0.0,0.0,54.7,2.9,0.0,0.3,0.0,16.5,25.5
2023-04-28T15:00Z,18,129,6.9,0.0,26.9,0.6,5.9,17.3,0.0,16.5,25.9
2023-04-28T15:30Z,1,12,0.3,0.0,2.8,18.0,0.4,1.0,0.0,0.4,77.1
2023-04-28T15:30Z,2,32,3.7,0.0,6.6,0.2,4.9,65.3,0.0,4.7,14.6
2023-04-28T15:30Z,3,58,4.7,0.0,13.2,0.0,2.0,68.1,0.0,3.0,9.1
2023-04-28T15:30Z,4,24,11.4,0.0,2.1,0.0,30.4,47.0,0.0,4.0,5.1
2023-04-28T15:30Z,5,152,49.6,0.0,23.4,0.0,0.0,0.1,0.0,2.7,24.2
2023-04-28T15:30Z,6,64,2.0,0.0,15.6,2.5,1.0,31.0,0.0,19.0,28.8
2023-04-28T15:30Z,7,296,0.0,0.0,75.0,0.0,0.0,0.0,0.0,12.2,12.8
2023-04-28T15:30Z,8,182,5.0,0.0,44.7,0.2,0.8,20.3,0.0,14.6,14.4
2023-04-28T15:30Z,9,239,12.5,0.0,56.9,0.0,0.0,0.0,0.0,9.3,21.3
2023-04-28T15:30Z,10,155,1.2,0.0,19.7,0.0,14.8,0.0,0.0,14.4,49.9
2023-04-28T15:30Z,11,181,0.0,0.0,45.9,0.0,0.0,0.0,0.0,49.9,4.2
2023-04-28T15:30Z,12,192,2.7,0.0,47.5,0.1,5.4,1.0,0.0,35.3,8.1
2023-04-28T15:30Z,13,167,0.9,0.0,32.4,0.4,8.1,0.2,0.0,18.3,39.6
2023-04-28T15:30Z,14,177,0.0,0.0,44.9,1.2,0.0,0.0,0.0,18.0,35.9
2023-04-28T15:30Z,15,166,7.7,0.0,36.1,0.1,6.9,14.7,0.0,14.7,19.9
2023-04-28T15:30Z,16,62,1.7,0.0,14.9,4.7,0.5,40.6,0.0,6.0,31.6
2023-04-28T15:30Z,17,238,0.0,0.0,60.5,3.8,0.0,0.0,0.0,13.2,22.5
2023-04-28T15:30Z,18,151,6.5,0.0,35.1,0.8,5.7,16.8,0.0,13.6,21.4
2023-04-28T16:00Z,1,42,0.0,0.0,10.6,16.2,0.0,1.0,0.0,0.0,72.2
2023-04-28T16:00Z,2,32,3.1,0.0,6.4,0.9,5.5,64.3,0.0,4.1,15.7
2023-04-28T16:00Z,3,54,4.5,0.0,12.4,0.0,3.4,68.8,0.0,2.7,8.1
2023-04-28T16:00Z,4,16,8.8,0.0,0.9,0.0,36.5,47.1,0.0,3.6,3.3
2023-04-28T16:00Z,5,172,46.0,0.0,29.5,0.0,0.0,0.2,0.0,2.3,22.0
2023-04-28T16:00Z,6,57,2.2,0.0,13.8,5.7,1.9,33.1,0.0,17.0,26.4
2023-04-28T16:00Z,7,311,0.0,0.0,78.9,0.0,0.0,0.0,0.0,9.8,11.3
2023-04-28T16:00Z,8,190,5.4,0.0,46.5,0.5,1.2,20.9,0.0,11.9,13.6
2023-04-28T16:00Z,9,252,14.1,0.0,59.6,0.0,0.0,0.1,0.0,7.2,19.1
2023-04-28T16:00Z,10,168,2.7,0.0,27.0,0.0,11.4,0.0,0.0,12.3,46.6
2023-04-28T16:00Z,11,192,0.0,0.0,48.8,0.0,0.0,0.0,0.0,47.2,4.0
2023-04-28T16:00Z,12,227,4.4,0.0,56.0,0.1,2.8,1.4,0.0,27.6,7.8
2023-04-28T16:00Z,13,183,2.3,0.0,37.9,0.4,6.6,0.3,0.0,16.4,36.2
2023-04-28T16:00Z,14,182,0.2,0.0,44.9,1.2,1.0,0.0,0.0,16.2,36.6
2023-04-28T16:00Z,15,174,8.0,0.0,38.8,0.2,7.1,14.4,0.0,12.8,18.7
2023-04-28T16:00Z,16,63,1.6,0.0,15.5,5.9,0.3,40.2,0.0,5.0,31.4
2023-04-28T16:00Z,17,258,0.0,0.0,65.4,5.2,0.0,0.0,0.0,10.4,18.9
2023-04-28T16:00Z,18,162,6.8,0.0,37.8,1.1,5.9,16.5,0.0,11.8,20.2
2023-04-28T16:30Z,1,94,0.0,0.0,23.8,16.5,0.0,0.9,0.0,0.0,58.8
2023-04-28T16:30Z,2,38,2.4,0.0,8.3,1.7,4.4,60.3,0.0,3.2,19.6
2023-04-28T16:30Z,3,63,4.0,0.0,14.7,0.0,4.2,67.7,0.0,2.4,7.0
2023-04-28T16:30Z,4,11,7.4,0.0,0.0,0.0,40.2,47.0,0.0,3.1,2.3
2023-04-28T16:30Z,5,176,45.3,0.0,30.9,0.0,0.3,0.3,0.0,2.0,21.2
2023-04-28T16:30Z,6,61,2.0,0.0,14.8,9.5,2.3,33.6,0.0,14.2,23.7
2023-04-28T16:30Z,7,323,0.0,0.0,81.9,0.0,0.0,0.0,0.0,7.9,10.2
2023-04-28T16:30Z,8,195,5.1,0.0,48.0,0.9,1.5,22.1,0.0,9.9,12.4
2023-04-28T16:30Z,9,258,15.0,0.0,60.9,0.0,0.1,0.1,0.0,5.9,18.0
2023-04-28T16:30Z,10,179,3.7,0.0,30.1,0.0,10.9,0.0,0.0,10.5,44.8
2023-04-28T16:30Z,11,217,0.0,0.0,55.0,0.0,0.0,0.1,0.0,41.1,3.8
2023-04-28T16:30Z,12,238,5.4,0.0,58.6,0.2,2.6,1.9,0.0,23.1,8.2
2023-04-28T16:30Z,13,196,3.1,0.0,41.2,0.5,6.5,0.3,0.0,13.9,34.5
2023-04-28T16:30Z,14,197,0.5,0.0,48.2,1.4,1.4,0.0,0.0,13.5,35.1
2023-04-28T16:30Z,15,183,8.2,0.0,40.5,0.2,8.1,14.3,0.0,10.9,17.8
2023-04-28T16:30Z,16,66,1.4,0.0,16.2,7.8,0.2,39.1,0.0,4.1,31.2
2023-04-28T16:30Z,17,270,0.0,0.0,68.6,6.9,0.0,0.0,0.0,8.2,16.3
2023-04-28T16:30Z,18,171,6.9,0.0,39.5,1.5,6.7,16.3,0.0,9.9,19.3
2023-04-28T17:00Z,1,88,0.0,0.0,22.3,17.8,0.0,0.8,0.0,0.0,59.1
2023-04-28T17:00Z,2,36,2.4,0.0,7.6,2.8,5.5,59.9,0.0,2.6,19.2
2023-04-28T17:00Z,3,66,4.2,0.0,15.4,0.0,5.4,67.0,0.0,1.9,6.1
2023-04-28T17:00Z,4,11,6.8,0.0,0.0,0.0,43.8,45.2,0.0,2.3,1.8
2023-04-28T17:00Z,5,183,44.0,0.0,32.9,0.0,0.7,0.5,0.0,1.6,20.2
2023-04-28T17:00Z,6,62,2.1,0.0,14.9,13.0,3.0,34.6,0.0,11.2,21.0
2023-04-28T17:00Z,7,334,0.0,0.0,84.7,0.0,0.0,0.0,0.0,6.1,9.2
2023-04-28T17:00Z,8,203,5.1,0.0,50.0,1.3,1.9,22.9,0.0,7.6,11.1
2023-04-28T17:00Z,9,269,14.4,0.0,64.0,0.0,0.2,0.2,0.0,4.6,16.6
2023-04-28T17:00Z,10,198,3.5,0.0,33.6,0.0,12.0,0.0,0.0,8.4,42.4
2023-04-28T17:00Z,11,228,0.0,0.0,57.9,0.0,0.0,0.1,0.0,38.1,3.8
2023-04-28T17:00Z,12,250,5.8,0.0,61.3,0.3,3.4,2.6,0.0,17.7,8.9
2023-04-28T17:00Z,13,212,2.9,0.0,44.2,0.6,7.3,0.5,0.0,10.6,33.8
2023-04-28T17:00Z,14,219,0.2,0.0,54.5,2.1,0.7,0.0,0.0,10.9,31.6
2023-04-28T17:00Z,15,196,8.3,0.0,44.0,0.3,7.7,14.2,0.0,8.8,16.7
2023-04-28T17:00Z,16,65,1.5,0.0,15.7,9.6,0.4,38.1,0.0,3.4,31.2
2023-04-28T17:00Z,17,270,0.0,0.0,68.4,9.4,0.0,0.0,0.0,6.8,15.3
2023-04-28T17:00Z,18,180,7.0,0.0,42.2,2.0,6.4,16.1,0.0,8.0,18.3
2023-04-28T17:30Z,1,94,0.0,0.0,23.8,20.0,0.0,0.0,0.0,0.0,56.2
2023-04-28T17:30Z,2,40,2.3,0.0,8.7,3.5,5.3,58.0,0.0,2.0,20.3
2023-04-28T17:30Z,3,65,4.0,0.0,15.1,0.0,5.8,68.0,0.0,1.5,5.5
2023-04-28T17:30Z,4,10,6.6,0.0,0.0,0.0,46.0,44.0,0.0,1.9,1.6
2023-04-28T17:30Z,5,185,43.6,0.0,33.6,0.0,1.0,0.8,0.0,1.3,19.7
2023-04-28T17:30Z,6,72,2.0,0.0,17.7,15.5,3.2,35.1,0.0,8.4,18.3
2023-04-28T17:30Z,7,342,0.0,0.0,86.8,0.0,0.0,0.0,0.0,4.7,8.5
2023-04-28T17:30Z,8,207,5.2,0.0,50.8,1.5,2.2,23.8,0.0,5.9,10.5
2023-04-28T17:30Z,9,271,15.2,0.0,64.3,0.0,0.4,0.3,0.0,3.6,16.3
2023-04-28T17:30Z,10,211,3.7,0.0,37.5,0.0,11.6,0.1,0.0,6.3,40.8
2023-04-28T17:30Z,11,235,0.6,0.0,59.5,0.0,0.4,0.1,0.0,34.6,4.8
2023-04-28T17:30Z,12,256,6.5,0.0,62.7,0.3,4.7,3.4,0.0,13.2,9.3
2023-04-28T17:30Z,13,223,3.1,0.0,46.7,0.7,7.5,0.6,0.0,7.9,33.5
2023-04-28T17:30Z,14,231,0.2,0.0,57.9,2.5,0.5,0.0,0.0,8.6,30.3
2023-04-28T17:30Z,15,208,8.4,0.0,46.9,0.4,7.8,14.1,0.0,6.7,15.7
2023-04-28T17:30Z,16,57,1.3,0.0,13.8,12.0,0.5,38.7,0.0,2.3,31.3
2023-04-28T17:30Z,17,274,0.0,0.0,69.6,11.3,0.0,0.0,0.0,5.2,13.9
2023-04-28T17:30Z,18,188,7.1,0.0,44.5,2.4,6.4,16.0,0.0,6.1,17.4
2023-04-28T18:00Z,1,89,0.0,0.0,22.6,25.3,0.0,0.0,0.0,0.0,52.1
2023-04-28T18:00Z,2,39,2.2,0.0,8.6,4.2,5.7,57.9,0.0,1.4,20.0
2023-04-28T18:00Z,3,70,3.8,0.0,16.5,0.0,6.5,67.1,0.0,1.1,5.0
2023-04-28T18:00Z,4,10,6.1,0.0,0.0,0.0,48.9,42.3,0.0,1.3,1.4
2023-04-28T18:00Z,5,186,44.7,0.0,33.5,0.0,1.5,1.0,0.0,0.9,18.4
2023-04-28T18:00Z,6,72,2.0,0.0,17.6,17.8,3.6,35.4,0.0,5.9,17.7
2023-04-28T18:00Z,7,351,0.0,0.0,89.1,0.0,0.0,0.0,0.0,3.2,7.7
2023-04-28T18:00Z,8,218,5.1,0.0,53.6,1.7,2.4,23.4,0.0,4.1,9.6
2023-04-28T18:00Z,9,281,15.1,0.0,66.6,0.0,0.5,0.3,0.0,2.5,14.9
2023-04-28T18:00Z,10,236,3.2,0.0,44.8,0.0,11.0,0.1,0.0,4.0,36.9
2023-04-28T18:00Z,11,289,0.0,0.0,73.4,0.0,0.0,0.1,0.0,23.0,3.4
2023-04-28T18:00Z,12,268,6.6,0.0,65.6,0.4,5.2,3.8,0.0,9.6,8.8
2023-04-28T18:00Z,13,242,2.9,0.0,51.4,0.7,7.6,0.6,0.0,5.2,31.5
2023-04-28T18:00Z,14,241,0.4,0.0,59.3,2.5,1.3,0.0,0.0,5.6,30.9
2023-04-28T18:00Z,15,216,8.7,0.0,49.0,0.4,8.0,14.0,0.0,4.8,15.0
2023-04-28T18:00Z,16,56,1.2,0.0,13.5,13.7,0.3,38.7,0.0,1.6,31.1
2023-04-28T18:00Z,17,277,0.0,0.0,70.2,12.8,0.0,0.0,0.0,3.7,13.3
2023-04-28T18:00Z,18,196,7.3,0.0,46.3,2.8,6.6,15.9,0.0,4.3,16.8
2023-04-28T18:30Z,1,55,0.0,0.0,14.0,30.6,0.0,0.0,0.0,0.0,55.3
2023-04-28T18:30Z,2,28,2.6,0.0,6.2,4.4,7.0,60.4,0.0,1.1,18.4
2023-04-28T18:30Z,3,74,3.8,0.0,17.6,0.0,6.8,66.8,0.0,0.7,4.5
2023-04-28T18:30Z,4,10,5.9,0.0,0.0,0.0,50.9,41.2,0.0,0.9,1.2
2023-04-28T18:30Z,5,187,46.0,0.0,33.5,0.0,1.8,1.2,0.0,0.6,17.0
2023-04-28T18:30Z,6,71,2.0,0.0,17.5,20.1,3.9,35.9,0.0,3.9,16.8
2023-04-28T18:30Z,7,357,0.0,0.0,90.7,0.0,0.0,0.0,0.0,2.0,7.3
2023-04-28T18:30Z,8,226,5.2,0.0,55.7,1.9,2.5,23.3,0.0,2.5,8.9
2023-04-28T18:30Z,9,288,15.4,0.0,68.5,0.0,0.6,0.4,0.0,1.6,13.6
2023-04-28T18:30Z,10,250,3.1,0.0,48.5,0.0,10.9,0.1,0.0,2.3,35.2
2023-04-28T18:30Z,11,319,0.1,0.0,80.9,0.0,0.1,0.2,0.0,15.3,3.4
2023-04-28T18:30Z,12,278,7.1,0.0,67.8,0.5,6.1,4.1,0.0,5.7,8.8
2023-04-28T18:30Z,13,253,2.8,0.0,54.1,0.7,7.9,0.6,0.0,2.9,31.0
2023-04-28T18:30Z,14,252,0.5,0.0,61.5,2.5,1.7,0.0,0.0,3.0,30.7
2023-04-28T18:30Z,15,222,9.1,0.0,50.7,0.5,8.4,14.3,0.0,2.9,14.2
2023-04-28T18:30Z,16,55,1.3,0.0,13.1,14.8,0.4,38.5,0.0,1.1,30.7
2023-04-28T18:30Z,17,279,0.0,0.0,70.8,13.7,0.0,0.0,0.0,2.4,13.1
2023-04-28T18:30Z,18,201,7.6,0.0,47.6,3.0,6.9,16.2,0.0,2.6,16.1
2023-04-28T19:00Z,1,28,0.0,0.0,7.2,35.7,0.0,0.0,0.0,0.0,57.1
2023-04-28T19:00Z,2,24,2.8,0.0,5.2,3.9,7.6,63.3,0.0,0.7,16.5
2023-04-28T19:00Z,3,76,3.8,0.0,18.1,0.0,6.8,66.8,0.0,0.4,4.2
2023-04-28T19:00Z,4,10,5.8,0.0,0.0,0.0,51.9,40.7,0.0,0.5,1.1
2023-04-28T19:00Z,5,193,46.2,0.0,35.0,0.0,1.8,1.3,0.0,0.3,15.4
2023-04-28T19:00Z,6,75,2.0,0.0,18.4,21.0,3.9,36.7,0.0,2.1,16.0
2023-04-28T19:00Z,7,363,0.0,0.0,92.2,0.0,0.0,0.0,0.0,1.0,6.8
2023-04-28T19:00Z,8,231,5.3,0.0,56.9,1.9,2.6,23.5,0.0,1.4,8.3
2023-04-28T19:00Z,9,293,16.3,0.0,69.4,0.0,0.6,0.4,0.0,0.8,12.5
2023-04-28T19:00Z,10,254,3.7,0.0,50.2,0.0,10.3,0.1,0.0,1.0,34.6
2023-04-28T19:00Z,11,345,0.4,0.0,87.4,0.0,0.4,0.2,0.0,8.2,3.4
2023-04-28T19:00Z,12,285,7.3,0.0,69.3,0.5,8.6,3.8,0.0,2.6,7.8
2023-04-28T19:00Z,13,258,3.4,0.0,55.9,0.8,7.8,0.5,0.0,1.3,30.2
2023-04-28T19:00Z,14,254,0.5,0.0,62.5,2.7,1.5,0.0,0.0,1.3,31.5
2023-04-28T19:00Z,15,225,9.5,0.0,51.3,0.4,9.2,14.5,0.0,1.4,13.7
2023-04-28T19:00Z,16,52,1.3,0.0,12.5,15.6,0.4,38.5,0.0,0.6,31.1
2023-04-28T19:00Z,17,285,0.0,0.0,72.4,13.2,0.0,0.0,0.0,1.3,13.2
2023-04-28T19:00Z,18,204,7.9,0.0,48.1,3.1,7.5,16.3,0.0,1.3,15.7
2023-04-28T19:30Z,1,19,0.0,0.0,4.9,37.5,0.0,0.0,0.0,0.0,57.6
2023-04-28T19:30Z,2,26,2.7,0.0,5.6,2.9,8.5,65.1,0.0,0.3,14.9
2023-04-28T19:30Z,3,77,3.7,0.0,18.3,0.0,7.5,66.4,0.0,0.2,3.9
2023-04-28T19:30Z,4,9,4.8,0.0,0.0,0.0,53.4,40.7,0.0,0.2,0.9
2023-04-28T19:30Z,5,196,47.0,0.0,35.3,0.0,2.2,1.5,0.0,0.1,13.9
2023-04-28T19:30Z,6,77,2.0,0.0,19.0,20.6,4.4,37.5,0.0,0.8,15.7
2023-04-28T19:30Z,7,368,0.0,0.0,93.5,0.0,0.0,0.0,0.0,0.4,6.2
2023-04-28T19:30Z,8,238,5.2,0.0,58.9,1.8,2.8,23.3,0.0,0.4,7.6
2023-04-28T19:30Z,9,299,16.5,0.0,70.7,0.0,0.8,0.5,0.0,0.2,11.2
2023-04-28T19:30Z,10,272,3.6,0.0,53.2,0.0,11.6,0.1,0.0,0.2,31.4
2023-04-28T19:30Z,11,364,0.7,0.0,92.0,0.0,0.9,0.1,0.0,3.0,3.3
2023-04-28T19:30Z,12,292,7.4,0.0,71.0,0.4,9.6,3.7,0.0,0.7,7.1
2023-04-28T19:30Z,13,272,3.3,0.0,58.2,0.7,8.9,0.5,0.0,0.3,28.1
2023-04-28T19:30Z,14,263,0.6,0.0,64.2,2.4,1.9,0.0,0.0,0.2,30.8
2023-04-28T19:30Z,15,229,9.7,0.0,52.1,0.4,9.4,15.1,0.0,0.5,12.9
2023-04-28T19:30Z,16,59,1.4,0.0,14.3,15.0,0.4,38.4,0.0,0.3,30.3
2023-04-28T19:30Z,17,293,0.0,0.0,74.5,12.4,0.0,0.0,0.0,0.5,12.6
2023-04-28T19:30Z,18,209,8.0,0.0,48.9,3.0,7.6,17.0,0.0,0.4,15.1
2023-04-28T20:00Z,1,22,0.0,0.0,5.5,37.5,0.0,0.0,0.0,0.0,57.0
2023-04-28T20:00Z,2,27,2.7,0.0,5.8,2.1,9.0,67.0,0.0,0.1,13.2
2023-04-28T20:00Z,3,80,4.2,0.0,18.9,0.0,7.2,66.0,0.0,0.1,3.7
2023-04-28T20:00Z,4,8,4.6,0.0,0.0,0.0,53.0,41.5,0.0,0.1,0.8
2023-04-28T20:00Z,5,200,47.8,0.0,36.3,0.0,1.7,1.7,0.0,0.0,12.6
2023-04-28T20:00Z,6,81,2.3,0.0,19.8,18.3,4.4,39.4,0.0,0.2,15.6
2023-04-28T20:00Z,7,370,0.0,0.0,93.8,0.0,0.0,0.0,0.0,0.1,6.1
2023-04-28T20:00Z,8,244,5.8,0.0,60.2,1.4,2.6,22.7,0.0,0.1,7.2
2023-04-28T20:00Z,9,307,15.7,0.0,73.1,0.0,0.5,0.6,0.0,0.0,10.0
2023-04-28T20:00Z,10,289,2.6,0.0,54.1,0.0,14.2,0.1,0.0,0.0,29.0
2023-04-28T20:00Z,11,381,0.0,0.0,96.8,0.0,0.0,0.1,0.0,0.6,2.5
2023-04-28T20:00Z,12,298,6.4,0.0,72.7,0.3,10.5,3.7,0.0,0.1,6.4
2023-04-28T20:00Z,13,287,2.3,0.0,60.2,0.5,10.2,0.5,0.0,0.0,26.3
2023-04-28T20:00Z,14,280,0.1,0.0,70.6,2.1,0.3,0.0,0.0,0.0,26.9
2023-04-28T20:00Z,15,236,9.4,0.0,53.7,0.3,9.8,15.4,0.0,0.1,11.3
2023-04-28T20:00Z,16,64,1.6,0.0,15.7,14.6,0.5,38.6,0.0,0.1,29.0
2023-04-28T20:00Z,17,305,0.0,0.0,77.4,10.0,0.0,0.0,0.0,0.1,12.4
2023-04-28T20:00Z,18,216,7.7,0.0,50.5,2.8,8.0,17.3,0.0,0.1,13.7
2023-04-28T20:30Z,1,12,0.0,0.0,3.0,37.3,0.0,0.0,0.0,0.0,59.8
2023-04-28T20:30Z,2,25,2.8,0.0,5.4,1.7,9.4,68.5,0.0,0.0,12.4
2023-04-28T20:30Z,3,86,3.2,0.0,20.7,0.0,6.9,66.2,0.0,0.0,3.0
2023-04-28T20:30Z,4,8,4.4,0.0,0.0,0.0,52.5,42.4,0.0,0.0,0.7
2023-04-28T20:30Z,5,193,50.1,0.0,33.7,0.0,2.7,2.0,0.0,0.0,11.6
2023-04-28T20:30Z,6,88,2.0,0.0,21.6,13.6,4.7,42.2,0.0,0.0,15.9
2023-04-28T20:30Z,7,371,0.0,0.0,94.3,0.0,0.0,0.0,0.0,0.0,5.7
2023-04-28T20:30Z,8,242,5.5,0.0,59.7,1.0,2.8,24.5,0.0,0.0,6.6
2023-04-28T20:30Z,9,304,17.4,0.0,71.7,0.0,0.9,0.7,0.0,0.0,9.3
2023-04-28T20:30Z,10,294,3.2,0.0,56.3,0.0,13.6,0.1,0.0,0.0,26.8
2023-04-28T20:30Z,11,385,0.0,0.0,97.8,0.0,0.0,0.1,0.0,0.0,2.0
2023-04-28T20:30Z,12,289,6.9,0.0,70.0,0.2,14.3,3.1,0.0,0.0,5.6
2023-04-28T20:30Z,13,292,2.9,0.0,61.7,0.4,10.5,0.5,0.0,0.0,24.0
2023-04-28T20:30Z,14,287,0.4,0.0,70.7,1.2,1.5,0.0,0.0,0.0,26.2
2023-04-28T20:30Z,15,235,9.7,0.0,53.6,0.2,9.6,15.9,0.0,0.0,10.9
2023-04-28T20:30Z,16,63,1.5,0.0,15.1,14.2,0.7,39.2,0.0,0.0,29.4
2023-04-28T20:30Z,17,315,0.0,0.0,80.1,7.5,0.0,0.0,0.0,0.0,12.5
2023-04-28T20:30Z,18,216,8.0,0.0,50.4,2.5,7.8,17.8,0.0,0.0,13.4
2023-04-28T21:00Z,1,14,0.0,0.0,3.5,34.6,0.0,0.0,0.0,0.0,61.8
2023-04-28T21:00Z,2,25,2.9,0.0,5.4,1.2,9.3,67.7,0.0,0.0,13.5
2023-04-28T21:00Z,3,85,3.2,0.0,20.5,0.0,7.0,66.2,0.0,0.0,3.0
2023-04-28T21:00Z,4,8,4.1,0.0,0.0,0.0,52.2,42.9,0.0,0.0,0.8
2023-04-28T21:00Z,5,189,51.3,0.0,32.2,0.0,3.0,2.6,0.0,0.0,10.9
2023-04-28T21:00Z,6,80,2.3,0.0,19.5,9.2,5.3,45.9,0.0,0.0,17.8
2023-04-28T21:00Z,7,372,0.0,0.0,94.5,0.0,0.0,0.0,0.0,0.0,5.5
2023-04-28T21:00Z,8,246,5.3,0.0,60.8,0.7,2.7,24.5,0.0,0.0,6.1
2023-04-28T21:00Z,9,310,16.4,0.0,73.6,0.0,0.9,0.9,0.0,0.0,8.1
2023-04-28T21:00Z,10,300,2.8,0.0,60.0,0.0,11.9,0.1,0.0,0.0,25.1
2023-04-28T21:00Z,11,387,0.0,0.0,98.2,0.0,0.0,0.1,0.0,0.0,1.8
2023-04-28T21:00Z,12,298,5.6,0.0,72.7,0.1,14.6,2.6,0.0,0.0,4.4
2023-04-28T21:00Z,13,297,2.6,0.0,65.0,0.3,9.5,0.4,0.0,0.0,22.3
2023-04-28T21:00Z,14,290,0.3,0.0,71.9,1.1,1.2,0.0,0.0,0.0,25.6
2023-04-28T21:00Z,15,235,9.9,0.0,53.8,0.2,9.5,16.5,0.0,0.0,10.1
2023-04-28T21:00Z,16,66,1.4,0.0,15.7,12.6,0.9,40.0,0.0,0.0,29.4
2023-04-28T21:00Z,17,324,0.0,0.0,82.3,5.5,0.0,0.0,0.0,0.0,12.2
2023-04-28T21:00Z,18,218,8.1,0.0,50.8,2.1,7.8,18.4,0.0,0.0,12.8
2023-04-28T21:30Z,1,10,0.0,0.0,2.5,30.5,0.0,0.0,0.0,0.0,67.0
2023-04-28T21:30Z,2,25,2.7,0.0,5.5,0.9,8.5,69.6,0.0,0.0,12.9
2023-04-28T21:30Z,3,84,2.8,0.0,20.4,0.0,7.4,66.5,0.0,0.0,2.8
2023-04-28T21:30Z,4,8,3.9,0.0,0.0,0.0,51.0,44.3,0.0,0.0,0.8
2023-04-28T21:30Z,5,167,57.6,0.0,24.7,0.0,4.1,3.3,0.0,0.0,10.3
2023-04-28T21:30Z,6,87,1.8,0.0,21.3,7.2,5.0,47.8,0.0,0.0,16.8
2023-04-28T21:30Z,7,374,0.0,0.0,94.9,0.0,0.0,0.0,0.0,0.0,5.1
2023-04-28T21:30Z,8,240,5.6,0.0,59.1,0.7,3.1,25.4,0.0,0.0,6.1
2023-04-28T21:30Z,9,304,18.5,0.0,71.6,0.0,1.3,1.1,0.0,0.0,7.5
2023-04-28T21:30Z,10,306,2.5,0.0,60.3,0.0,12.9,0.1,0.0,0.0,24.2
2023-04-28T21:30Z,11,387,0.0,0.0,98.2,0.0,0.0,0.0,0.0,0.0,1.8
2023-04-28T21:30Z,12,306,5.6,0.0,74.8,0.1,13.0,2.3,0.0,0.0,4.1
2023-04-28T21:30Z,13,302,2.2,0.0,65.4,0.4,9.7,0.3,0.0,0.0,22.1
2023-04-28T21:30Z,14,291,0.1,0.0,73.1,1.3,0.6,0.0,0.0,0.0,24.8
2023-04-28T21:30Z,15,237,9.9,0.0,53.9,0.2,9.7,16.8,0.0,0.0,9.4
2023-04-28T21:30Z,16,62,1.4,0.0,14.4,10.4,1.1,42.4,0.0,0.0,30.4
2023-04-28T21:30Z,17,328,0.0,0.0,83.1,5.0,0.0,0.0,0.0,0.0,11.9
2023-04-28T21:30Z,18,219,8.2,0.0,51.0,1.8,7.9,18.9,0.0,0.0,12.2
2023-04-28T22:00Z,1,6,0.0,0.0,1.5,25.8,0.0,0.0,0.0,0.0,72.8
2023-04-28T22:00Z,2,22,2.9,0.0,4.6,0.5,8.1,71.1,0.0,0.0,12.7
2023-04-28T22:00Z,3,76,2.9,0.0,18.4,0.0,8.5,67.4,0.0,0.0,2.7
2023-04-28T22:00Z,4,7,3.8,0.0,0.0,0.0,48.2,47.2,0.0,0.0,0.8
2023-04-28T22:00Z,5,157,59.5,0.0,21.7,0.0,5.3,4.2,0.0,0.0,9.3
2023-04-28T22:00Z,6,76,2.0,0.0,18.5,7.6,5.9,49.0,0.0,0.0,16.9
2023-04-28T22:00Z,7,373,0.0,0.0,94.6,0.0,0.0,0.0,0.0,0.0,5.4
2023-04-28T22:00Z,8,221,6.6,0.0,54.1,0.9,4.0,28.0,0.0,0.0,6.4
2023-04-28T22:00Z,9,300,19.8,0.0,70.1,0.0,1.8,1.5,0.0,0.0,6.8
2023-04-28T22:00Z,10,312,2.1,0.0,62.2,0.0,12.8,0.2,0.0,0.0,22.8
2023-04-28T22:00Z,11,386,0.0,0.0,98.0,0.0,0.0,0.0,0.0,0.0,2.0
2023-04-28T22:00Z,12,302,6.2,0.0,73.7,0.1,13.0,2.6,0.0,0.0,4.3
2023-04-28T22:00Z,13,306,1.7,0.0,66.4,0.4,9.1,0.4,0.0,0.0,22.0
2023-04-28T22:00Z,14,296,0.0,0.0,75.1,1.5,0.0,0.0,0.0,0.0,23.4
2023-04-28T22:00Z,15,228,11.0,0.0,51.3,0.2,10.5,17.8,0.0,0.0,9.2
2023-04-28T22:00Z,16,60,1.4,0.0,14.2,7.7,0.8,45.2,0.0,0.0,30.7
2023-04-28T22:00Z,17,327,0.0,0.0,83.0,5.7,0.0,0.0,0.0,0.0,11.3
2023-04-28T22:00Z,18,213,9.1,0.0,48.9,1.5,8.6,19.9,0.0,0.0,12.0
2023-04-28T22:30Z,1,8,0.0,0.0,2.1,25.9,0.0,0.2,0.0,0.0,71.9
2023-04-28T22:30Z,2,23,2.9,0.0,4.8,0.4,7.8,70.8,0.0,0.0,13.3
2023-04-28T22:30Z,3,78,3.0,0.0,18.7,0.0,8.2,67.4,0.0,0.0,2.7
2023-04-28T22:30Z,4,7,3.8,0.0,0.0,0.0,47.1,48.2,0.0,0.0,0.8
2023-04-28T22:30Z,5,164,58.1,0.0,23.8,0.0,5.0,5.2,0.0,0.0,7.9
2023-04-28T22:30Z,6,81,2.1,0.0,19.7,7.0,5.7,49.0,0.0,0.0,16.5
2023-04-28T22:30Z,7,374,0.0,0.0,94.9,0.0,0.0,0.0,0.0,0.0,5.1
2023-04-28T22:30Z,8,215,7.0,0.0,52.4,0.9,4.0,29.6,0.0,0.0,6.0
2023-04-28T22:30Z,9,295,21.9,0.0,68.3,0.0,1.9,1.9,0.0,0.0,6.1
2023-04-28T22:30Z,10,314,2.1,0.0,66.1,0.0,10.2,0.3,0.0,0.0,21.3
2023-04-28T22:30Z,11,385,0.0,0.0,97.8,0.0,0.0,0.0,0.0,0.0,2.2
2023-04-28T22:30Z,12,302,7.4,0.0,73.5,0.2,11.4,3.2,0.0,0.0,4.3
2023-04-28T22:30Z,13,310,1.6,0.0,69.4,0.4,7.1,0.5,0.0,0.0,21.0
2023-04-28T22:30Z,14,303,0.0,0.0,77.0,1.5,0.0,0.0,0.0,0.0,21.6
2023-04-28T22:30Z,15,227,11.1,0.0,50.2,0.2,11.7,18.7,0.0,0.0,8.1
2023-04-28T22:30Z,16,54,1.5,0.0,12.4,6.4,1.0,47.4,0.0,0.0,31.4
2023-04-28T22:30Z,17,324,0.0,0.0,82.2,5.6,0.0,0.0,0.0,0.0,12.3
2023-04-28T22:30Z,18,211,9.2,0.0,47.9,1.4,9.6,20.9,0.0,0.0,11.2
2023-04-28T23:00Z,1,0,0.0,0.0,0.0,26.2,0.0,0.2,0.0,0.0,73.6
2023-04-28T23:00Z,2,23,2.9,0.0,4.7,0.2,7.3,71.8,0.0,0.0,13.0
2023-04-28T23:00Z,3,71,1.8,0.0,17.4,0.0,8.6,69.5,0.0,0.0,2.7
2023-04-28T23:00Z,4,7,3.8,0.0,0.0,0.0,46.5,48.9,0.0,0.0,0.8
2023-04-28T23:00Z,5,159,58.0,0.0,22.7,0.0,6.3,6.1,0.0,0.0,6.9
2023-04-28T23:00Z,6,85,1.4,0.0,21.0,5.4,5.7,50.6,0.0,0.0,16.0
2023-04-28T23:00Z,7,375,0.0,0.0,95.3,0.0,0.0,0.0,0.0,0.0,4.7
2023-04-28T23:00Z,8,203,6.2,0.0,49.6,0.8,4.5,32.6,0.0,0.1,6.2
2023-04-28T23:00Z,9,280,25.8,0.0,63.1,0.0,2.8,2.4,0.0,0.0,5.9
2023-04-28T23:00Z,10,320,3.0,0.0,66.3,0.0,11.2,0.3,0.0,0.0,19.2
2023-04-28T23:00Z,11,387,0.0,0.0,98.1,0.0,0.0,0.0,0.0,0.0,1.8
2023-04-28T23:00Z,12,301,8.1,0.0,72.9,0.2,11.3,3.5,0.0,0.0,4.0
2023-04-28T23:00Z,13,316,2.5,0.0,70.2,0.4,8.0,0.5,0.0,0.0,18.5
2023-04-28T23:00Z,14,310,0.1,0.0,78.1,1.2,0.4,0.0,0.0,0.0,20.3
2023-04-28T23:00Z,15,218,12.2,0.0,48.1,0.2,11.7,19.3,0.0,0.0,8.5
2023-04-28T23:00Z,16,50,1.6,0.0,11.0,6.3,1.4,48.1,0.0,0.0,31.7
2023-04-28T23:00Z,17,328,0.0,0.0,83.2,4.4,0.0,0.0,0.0,0.0,12.4
2023-04-28T23:00Z,18,208,10.1,0.0,46.0,1.2,9.7,21.5,0.0,0.0,11.6
2023-04-28T23:30Z,1,1,0.0,0.0,0.3,24.5,0.1,0.2,0.0,0.0,74.8
2023-04-28T23:30Z,2,24,2.9,0.0,5.1,0.1,7.0,72.1,0.0,0.0,12.8
2023-04-28T23:30Z,3,68,1.4,0.0,16.7,0.0,8.6,70.7,0.0,0.0,2.6
2023-04-28T23:30Z,4,7,3.6,0.0,0.0,0.0,45.3,50.4,0.0,0.0,0.8
2023-04-28T23:30Z,5,152,59.3,0.0,20.4,0.0,7.1,7.1,0.0,0.0,6.1
2023-04-28T23:30Z,6,90,1.2,0.0,22.3,3.7,5.7,51.9,0.0,0.0,15.1
2023-04-28T23:30Z,7,375,0.0,0.0,95.3,0.0,0.0,0.0,0.0,0.0,4.7
2023-04-28T23:30Z,8,194,6.0,0.0,47.4,0.6,5.1,34.8,0.0,0.0,6.0
2023-04-28T23:30Z,9,285,24.8,0.0,64.8,0.0,3.0,2.8,0.0,0.0,4.7
2023-04-28T23:30Z,10,321,4.7,0.0,65.1,0.0,12.0,0.4,0.0,0.0,17.7
2023-04-28T23:30Z,11,387,0.0,0.0,98.2,0.0,0.0,0.0,0.0,0.0,1.8
2023-04-28T23:30Z,12,305,8.9,0.0,73.9,0.1,9.4,3.9,0.0,0.0,3.8
2023-04-28T23:30Z,13,319,3.6,0.0,70.8,0.3,8.1,0.5,0.0,0.0,16.7
2023-04-28T23:30Z,14,319,0.0,0.0,81.0,1.0,0.0,0.0,0.0,0.0,18.0
2023-04-28T23:30Z,15,212,12.7,0.0,46.2,0.2,13.3,20.1,0.0,0.0,7.5
2023-04-28T23:30Z,16,46,1.6,0.0,10.0,6.0,1.6,49.0,0.0,0.0,31.9
2023-04-28T23:30Z,17,333,0.0,0.0,84.6,2.7,0.0,0.0,0.0,0.0,12.7
2023-04-28T23:30Z,18,205,10.5,0.0,44.5,1.1,10.9,22.2,0.0,0.0,10.9
2023-04-29T00:00Z,1,10,0.0,0.0,2.6,21.6,0.0,0.3,0.0,0.0,75.6
2023-04-29T00:00Z,2,26,3.0,0.0,5.6,0.0,6.8,71.2,0.0,0.0,13.4
2023-04-29T00:00Z,3,68,1.5,0.0,16.8,0.0,8.5,70.4,0.0,0.0,2.8
2023-04-29T00:00Z,4,7,3.9,0.0,0.0,0.0,45.5,49.8,0.0,0.0,0.8
2023-04-29T00:00Z,5,143,62.2,0.0,17.3,0.0,7.2,7.3,0.0,0.0,5.9
2023-04-29T00:00Z,6,76,1.4,0.0,18.7,3.5,6.2,53.2,0.0,0.0,16.9
2023-04-29T00:00Z,7,375,0.0,0.0,95.3,0.0,0.0,0.0,0.0,0.0,4.7
2023-04-29T00:00Z,8,192,6.3,0.0,46.9,0.6,4.9,35.2,0.0,0.0,6.1
2023-04-29T00:00Z,9,287,24.6,0.0,65.4,0.0,2.8,2.8,0.0,0.0,4.4
2023-04-29T00:00Z,10,325,4.7,0.0,66.2,0.0,12.0,0.4,0.0,0.0,16.6
2023-04-29T00:00Z,11,386,0.0,0.0,98.0,0.0,0.0,0.0,0.0,0.0,2.0
2023-04-29T00:00Z,12,299,9.2,0.0,72.3,0.1,10.7,3.9,0.0,0.0,3.7
2023-04-29T00:00Z,13,323,3.5,0.0,71.9,0.3,8.0,0.5,0.0,0.0,15.9
2023-04-29T00:00Z,14,324,0.0,0.0,82.3,0.8,0.0,0.0,0.0,0.0,16.8
2023-04-29T00:00Z,15,214,12.3,0.0,46.4,0.1,13.9,20.5,0.0,0.0,6.8
2023-04-29T00:00Z,16,58,1.5,0.0,13.0,5.7,1.4,48.5,0.0,0.0,29.9
2023-04-29T00:00Z,17,343,0.0,0.0,87.0,1.2,0.0,0.0,0.0,0.0,11.8
2023-04-29T00:00Z,18,207,10.1,0.0,45.0,0.9,11.4,22.5,0.0,0.0,10.1
2023-04-29T00:30Z,1,16,0.0,0.0,3.9,19.2,0.1,0.3,0.0,0.0,76.5
2023-04-29T00:30Z,2,26,2.8,0.0,5.5,0.1,6.6,71.6,0.0,0.0,13.2
2023-04-29T00:30Z,3,73,1.1,0.0,18.0,0.0,8.5,69.6,0.0,0.0,2.8
2023-04-29T00:30Z,4,7,4.0,0.0,0.0,0.0,46.4,48.9,0.0,0.0,0.8
2023-04-29T00:30Z,5,132,64.7,0.0,13.8,0.0,8.2,7.7,0.0,0.0,5.7
2023-04-29T00:30Z,6,78,1.2,0.0,19.4,4.0,6.1,53.1,0.0,0.0,16.3
2023-04-29T00:30Z,7,376,0.0,0.0,95.4,0.0,0.0,0.0,0.0,0.0,4.6
2023-04-29T00:30Z,8,189,6.0,0.0,46.0,0.7,5.0,36.4,0.0,0.0,5.9
2023-04-29T00:30Z,9,291,23.4,0.0,66.8,0.0,3.0,2.9,0.0,0.0,3.9
2023-04-29T00:30Z,10,332,4.3,0.0,67.3,0.0,12.5,0.5,0.0,0.0,15.3
2023-04-29T00:30Z,11,386,0.0,0.0,98.0,0.0,0.0,0.0,0.0,0.0,2.0
2023-04-29T00:30Z,12,299,8.6,0.0,72.4,0.1,11.6,3.9,0.0,0.0,3.4
2023-04-29T00:30Z,13,329,2.8,0.0,73.4,0.3,7.8,0.6,0.0,0.0,15.0
2023-04-29T00:30Z,14,330,0.0,0.0,83.7,0.9,0.0,0.0,0.0,0.0,15.4
2023-04-29T00:30Z,15,219,11.9,0.0,47.3,0.1,14.1,20.5,0.0,0.0,6.1
2023-04-29T00:30Z,16,59,1.5,0.0,14.0,5.3,0.5,48.8,0.0,0.0,29.9
2023-04-29T00:30Z,17,348,0.0,0.0,88.3,0.2,0.0,0.0,0.0,0.0,11.5
2023-04-29T00:30Z,18,208,9.8,0.0,46.0,0.7,11.4,22.6,0.0,0.0,9.4
2023-04-29T01:00Z,1,50,0.0,0.0,12.7,17.9,0.0,0.3,0.0,0.0,69.1
2023-04-29T01:00Z,2,23,3.1,0.0,4.8,0.2,8.6,68.4,0.0,0.0,14.9
2023-04-29T01:00Z,3,73,2.5,0.0,17.7,0.0,8.6,68.5,0.0,0.0,2.7
2023-04-29T01:00Z,4,7,3.9,0.0,0.0,0.0,46.0,49.3,0.0,0.0,0.8
2023-04-29T01:00Z,5,136,65.6,0.0,14.5,0.0,7.0,7.6,0.0,0.0,5.2
2023-04-29T01:00Z,6,72,2.0,0.0,17.5,4.6,6.6,52.7,0.0,0.0,16.6
2023-04-29T01:00Z,7,376,0.0,0.0,95.4,0.0,0.0,0.0,0.0,0.0,4.6
2023-04-29T01:00Z,8,193,7.2,0.0,46.6,0.8,4.9,35.2,0.0,0.0,5.3
2023-04-29T01:00Z,9,306,20.4,0.0,71.4,0.0,2.2,2.7,0.0,0.0,3.4
2023-04-29T01:00Z,10,345,2.9,0.0,68.1,0.0,14.5,0.5,0.0,0.0,13.9
2023-04-29T01:00Z,11,387,0.0,0.0,98.2,0.0,0.0,0.0,0.0,0.1,1.8
2023-04-29T01:00Z,12,299,6.4,0.0,72.7,0.1,14.5,3.5,0.0,0.0,2.7
2023-04-29T01:00Z,13,337,1.7,0.0,74.1,0.5,8.6,0.7,0.0,0.0,14.4
2023-04-29T01:00Z,14,330,0.0,0.0,83.8,1.2,0.0,0.0,0.0,0.1,14.9
2023-04-29T01:00Z,15,220,11.9,0.0,47.9,0.1,14.1,20.7,0.0,0.0,5.4
2023-04-29T01:00Z,16,56,1.7,0.0,13.2,5.5,0.7,49.2,0.0,0.0,29.6
2023-04-29T01:00Z,17,345,0.0,0.0,87.6,0.2,0.0,0.0,0.0,0.0,12.2
2023-04-29T01:00Z,18,209,9.7,0.0,46.3,0.8,11.4,22.8,0.0,0.0,8.9
2023-04-29T01:30Z,1,63,0.0,0.0,16.0,17.1,0.0,0.1,0.0,0.0,66.9
2023-04-29T01:30Z,2,23,2.8,0.0,4.7,0.2,7.7,69.7,0.0,0.0,14.7
2023-04-29T01:30Z,3,75,2.4,0.0,18.2,0.0,8.6,67.9,0.0,0.0,2.9
2023-04-29T01:30Z,4,7,3.8,0.0,0.0,0.0,45.5,49.9,0.0,0.0,0.8
2023-04-29T01:30Z,5,140,64.9,0.0,15.5,0.0,7.1,7.8,0.0,0.0,4.7
2023-04-29T01:30Z,6,58,2.1,0.0,14.1,4.7,6.9,55.1,0.0,0.0,17.3
2023-04-29T01:30Z,7,374,0.0,0.0,95.0,0.0,0.0,0.0,0.0,0.0,5.0
2023-04-29T01:30Z,8,181,8.1,0.0,43.4,0.7,5.6,36.5,0.0,0.0,5.7
2023-04-29T01:30Z,9,304,21.3,0.0,70.5,0.0,2.3,2.6,0.0,0.0,3.2
2023-04-29T01:30Z,10,351,3.4,0.0,68.4,0.0,15.4,0.5,0.0,0.0,12.2
2023-04-29T01:30Z,11,387,0.0,0.0,98.2,0.0,0.0,0.0,0.0,0.0,1.8
2023-04-29T01:30Z,12,299,6.8,0.0,72.6,0.1,15.7,2.4,0.0,0.0,2.3
2023-04-29T01:30Z,13,344,2.1,0.0,75.1,0.5,9.2,0.4,0.0,0.0,12.6
2023-04-29T01:30Z,14,337,0.0,0.0,85.6,1.2,0.0,0.0,0.0,0.0,13.2
2023-04-29T01:30Z,15,225,11.8,0.0,49.1,0.1,13.1,20.9,0.0,0.0,5.0
2023-04-29T01:30Z,16,60,1.6,0.0,14.3,5.7,0.6,48.8,0.0,0.0,28.9
2023-04-29T01:30Z,17,346,0.0,0.0,87.9,0.0,0.0,0.0,0.0,0.0,12.1
2023-04-29T01:30Z,18,212,9.6,0.0,47.5,0.8,10.5,22.9,0.0,0.0,8.6
2023-04-29T02:00Z,1,56,0.0,0.0,14.3,16.9,0.0,0.5,0.0,0.0,68.3
2023-04-29T02:00Z,2,20,3.1,0.0,3.9,0.2,8.1,70.4,0.0,0.0,14.4
2023-04-29T02:00Z,3,74,3.1,0.0,17.8,0.0,8.3,67.8,0.0,0.0,3.0
2023-04-29T02:00Z,4,7,4.0,0.0,0.0,0.0,44.5,50.6,0.0,0.0,0.8
2023-04-29T02:00Z,5,147,64.7,0.0,17.5,0.0,6.1,7.4,0.0,0.0,4.3
2023-04-29T02:00Z,6,57,2.5,0.0,13.6,5.0,6.7,54.8,0.0,0.0,17.4
2023-04-29T02:00Z,7,375,0.0,0.0,95.2,0.0,0.0,0.0,0.0,0.0,4.8
2023-04-29T02:00Z,8,185,8.4,0.0,44.3,0.8,5.2,36.0,0.0,0.0,5.4
2023-04-29T02:00Z,9,310,20.4,0.0,72.4,0.0,1.9,2.4,0.0,0.0,2.9
2023-04-29T02:00Z,10,360,3.3,0.0,68.2,0.0,17.3,0.4,0.0,0.0,10.8
2023-04-29T02:00Z,11,387,0.0,0.0,98.3,0.0,0.0,0.0,0.0,0.0,1.7
2023-04-29T02:00Z,12,307,6.5,0.0,74.7,0.1,15.0,1.5,0.0,0.0,2.2
2023-04-29T02:00Z,13,350,2.1,0.0,74.3,0.5,11.1,0.3,0.0,0.0,11.7
2023-04-29T02:00Z,14,336,0.0,0.0,85.3,1.4,0.0,0.0,0.0,0.0,13.3
2023-04-29T02:00Z,15,232,11.7,0.0,51.1,0.1,11.8,20.7,0.0,0.0,4.5
2023-04-29T02:00Z,16,64,1.7,0.0,15.4,5.9,0.7,48.5,0.0,0.0,27.9
2023-04-29T02:00Z,17,348,0.0,0.0,88.4,0.0,0.0,0.0,0.0,0.0,11.5
2023-04-29T02:00Z,18,216,9.6,0.0,49.2,0.8,9.5,22.8,0.0,0.0,8.1
2023-04-29T02:30Z,1,75,0.0,0.0,18.9,16.1,0.0,0.9,0.0,0.0,64.0
2023-04-29T02:30Z,2,20,3.0,0.0,4.2,0.1,7.8,69.7,0.0,0.0,15.2
2023-04-29T02:30Z,3,75,2.6,0.0,18.0,0.0,8.2,68.1,0.0,0.0,3.1
2023-04-29T02:30Z,4,7,3.8,0.0,0.0,0.0,44.1,51.2,0.0,0.0,0.8
2023-04-29T02:30Z,5,144,65.6,0.0,16.4,0.0,6.6,7.4,0.0,0.0,4.1
2023-04-29T02:30Z,6,59,2.2,0.0,14.2,5.4,6.4,54.5,0.0,0.0,17.4
2023-04-29T02:30Z,7,376,0.0,0.0,95.5,0.0,0.0,0.0,0.0,0.0,4.5
2023-04-29T02:30Z,8,185,8.0,0.0,44.5,0.9,5.1,36.0,0.0,0.0,5.5
2023-04-29T02:30Z,9,309,20.9,0.0,72.1,0.0,2.1,2.3,0.0,0.0,2.7
2023-04-29T02:30Z,10,363,3.7,0.0,67.2,0.0,18.6,0.4,0.0,0.0,10.0
2023-04-29T02:30Z,11,387,0.0,0.0,98.3,0.0,0.0,0.0,0.0,0.0,1.7
2023-04-29T02:30Z,12,315,6.8,0.0,76.7,0.1,13.7,0.7,0.0,0.0,2.0
2023-04-29T02:30Z,13,354,2.3,0.0,74.9,0.5,11.3,0.2,0.0,0.0,10.7
2023-04-29T02:30Z,14,343,0.0,0.0,87.0,1.3,0.0,0.0,0.0,0.0,11.7
2023-04-29T02:30Z,15,230,11.7,0.0,51.0,0.1,12.1,21.0,0.0,0.0,4.1
2023-04-29T02:30Z,16,66,2.0,0.0,15.8,5.8,0.8,48.4,0.0,0.0,27.3
2023-04-29T02:30Z,17,347,0.0,0.0,88.2,0.0,0.0,0.0,0.0,0.0,11.8
2023-04-29T02:30Z,18,216,9.6,0.0,49.1,0.8,9.7,23.0,0.0,0.0,7.7
2023-04-29T03:00Z,1,66,0.1,0.0,16.7,16.4,0.3,0.9,0.0,0.0,65.6
2023-04-29T03:00Z,2,22,3.1,0.0,4.0,0.1,8.4,69.9,0.0,0.0,14.5
2023-04-29T03:00Z,3,80,3.2,0.0,19.2,0.0,7.7,66.9,0.0,0.0,3.1
2023-04-29T03:00Z,4,7,4.1,0.0,0.0,0.0,43.3,51.7,0.0,0.0,0.9
2023-04-29T03:00Z,5,160,62.3,0.0,21.6,0.0,5.3,7.0,0.0,0.0,3.8
2023-04-29T03:00Z,6,67,2.4,0.0,16.1,5.6,6.0,53.5,0.0,0.0,16.4
2023-04-29T03:00Z,7,377,0.0,0.0,95.6,0.0,0.0,0.0,0.0,0.0,4.4
2023-04-29T03:00Z,8,193,7.9,0.0,46.6,0.9,4.6,34.9,0.0,0.0,5.2
2023-04-29T03:00Z,9,318,18.9,0.0,74.9,0.0,1.6,2.2,0.0,0.0,2.4
2023-04-29T03:00Z,10,368,3.5,0.0,67.7,0.0,19.3,0.4,0.0,0.0,9.0
2023-04-29T03:00Z,11,388,0.0,0.0,98.5,0.0,0.0,0.0,0.0,0.0,1.6
2023-04-29T03:00Z,12,326,6.4,0.0,80.0,0.1,10.8,0.7,0.0,0.0,2.0
2023-04-29T03:00Z,13,359,2.2,0.0,75.3,0.5,11.9,0.3,0.0,0.0,9.8
2023-04-29T03:00Z,14,346,0.0,0.0,87.7,1.3,0.0,0.0,0.0,0.0,11.0
2023-04-29T03:00Z,15,234,11.6,0.0,51.9,0.1,11.8,20.8,0.0,0.0,3.9
2023-04-29T03:00Z,16,69,2.0,0.0,16.0,5.7,1.2,48.1,0.0,0.0,26.9
2023-04-29T03:00Z,17,348,0.0,0.0,88.4,0.0,0.0,0.0,0.0,0.0,11.5
2023-04-29T03:00Z,18,221,9.5,0.0,49.9,0.8,9.5,22.8,0.0,0.0,7.5
2023-04-29T03:30Z,1,78,0.2,0.0,19.6,15.6,0.4,0.9,0.0,0.0,63.3
2023-04-29T03:30Z,2,26,3.4,0.0,5.1,0.2,7.9,69.3,0.0,0.0,14.2
2023-04-29T03:30Z,3,84,2.8,0.0,20.2,0.0,7.8,66.0,0.0,0.0,3.1
2023-04-29T03:30Z,4,7,3.9,0.0,0.0,0.0,44.5,50.7,0.0,0.0,0.9
2023-04-29T03:30Z,5,169,59.6,0.0,24.7,0.0,5.6,6.6,0.0,0.0,3.5
2023-04-29T03:30Z,6,72,2.3,0.0,17.3,5.5,6.0,53.0,0.0,0.0,15.9
2023-04-29T03:30Z,7,378,0.0,0.0,95.9,0.0,0.0,0.0,0.0,0.0,4.1
2023-04-29T03:30Z,8,194,7.5,0.0,46.9,0.9,4.8,34.8,0.0,0.0,5.1
2023-04-29T03:30Z,9,320,18.3,0.0,75.6,0.0,1.7,2.1,0.0,0.0,2.3
2023-04-29T03:30Z,10,373,3.7,0.0,67.4,0.0,20.5,0.4,0.0,0.0,8.0
2023-04-29T03:30Z,11,388,0.0,0.0,98.5,0.0,0.0,0.0,0.0,0.0,1.5
2023-04-29T03:30Z,12,323,6.3,0.0,79.1,0.1,11.9,0.9,0.0,0.0,1.7
2023-04-29T03:30Z,13,364,2.3,0.0,76.0,0.5,12.3,0.3,0.0,0.0,8.7
2023-04-29T03:30Z,14,352,0.0,0.0,89.3,1.1,0.0,0.0,0.0,0.0,9.6
2023-04-29T03:30Z,15,234,11.3,0.0,52.0,0.1,12.4,20.5,0.0,0.0,3.8
2023-04-29T03:30Z,16,71,1.9,0.0,16.7,5.8,1.2,47.8,0.0,0.0,26.6
2023-04-29T03:30Z,17,352,0.0,0.0,89.3,0.2,0.0,0.0,0.0,0.0,10.5
2023-04-29T03:30Z,18,223,9.2,0.0,50.1,0.8,10.0,22.6,0.0,0.0,7.3
2023-04-29T04:00Z,1,120,0.0,0.0,30.4,17.3,0.0,0.9,0.0,0.0,51.4
2023-04-29T04:00Z,2,28,3.3,0.0,6.1,0.6,7.3,66.7,0.0,0.1,16.0
2023-04-29T04:00Z,3,84,2.6,0.0,20.5,0.0,8.2,65.4,0.0,0.0,3.3
2023-04-29T04:00Z,4,7,3.9,0.0,0.0,0.0,46.1,49.1,0.0,0.0,0.9
2023-04-29T04:00Z,5,168,60.0,0.0,24.2,0.0,6.2,6.3,0.0,0.1,3.3
2023-04-29T04:00Z,6,61,2.4,0.0,14.6,5.6,6.6,53.7,0.0,0.1,17.0
2023-04-29T04:00Z,7,378,0.0,0.0,95.9,0.0,0.0,0.0,0.0,0.0,4.1
2023-04-29T04:00Z,8,189,7.6,0.0,45.5,0.9,5.1,35.4,0.0,0.1,5.4
2023-04-29T04:00Z,9,317,19.0,0.0,74.7,0.0,2.0,2.1,0.0,0.1,2.2
2023-04-29T04:00Z,10,371,4.4,0.0,67.7,0.0,19.9,0.4,0.0,0.2,7.3
2023-04-29T04:00Z,11,389,0.0,0.0,98.7,0.0,0.0,0.0,0.0,0.0,1.4
2023-04-29T04:00Z,12,335,6.3,0.0,82.5,0.1,8.5,0.8,0.0,0.2,1.7
2023-04-29T04:00Z,13,364,2.5,0.0,78.1,0.5,10.8,0.3,0.0,0.3,7.5
2023-04-29T04:00Z,14,357,0.0,0.0,90.7,1.1,0.0,0.0,0.0,0.3,7.9
2023-04-29T04:00Z,15,239,11.3,0.0,52.7,0.0,12.3,20.1,0.0,0.1,3.6
2023-04-29T04:00Z,16,70,2.1,0.0,16.3,6.4,1.3,47.6,0.0,0.0,26.3
2023-04-29T04:00Z,17,348,0.0,0.0,88.4,1.0,0.0,0.1,0.0,0.0,10.5
2023-04-29T04:00Z,18,225,9.2,0.0,50.6,0.9,9.9,22.2,0.0,0.1,7.1
2023-04-29T04:30Z,1,126,0.0,0.0,32.1,21.1,0.0,0.9,0.0,0.0,46.0
2023-04-29T04:30Z,2,33,3.2,0.0,6.9,0.7,7.2,65.9,0.0,0.1,16.1
2023-04-29T04:30Z,3,85,2.4,0.0,20.7,0.0,8.3,65.0,0.0,0.0,3.5
2023-04-29T04:30Z,4,7,3.8,0.0,0.0,0.0,48.7,46.4,0.0,0.1,0.9
2023-04-29T04:30Z,5,187,55.1,0.0,30.5,0.0,5.7,5.7,0.0,0.1,2.8
2023-04-29T04:30Z,6,71,2.2,0.0,17.1,4.1,6.6,53.0,0.0,0.3,16.8
2023-04-29T04:30Z,7,380,0.0,0.0,96.5,0.0,0.0,0.0,0.0,0.0,3.5
2023-04-29T04:30Z,8,191,7.2,0.0,46.2,0.7,5.0,35.4,0.0,0.2,5.3
2023-04-29T04:30Z,9,312,20.6,0.0,72.8,0.0,2.1,1.9,0.0,0.3,2.2
2023-04-29T04:30Z,10,370,5.2,0.0,68.2,0.0,19.2,0.4,0.0,0.8,6.2
2023-04-29T04:30Z,11,388,0.0,0.0,98.6,0.0,0.0,0.0,0.0,0.2,1.2
2023-04-29T04:30Z,12,302,6.5,0.0,73.1,0.1,17.6,0.8,0.0,0.6,1.4
2023-04-29T04:30Z,13,356,3.6,0.0,76.6,0.4,12.3,0.3,0.0,0.8,6.1
2023-04-29T04:30Z,14,357,0.0,0.0,90.6,0.9,0.0,0.0,0.0,0.9,7.5
2023-04-29T04:30Z,15,238,11.2,0.0,53.3,0.1,12.1,19.7,0.0,0.4,3.3
2023-04-29T04:30Z,16,77,2.4,0.0,17.9,7.4,1.7,45.8,0.0,0.1,24.7
2023-04-29T04:30Z,17,345,0.0,0.0,87.6,1.7,0.0,0.2,0.0,0.1,10.3
2023-04-29T04:30Z,18,226,9.2,0.0,51.2,1.1,9.9,21.7,0.0,0.3,6.6
2023-04-29T05:00Z,1,106,0.0,0.0,26.9,27.6,0.0,1.5,0.0,0.0,44.0
2023-04-29T05:00Z,2,28,3.3,0.0,5.6,0.8,8.5,66.8,0.0,0.3,14.8
2023-04-29T05:00Z,3,83,2.7,0.0,20.1,0.0,8.7,64.9,0.0,0.1,3.5
2023-04-29T05:00Z,4,7,3.8,0.0,0.0,0.0,49.9,45.2,0.0,0.2,0.9
2023-04-29T05:00Z,5,191,54.3,0.0,31.9,0.0,5.6,5.3,0.0,0.3,2.7
2023-04-29T05:00Z,6,81,2.2,0.0,19.6,3.1,6.7,51.7,0.0,1.0,15.6
2023-04-29T05:00Z,7,379,0.0,0.0,96.3,0.0,0.0,0.0,0.0,0.3,3.4
2023-04-29T05:00Z,8,194,7.2,0.0,47.0,0.5,5.1,34.4,0.0,0.8,5.0
2023-04-29T05:00Z,9,315,19.3,0.0,74.0,0.0,2.0,1.8,0.0,0.8,2.0
2023-04-29T05:00Z,10,369,4.6,0.0,70.1,0.0,17.5,0.4,0.0,1.9,5.4
2023-04-29T05:00Z,11,384,0.0,0.0,97.4,0.0,0.0,0.0,0.0,1.4,1.2
2023-04-29T05:00Z,12,300,5.6,0.0,73.0,0.1,17.5,0.7,0.0,1.9,1.2
2023-04-29T05:00Z,13,354,3.2,0.0,77.1,0.4,11.6,0.3,0.0,2.1,5.3
2023-04-29T05:00Z,14,353,0.0,0.0,89.6,1.2,0.0,0.0,0.0,2.5,6.7
2023-04-29T05:00Z,15,245,10.0,0.0,55.6,0.1,11.5,18.9,0.0,1.0,2.9
2023-04-29T05:00Z,16,78,2.5,0.0,17.9,8.9,2.1,45.1,0.0,0.3,23.2
2023-04-29T05:00Z,17,342,0.4,0.0,86.5,2.1,0.4,0.3,0.0,0.5,9.7
2023-04-29T05:00Z,18,230,8.3,0.0,52.9,1.4,9.5,21.0,0.0,0.9,6.1
