from,regions.regionid,regions.intensity.forecast,biomass,coal,gas,hydro,imports,nuclear,other,solar,wind
2023-10-03T20:00Z,1,0,0.0,0.0,0.0,20.3,0.0,0.0,0.0,0.0,79.7
2023-10-03T20:00Z,2,8,1.3,0.0,1.5,8.8,0.0,11.0,0.0,0.0,77.4
2023-10-03T20:00Z,3,3,0.4,0.0,0.6,2.4,6.6,36.7,0.0,0.0,53.4
2023-10-03T20:00Z,4,4,0.4,0.0,0.4,2.4,49.2,22.6,0.0,0.0,25.0
2023-10-03T20:00Z,5,107,19.2,0.0,21.3,0.6,8.8,6.3,0.0,0.0,43.8
2023-10-03T20:00Z,6,3,0.5,0.0,0.6,10.1,2.0,14.9,0.0,0.0,71.8
2023-10-03T20:00Z,7,123,0.9,0.0,31.0,2.5,2.2,11.9,0.0,0.0,51.6
2023-10-03T20:00Z,8,21,1.9,0.0,4.7,5.1,4.6,24.3,0.0,0.0,59.4
2023-10-03T20:00Z,9,143,11.8,0.0,32.6,0.3,5.4,3.6,0.0,0.0,46.2
2023-10-03T20:00Z,10,46,1.5,0.0,8.4,0.0,3.0,21.3,0.0,0.0,65.6
2023-10-03T20:00Z,11,241,2.3,0.0,59.3,0.7,10.7,3.0,0.0,0.0,23.9
2023-10-03T20:00Z,12,172,4.1,0.0,40.2,1.3,19.2,5.7,0.0,0.0,29.5
2023-10-03T20:00Z,13,95,1.3,0.0,21.1,1.4,9.9,13.7,0.0,0.0,52.6
2023-10-03T20:00Z,14,146,0.3,0.0,34.2,3.7,17.5,4.8,0.0,0.0,39.5
2023-10-03T20:00Z,15,94,3.3,0.0,21.1,1.8,12.2,15.3,0.0,0.0,46.3
2023-10-03T20:00Z,16,6,1.0,0.0,1.2,9.9,0.0,9.8,0.0,0.0,78.2
2023-10-03T20:00Z,17,47,0.4,0.0,11.8,15.4,0.0,3.7,0.0,0.0,68.7
2023-10-03T20:00Z,18,78,2.8,0.0,18.0,3.8,9.9,13.9,0.0,0.0,51.7
2023-10-03T20:30Z,1,0,0.0,0.0,0.0,19.2,0.0,0.0,0.0,0.0,80.8
2023-10-03T20:30Z,2,8,1.3,0.0,1.5,8.4,0.0,11.7,0.0,0.0,77.1
2023-10-03T20:30Z,3,7,0.4,0.0,1.5,2.3,6.5,36.8,0.0,0.0,52.6
2023-10-03T20:30Z,4,4,0.4,0.0,0.4,2.2,49.0,22.5,0.0,0.0,25.4
2023-10-03T20:30Z,5,106,18.7,0.0,21.2,0.5,9.2,6.4,0.0,0.0,44.0
2023-10-03T20:30Z,6,4,0.5,0.0,0.9,10.0,2.0,14.7,0.0,0.0,71.9
2023-10-03T20:30Z,7,139,0.8,0.0,35.1,2.3,2.1,11.3,0.0,0.0,48.5
2023-10-03T20:30Z,8,22,1.8,0.0,5.0,5.1,4.6,24.5,0.0,0.0,59.0
2023-10-03T20:30Z,9,142,11.5,0.0,32.5,0.3,5.6,3.8,0.0,0.0,46.3
2023-10-03T20:30Z,10,39,1.4,0.0,9.5,0.0,0.7,23.0,0.0,0.0,65.4
2023-10-03T20:30Z,11,268,1.8,0.0,66.5,0.6,7.8,3.2,0.0,0.0,20.1
2023-10-03T20:30Z,12,173,4.1,0.0,40.6,1.4,17.5,6.6,0.0,0.0,29.8
2023-10-03T20:30Z,13,88,1.3,0.0,21.1,1.3,6.6,14.6,0.0,0.0,55.0
2023-10-03T20:30Z,14,145,0.3,0.0,35.0,3.1,13.3,4.7,0.0,0.0,43.6
2023-10-03T20:30Z,15,93,3.3,0.0,22.2,1.8,9.3,15.4,0.0,0.0,48.0
2023-10-03T20:30Z,16,6,1.0,0.0,1.3,8.6,0.0,10.1,0.0,0.0,79.0
2023-10-03T20:30Z,17,53,0.4,0.0,13.2,16.1,0.0,3.8,0.0,0.0,66.5
2023-10-03T20:30Z,18,79,2.8,0.0,19.2,3.6,7.6,14.0,0.0,0.0,52.8
2023-10-03T21:00Z,1,0,0.0,0.0,0.0,18.6,0.0,0.0,0.0,0.0,81.4
2023-10-03T21:00Z,2,8,1.3,0.0,1.6,8.0,0.0,12.0,0.0,0.0,77.1
2023-10-03T21:00Z,3,7,0.4,0.0,1.5,2.2,6.5,36.9,0.0,0.0,52.5
2023-10-03T21:00Z,4,4,0.5,0.0,0.4,2.1,49.4,22.4,0.0,0.0,25.2
2023-10-03T21:00Z,5,102,17.4,0.0,20.6,0.6,9.6,6.8,0.0,0.0,45.0
2023-10-03T21:00Z,6,4,0.5,0.0,0.9,8.5,2.0,15.5,0.0,0.0,72.5
2023-10-03T21:00Z,7,149,0.7,0.0,37.7,1.8,1.9,11.5,0.0,0.0,46.4
2023-10-03T21:00Z,8,22,1.6,0.0,5.0,4.4,4.6,24.4,0.0,0.0,59.9
2023-10-03T21:00Z,9,142,10.5,0.0,32.7,0.3,5.8,3.9,0.0,0.0,46.7
2023-10-03T21:00Z,10,34,1.3,0.0,8.2,0.0,0.7,23.8,0.0,0.0,66.0
2023-10-03T21:00Z,11,287,1.5,0.0,71.8,0.5,4.9,3.2,0.0,0.0,18.1
2023-10-03T21:00Z,12,172,4.1,0.0,41.1,1.3,13.6,7.2,0.0,0.0,32.7
2023-10-03T21:00Z,13,82,1.3,0.0,19.7,1.1,5.9,15.5,0.0,0.0,56.5
2023-10-03T21:00Z,14,140,0.3,0.0,33.8,2.8,12.9,5.6,0.0,0.0,44.5
2023-10-03T21:00Z,15,96,3.1,0.0,23.0,1.7,8.6,15.8,0.0,0.0,47.8
2023-10-03T21:00Z,16,7,1.0,0.0,1.4,7.9,0.0,10.6,0.0,0.0,79.1
2023-10-03T21:00Z,17,55,0.4,0.0,13.7,15.4,0.0,3.9,0.0,0.0,66.6
2023-10-03T21:00Z,18,80,2.7,0.0,20.0,3.4,7.1,14.4,0.0,0.0,52.6
2023-10-03T21:30Z,1,0,0.0,0.0,0.0,18.7,0.0,0.0,0.0,0.0,81.3
2023-10-03T21:30Z,2,8,1.3,0.0,1.6,7.5,0.0,12.3,0.0,0.0,77.3
2023-10-03T21:30Z,3,8,0.4,0.0,1.9,2.0,6.4,37.5,0.0,0.0,51.8
2023-10-03T21:30Z,4,4,0.4,0.0,0.4,2.0,49.2,22.9,0.0,0.0,25.0
2023-10-03T21:30Z,5,97,17.2,0.0,19.4,0.5,10.2,7.0,0.0,0.0,45.7
2023-10-03T21:30Z,6,5,0.5,0.0,1.1,9.3,2.1,15.5,0.0,0.0,71.6
2023-10-03T21:30Z,7,153,0.6,0.0,38.5,2.2,1.9,11.5,0.0,0.0,45.3
2023-10-03T21:30Z,8,24,1.6,0.0,5.5,4.8,4.6,24.6,0.0,0.0,59.0
2023-10-03T21:30Z,9,148,9.9,0.0,34.5,0.3,5.9,4.2,0.0,0.0,45.3
2023-10-03T21:30Z,10,37,1.5,0.0,8.9,0.0,0.9,23.5,0.0,0.0,65.3
2023-10-03T21:30Z,11,285,1.7,0.0,71.6,0.6,2.9,3.3,0.0,0.0,20.0
2023-10-03T21:30Z,12,185,4.1,0.0,45.3,1.4,7.0,7.7,0.0,0.0,34.5
2023-10-03T21:30Z,13,85,1.4,0.0,20.5,0.9,5.3,15.9,0.0,0.0,55.9
2023-10-03T21:30Z,14,138,0.4,0.0,33.1,2.6,12.5,6.7,0.0,0.0,44.5
2023-10-03T21:30Z,15,100,3.1,0.0,24.3,1.5,6.4,16.3,0.0,0.0,48.4
2023-10-03T21:30Z,16,6,1.1,0.0,1.3,6.0,0.0,10.4,0.0,0.0,81.2
2023-10-03T21:30Z,17,48,0.4,0.0,12.2,14.3,0.0,4.0,0.0,0.0,69.2
2023-10-03T21:30Z,18,83,2.7,0.0,20.9,2.9,5.3,14.8,0.0,0.0,53.6
2023-10-03T22:00Z,1,0,0.0,0.0,0.0,17.7,0.0,0.0,0.0,0.0,82.3
2023-10-03T22:00Z,2,8,1.3,0.0,1.6,6.9,0.0,12.2,0.0,0.0,78.0
2023-10-03T22:00Z,3,10,0.3,0.0,2.4,1.8,6.3,38.2,0.0,0.0,51.0
2023-10-03T22:00Z,4,4,0.4,0.0,0.4,1.8,49.4,23.6,0.0,0.0,24.4
2023-10-03T22:00Z,5,95,15.9,0.0,19.2,0.5,10.7,7.6,0.0,0.0,46.2
2023-10-03T22:00Z,6,6,0.5,0.0,1.4,9.9,2.0,15.9,0.0,0.0,70.4
2023-10-03T22:00Z,7,108,0.8,0.0,27.1,2.5,2.6,12.6,0.0,0.0,54.5
2023-10-03T22:00Z,8,24,1.4,0.0,5.7,4.8,4.6,25.0,0.0,0.0,58.5
2023-10-03T22:00Z,9,152,9.0,0.0,35.8,0.3,6.1,4.4,0.0,0.0,44.5
2023-10-03T22:00Z,10,33,1.6,0.0,7.8,0.0,1.1,24.2,0.0,0.0,65.2
2023-10-03T22:00Z,11,287,1.4,0.0,72.0,0.6,4.2,3.4,0.0,0.0,18.5
2023-10-03T22:00Z,12,178,3.7,0.0,43.1,1.4,10.9,8.3,0.0,0.0,32.6
2023-10-03T22:00Z,13,84,1.7,0.0,20.7,0.9,2.5,16.9,0.0,0.0,57.2
2023-10-03T22:00Z,14,150,0.7,0.0,37.7,2.4,0.9,7.2,0.0,0.0,51.1
2023-10-03T22:00Z,15,101,3.0,0.0,24.6,1.2,7.1,16.7,0.0,0.0,47.5
2023-10-03T22:00Z,16,7,1.1,0.0,1.4,4.8,0.0,10.3,0.0,0.0,82.5
2023-10-03T22:00Z,17,54,0.4,0.0,13.7,12.2,0.0,4.2,0.0,0.0,69.6
2023-10-03T22:00Z,18,82,2.6,0.0,21.2,2.3,5.8,15.1,0.0,0.0,53.0
2023-10-03T22:30Z,1,0,0.0,0.0,0.0,15.7,0.0,0.0,0.0,0.0,84.3
2023-10-03T22:30Z,2,8,1.3,0.0,1.6,5.5,0.0,11.8,0.0,0.0,79.7
2023-10-03T22:30Z,3,10,0.3,0.0,2.3,1.4,6.5,38.3,0.0,0.0,51.2
2023-10-03T22:30Z,4,4,0.4,0.0,0.4,1.4,51.1,23.8,0.0,0.0,22.8
2023-10-03T22:30Z,5,95,15.6,0.0,19.3,0.4,10.7,8.0,0.0,0.0,45.9
2023-10-03T22:30Z,6,6,0.4,0.0,1.4,9.5,2.1,15.7,0.0,0.0,71.0
2023-10-03T22:30Z,7,115,0.8,0.0,28.9,2.6,2.5,12.9,0.0,0.0,52.3
2023-10-03T22:30Z,8,26,1.4,0.0,6.2,4.6,4.6,25.8,0.0,0.0,57.5
2023-10-03T22:30Z,9,159,8.5,0.0,37.7,0.2,5.9,4.6,0.0,0.0,43.1
2023-10-03T22:30Z,10,34,1.6,0.0,8.2,0.0,1.1,24.4,0.0,0.0,64.7
2023-10-03T22:30Z,11,289,1.3,0.0,72.5,0.5,4.6,3.5,0.0,0.0,17.6
2023-10-03T22:30Z,12,185,3.4,0.0,44.8,1.3,11.8,8.7,0.0,0.0,30.1
2023-10-03T22:30Z,13,90,1.6,0.0,22.1,0.9,2.8,17.3,0.0,0.0,55.3
2023-10-03T22:30Z,14,157,0.7,0.0,39.7,2.5,0.7,7.6,0.0,0.0,48.8
2023-10-03T22:30Z,15,109,2.8,0.0,26.5,0.9,7.2,17.0,0.0,0.0,45.6
2023-10-03T22:30Z,16,7,1.1,0.0,1.4,3.6,0.0,10.6,0.0,0.0,83.4
2023-10-03T22:30Z,17,60,0.4,0.0,15.1,7.3,0.0,4.1,0.0,0.0,73.0
2023-10-03T22:30Z,18,87,2.5,0.0,22.8,1.6,5.9,15.4,0.0,0.0,51.8
2023-10-03T23:00Z,1,0,0.0,0.0,0.0,15.1,0.0,0.0,0.0,0.0,84.9
2023-10-03T23:00Z,2,8,1.3,0.0,1.6,5.1,0.0,12.2,0.0,0.0,79.8
2023-10-03T23:00Z,3,11,0.3,0.0,2.6,1.2,6.0,38.5,0.0,0.0,51.4
2023-10-03T23:00Z,4,4,0.4,0.0,0.4,1.3,49.0,24.5,0.0,0.0,24.4
2023-10-03T23:00Z,5,96,15.5,0.0,19.5,0.4,10.3,8.2,0.0,0.0,46.1
2023-10-03T23:00Z,6,7,0.4,0.0,1.6,8.6,1.9,16.2,0.0,0.0,71.3
2023-10-03T23:00Z,7,101,0.8,0.0,25.4,2.3,2.6,13.1,0.0,0.0,55.7
2023-10-03T23:00Z,8,26,1.4,0.0,6.0,4.0,4.3,25.7,0.0,0.0,58.6
2023-10-03T23:00Z,9,151,8.9,0.0,35.6,0.2,5.9,4.6,0.0,0.0,44.9
2023-10-03T23:00Z,10,31,1.5,0.0,7.5,0.0,1.0,25.2,0.0,0.0,64.8
2023-10-03T23:00Z,11,280,1.4,0.0,70.0,0.5,5.8,3.6,0.0,0.0,18.7
2023-10-03T23:00Z,12,177,3.4,0.0,42.3,1.1,13.8,8.8,0.0,0.0,30.5
2023-10-03T23:00Z,13,87,1.6,0.0,21.3,0.8,2.9,17.6,0.0,0.0,55.8
2023-10-03T23:00Z,14,157,0.7,0.0,39.6,2.4,0.6,8.3,0.0,0.0,48.5
2023-10-03T23:00Z,15,107,2.7,0.0,26.0,0.7,8.2,17.2,0.0,0.0,45.2
2023-10-03T23:00Z,16,7,1.1,0.0,1.4,3.3,0.0,10.4,0.0,0.0,83.8
2023-10-03T23:00Z,17,66,0.4,0.0,16.7,5.6,0.0,4.3,0.0,0.0,73.0
2023-10-03T23:00Z,18,85,2.4,0.0,22.4,1.4,6.7,15.5,0.0,0.0,51.7
2023-10-03T23:30Z,1,0,0.0,0.0,0.0,14.0,0.0,0.0,0.0,0.0,86.0
2023-10-03T23:30Z,2,8,1.3,0.0,1.7,4.6,0.0,13.0,0.0,0.0,79.5
2023-10-03T23:30Z,3,10,0.3,0.0,2.3,1.1,6.1,39.2,0.0,0.0,51.0
2023-10-03T23:30Z,4,4,0.5,0.0,0.4,1.2,49.5,24.7,0.0,0.0,23.7
2023-10-03T23:30Z,5,95,15.4,0.0,19.2,0.3,10.9,8.3,0.0,0.0,45.7
2023-10-03T23:30Z,6,7,0.5,0.0,1.7,7.4,2.0,16.3,0.0,0.0,72.2
2023-10-03T23:30Z,7,118,0.7,0.0,29.8,1.9,2.4,13.3,0.0,0.0,51.9
2023-10-03T23:30Z,8,23,1.3,0.0,5.4,3.5,4.5,25.9,0.0,0.0,59.4
2023-10-03T23:30Z,9,146,9.1,0.0,34.3,0.2,6.4,4.7,0.0,0.0,45.3
2023-10-03T23:30Z,10,32,1.7,0.0,7.7,0.0,1.2,25.0,0.0,0.0,64.5
2023-10-03T23:30Z,11,280,1.5,0.0,70.1,0.4,5.1,3.3,0.0,0.0,19.6
2023-10-03T23:30Z,12,179,3.5,0.0,43.3,1.0,11.7,8.5,0.0,0.0,32.1
2023-10-03T23:30Z,13,89,1.7,0.0,21.8,0.7,2.7,17.7,0.0,0.0,55.4
2023-10-03T23:30Z,14,158,0.7,0.0,40.0,2.2,0.7,8.8,0.0,0.0,47.7
2023-10-03T23:30Z,15,109,2.9,0.0,26.3,0.7,8.9,17.0,0.0,0.0,44.2
2023-10-03T23:30Z,16,7,1.1,0.0,1.5,3.4,0.0,10.4,0.0,0.0,83.7
2023-10-03T23:30Z,17,64,0.4,0.0,16.0,6.3,0.0,4.1,0.0,0.0,73.1
2023-10-03T23:30Z,18,86,2.5,0.0,22.7,1.4,7.3,15.3,0.0,0.0,50.8
2023-10-04T00:00Z,1,0,0.0,0.0,0.0,13.0,0.0,0.0,0.0,0.0,87.0
2023-10-04T00:00Z,2,8,1.3,0.0,1.7,4.1,0.0,13.3,0.0,0.0,79.7
2023-10-04T00:00Z,3,11,0.3,0.0,2.6,1.0,5.2,39.4,0.0,0.0,51.5
2023-10-04T00:00Z,4,4,0.5,0.0,0.5,1.0,47.4,23.9,0.0,0.0,26.7
2023-10-04T00:00Z,5,99,16.0,0.0,20.1,0.3,9.5,8.2,0.0,0.0,45.8
2023-10-04T00:00Z,6,8,0.5,0.0,1.9,6.6,1.7,15.9,0.0,0.0,73.5
2023-10-04T00:00Z,7,157,0.6,0.0,39.8,1.5,1.6,12.5,0.0,0.0,44.1
2023-10-04T00:00Z,8,25,1.3,0.0,5.9,3.2,3.9,25.9,0.0,0.0,59.8
2023-10-04T00:00Z,9,153,9.2,0.0,35.9,0.2,5.5,4.7,0.0,0.0,44.6
2023-10-04T00:00Z,10,35,1.6,0.0,8.4,0.0,0.9,25.3,0.0,0.0,63.8
2023-10-04T00:00Z,11,292,1.3,0.0,73.1,0.3,5.2,3.1,0.0,0.0,16.9
2023-10-04T00:00Z,12,182,3.4,0.0,43.6,0.9,13.6,8.6,0.0,0.0,29.9
2023-10-04T00:00Z,13,93,1.6,0.0,22.9,0.7,2.8,18.3,0.0,0.0,53.7
2023-10-04T00:00Z,14,166,0.7,0.0,41.8,1.9,0.6,8.9,0.0,0.0,46.1
2023-10-04T00:00Z,15,107,2.9,0.0,25.8,0.8,7.6,17.2,0.0,0.0,45.6
2023-10-04T00:00Z,16,7,1.0,0.0,1.4,3.5,0.0,10.7,0.0,0.0,83.3
2023-10-04T00:00Z,17,67,0.4,0.0,17.0,7.2,0.0,4.2,0.0,0.0,71.3
2023-10-04T00:00Z,18,88,2.5,0.0,22.3,1.6,6.2,15.6,0.0,0.0,51.9
2023-10-04T00:30Z,1,0,0.0,0.0,0.0,11.8,0.0,0.0,0.0,0.0,88.2
2023-10-04T00:30Z,2,8,1.3,0.0,1.7,3.6,0.0,13.2,0.0,0.0,80.3
2023-10-04T00:30Z,3,12,0.3,0.0,2.9,0.9,5.7,39.4,0.0,0.0,50.9
2023-10-04T00:30Z,4,4,0.5,0.0,0.4,0.9,48.9,24.6,0.0,0.0,24.7
2023-10-04T00:30Z,5,99,16.1,0.0,20.2,0.3,10.3,8.3,0.0,0.0,44.9
2023-10-04T00:30Z,6,8,0.4,0.0,1.9,6.3,1.9,16.1,0.0,0.0,73.4
2023-10-04T00:30Z,7,164,0.5,0.0,41.5,1.2,1.7,12.3,0.0,0.0,42.7
2023-10-04T00:30Z,8,26,1.3,0.0,6.2,2.9,4.2,26.1,0.0,0.0,59.3
2023-10-04T00:30Z,9,156,9.1,0.0,36.8,0.1,5.8,4.9,0.0,0.0,43.3
2023-10-04T00:30Z,10,46,1.6,0.0,11.1,0.0,1.0,25.2,0.0,0.0,61.1
2023-10-04T00:30Z,11,308,1.0,0.0,77.4,0.3,3.8,3.0,0.0,0.0,14.6
2023-10-04T00:30Z,12,187,3.4,0.0,45.3,0.8,12.2,8.6,0.0,0.0,29.7
2023-10-04T00:30Z,13,102,1.6,0.0,25.2,0.6,2.6,18.4,0.0,0.0,51.7
2023-10-04T00:30Z,14,173,0.7,0.0,43.8,1.8,0.6,8.8,0.0,0.0,44.4
2023-10-04T00:30Z,15,104,2.9,0.0,25.1,0.8,7.7,17.3,0.0,0.0,46.1
2023-10-04T00:30Z,16,7,1.0,0.0,1.4,3.7,0.0,11.0,0.0,0.0,82.8
2023-10-04T00:30Z,17,68,0.4,0.0,17.1,6.9,0.0,4.2,0.0,0.0,71.5
2023-10-04T00:30Z,18,89,2.5,0.0,21.8,1.6,6.3,15.7,0.0,0.0,52.2
2023-10-04T01:00Z,1,0,0.0,0.0,0.0,11.8,0.0,0.0,0.0,0.0,88.2
2023-10-04T01:00Z,2,8,1.2,0.0,1.7,3.5,0.0,13.1,0.0,0.0,80.5
2023-10-04T01:00Z,3,10,0.3,0.0,2.4,0.8,6.0,39.0,0.0,0.0,51.4
2023-10-04T01:00Z,4,4,0.4,0.0,0.4,0.9,49.7,24.6,0.0,0.0,24.0
2023-10-04T01:00Z,5,97,15.6,0.0,19.7,0.3,10.9,8.7,0.0,0.0,44.8
2023-10-04T01:00Z,6,10,0.4,0.0,2.3,6.3,1.9,16.5,0.0,0.0,72.6
2023-10-04T01:00Z,7,172,0.5,0.0,43.5,1.2,1.8,11.8,0.0,0.0,41.3
2023-10-04T01:00Z,8,25,1.2,0.0,5.8,3.0,4.4,26.7,0.0,0.0,58.9
2023-10-04T01:00Z,9,157,8.9,0.0,37.0,0.2,6.2,5.1,0.0,0.0,42.7
2023-10-04T01:00Z,10,44,1.7,0.0,10.7,0.0,1.2,25.5,0.0,0.0,60.9
2023-10-04T01:00Z,11,311,0.9,0.0,78.3,0.2,3.7,3.0,0.0,0.0,13.8
2023-10-04T01:00Z,12,177,3.3,0.0,42.5,0.8,13.6,9.1,0.0,0.0,30.7
2023-10-04T01:00Z,13,101,1.7,0.0,24.9,0.6,3.2,18.7,0.0,0.0,50.9
2023-10-04T01:00Z,14,176,0.8,0.0,44.4,1.7,0.9,8.8,0.0,0.0,43.5
2023-10-04T01:00Z,15,103,2.9,0.0,24.9,0.8,8.4,17.7,0.0,0.0,45.4
2023-10-04T01:00Z,16,7,1.0,0.0,1.5,3.6,0.0,11.1,0.0,0.0,82.8
2023-10-04T01:00Z,17,66,0.4,0.0,16.6,6.5,0.0,4.3,0.0,0.0,72.2
2023-10-04T01:00Z,18,87,2.5,0.0,21.5,1.5,6.8,16.0,0.0,0.0,51.7
2023-10-04T01:30Z,1,0,0.0,0.0,0.0,12.1,0.0,0.0,0.0,0.0,87.9
2023-10-04T01:30Z,2,8,1.2,0.0,1.7,3.5,0.0,13.2,0.0,0.0,80.4
2023-10-04T01:30Z,3,9,0.3,0.0,2.2,0.8,6.5,38.8,0.0,0.0,51.3
2023-10-04T01:30Z,4,4,0.4,0.0,0.4,0.8,50.5,24.7,0.0,0.0,23.1
2023-10-04T01:30Z,5,96,15.5,0.0,19.5,0.3,11.7,9.0,0.0,0.0,44.0
2023-10-04T01:30Z,6,9,0.4,0.0,2.2,6.2,2.1,16.4,0.0,0.0,72.6
2023-10-04T01:30Z,7,170,0.5,0.0,43.0,1.3,2.0,11.5,0.0,0.0,41.7
2023-10-04T01:30Z,8,21,1.2,0.0,5.1,3.0,4.8,26.8,0.0,0.0,59.2
2023-10-04T01:30Z,9,147,9.4,0.0,34.5,0.2,7.1,5.3,0.0,0.0,43.6
2023-10-04T01:30Z,10,36,1.9,0.0,8.6,0.0,1.5,26.7,0.0,0.0,61.2
2023-10-04T01:30Z,11,316,0.9,0.0,79.5,0.2,3.7,2.8,0.0,0.0,13.0
2023-10-04T01:30Z,12,178,3.3,0.0,42.6,0.9,14.3,9.0,0.0,0.0,29.9
2023-10-04T01:30Z,13,101,1.9,0.0,24.6,0.6,3.8,18.7,0.0,0.0,50.5
2023-10-04T01:30Z,14,180,0.9,0.0,45.3,1.7,1.2,8.7,0.0,0.0,42.3
2023-10-04T01:30Z,15,103,3.1,0.0,24.6,0.8,8.3,18.2,0.0,0.0,45.0
2023-10-04T01:30Z,16,7,1.0,0.0,1.5,3.5,0.0,11.2,0.0,0.0,82.8
2023-10-04T01:30Z,17,68,0.4,0.0,17.1,6.8,0.0,4.5,0.0,0.0,71.2
2023-10-04T01:30Z,18,86,2.7,0.0,21.3,1.5,6.8,16.4,0.0,0.0,51.4
2023-10-04T02:00Z,1,0,0.0,0.0,0.0,11.6,0.0,0.0,0.0,0.0,88.4
2023-10-04T02:00Z,2,8,1.3,0.0,1.7,3.4,0.0,13.2,0.0,0.0,80.5
2023-10-04T02:00Z,3,12,0.3,0.0,2.9,0.8,6.5,39.1,0.0,0.0,50.4
2023-10-04T02:00Z,4,4,0.4,0.0,0.4,0.8,50.8,24.4,0.0,0.0,23.1
2023-10-04T02:00Z,5,94,15.4,0.0,19.1,0.3,12.1,9.1,0.0,0.0,43.9
2023-10-04T02:00Z,6,11,0.5,0.0,2.7,5.8,2.2,16.5,0.0,0.0,72.4
2023-10-04T02:00Z,7,171,0.5,0.0,43.3,1.2,2.1,11.5,0.0,0.0,41.5
2023-10-04T02:00Z,8,23,1.1,0.0,5.4,2.8,4.8,27.1,0.0,0.0,58.8
2023-10-04T02:00Z,9,144,9.4,0.0,33.5,0.2,7.4,5.5,0.0,0.0,44.0
2023-10-04T02:00Z,10,41,2.0,0.0,9.8,0.0,1.5,27.1,0.0,0.0,59.5
2023-10-04T02:00Z,11,300,1.1,0.0,75.4,0.2,5.0,2.7,0.0,0.0,15.5
2023-10-04T02:00Z,12,174,3.3,0.0,41.5,0.8,15.0,9.2,0.0,0.0,30.1
2023-10-04T02:00Z,13,108,1.8,0.0,26.4,0.6,3.9,18.8,0.0,0.0,48.5
2023-10-04T02:00Z,14,192,0.8,0.0,48.5,1.6,1.4,8.8,0.0,0.0,38.9
2023-10-04T02:00Z,15,101,3.3,0.0,24.0,0.8,9.4,18.3,0.0,0.0,44.3
2023-10-04T02:00Z,16,7,1.0,0.0,1.5,3.4,0.0,11.2,0.0,0.0,82.9
2023-10-04T02:00Z,17,65,0.4,0.0,16.3,7.1,0.0,4.6,0.0,0.0,71.5
2023-10-04T02:00Z,18,86,2.8,0.0,20.8,1.5,7.6,16.5,0.0,0.0,50.7
2023-10-04T02:30Z,1,0,0.0,0.0,0.0,11.0,0.0,0.0,0.0,0.0,89.0
2023-10-04T02:30Z,2,8,1.3,0.0,1.7,3.1,0.0,13.0,0.0,0.0,80.9
2023-10-04T02:30Z,3,12,0.3,0.0,2.9,0.8,6.3,39.0,0.0,0.0,50.7
2023-10-04T02:30Z,4,4,0.5,0.0,0.4,0.8,50.4,23.8,0.0,0.0,24.2
2023-10-04T02:30Z,5,96,15.0,0.0,19.7,0.3,12.0,9.2,0.0,0.0,43.9
2023-10-04T02:30Z,6,11,0.5,0.0,2.7,5.8,2.1,16.6,0.0,0.0,72.3
2023-10-04T02:30Z,7,170,0.5,0.0,43.0,1.2,2.1,11.8,0.0,0.0,41.4
2023-10-04T02:30Z,8,21,1.1,0.0,5.0,2.8,4.7,27.2,0.0,0.0,59.1
2023-10-04T02:30Z,9,135,9.6,0.0,31.3,0.2,7.6,5.9,0.0,0.0,45.5
2023-10-04T02:30Z,10,44,2.0,0.0,10.5,0.0,1.6,27.6,0.0,0.0,58.3
2023-10-04T02:30Z,11,307,1.0,0.0,77.1,0.2,4.3,2.7,0.0,0.0,14.7
2023-10-04T02:30Z,12,174,3.3,0.0,41.7,0.8,14.6,9.3,0.0,0.0,30.3
2023-10-04T02:30Z,13,109,1.9,0.0,26.7,0.6,4.3,19.1,0.0,0.0,47.4
2023-10-04T02:30Z,14,194,0.8,0.0,48.8,1.5,2.5,8.6,0.0,0.0,37.6
2023-10-04T02:30Z,15,102,3.7,0.0,24.0,0.8,9.3,18.4,0.0,0.0,43.7
2023-10-04T02:30Z,16,8,1.1,0.0,1.7,3.4,0.0,11.2,0.0,0.0,82.8
2023-10-04T02:30Z,17,67,0.4,0.0,16.9,6.9,0.0,4.7,0.0,0.0,71.1
2023-10-04T02:30Z,18,86,3.2,0.0,20.8,1.5,7.6,16.6,0.0,0.0,50.3
2023-10-04T03:00Z,1,0,0.0,0.0,0.0,10.3,0.0,0.0,0.0,0.0,89.7
2023-10-04T03:00Z,2,8,1.3,0.0,1.6,2.9,0.0,13.3,0.0,0.0,80.9
2023-10-04T03:00Z,3,13,0.3,0.0,3.1,0.7,6.5,39.1,0.0,0.0,50.3
2023-10-04T03:00Z,4,4,0.4,0.0,0.4,0.7,50.2,24.1,0.0,0.0,24.1
2023-10-04T03:00Z,5,96,16.6,0.0,19.2,0.2,12.0,9.6,0.0,0.0,42.4
2023-10-04T03:00Z,6,13,0.5,0.0,3.2,5.7,2.2,17.2,0.0,0.0,71.3
2023-10-04T03:00Z,7,162,0.5,0.0,40.8,1.2,2.3,12.1,0.0,0.0,43.1
2023-10-04T03:00Z,8,21,1.2,0.0,5.0,2.7,4.8,27.6,0.0,0.0,58.7
2023-10-04T03:00Z,9,127,11.1,0.0,28.9,0.2,8.0,6.1,0.0,0.0,45.8
2023-10-04T03:00Z,10,48,2.4,0.0,11.4,0.0,1.7,28.2,0.0,0.0,56.3
2023-10-04T03:00Z,11,314,0.9,0.0,79.0,0.2,3.9,2.8,0.0,0.0,13.2
2023-10-04T03:00Z,12,170,3.7,0.0,40.6,0.8,15.0,9.9,0.0,0.0,30.1
2023-10-04T03:00Z,13,112,2.3,0.0,27.4,0.6,4.6,19.3,0.0,0.0,45.9
2023-10-04T03:00Z,14,198,1.1,0.0,49.8,1.4,2.5,8.7,0.0,0.0,36.5
2023-10-04T03:00Z,15,99,3.8,0.0,23.3,0.7,10.8,18.9,0.0,0.0,42.5
2023-10-04T03:00Z,16,9,1.0,0.0,1.9,3.2,0.0,11.3,0.0,0.0,82.6
2023-10-04T03:00Z,17,63,0.5,0.0,15.9,6.3,0.0,4.9,0.0,0.0,72.5
2023-10-04T03:00Z,18,85,3.2,0.0,20.2,1.4,8.7,17.0,0.0,0.0,49.4
2023-10-04T03:30Z,1,0,0.0,0.0,0.0,9.3,0.0,0.0,0.0,0.0,90.7
2023-10-04T03:30Z,2,8,1.2,0.0,1.6,2.6,0.0,13.3,0.0,0.0,81.2
2023-10-04T03:30Z,3,12,0.3,0.0,2.9,0.7,6.5,39.0,0.0,0.0,50.6
2023-10-04T03:30Z,4,4,0.4,0.0,0.4,0.7,50.0,24.2,0.0,0.0,24.4
2023-10-04T03:30Z,5,98,16.6,0.0,19.7,0.2,12.0,9.8,0.0,0.0,41.8
2023-10-04T03:30Z,6,13,0.5,0.0,3.3,5.7,2.3,17.5,0.0,0.0,70.7
2023-10-04T03:30Z,7,161,0.5,0.0,40.7,1.2,2.2,12.3,0.0,0.0,43.1
2023-10-04T03:30Z,8,22,1.2,0.0,5.1,2.7,4.8,28.1,0.0,0.0,58.1
2023-10-04T03:30Z,9,135,10.8,0.0,30.9,0.1,7.8,6.3,0.0,0.0,44.1
2023-10-04T03:30Z,10,47,2.6,0.0,11.2,0.0,1.9,28.5,0.0,0.0,55.9
2023-10-04T03:30Z,11,313,0.9,0.0,78.7,0.2,3.8,3.0,0.0,0.0,13.2
2023-10-04T03:30Z,12,175,3.6,0.0,41.8,0.8,14.6,9.9,0.0,0.0,29.4
2023-10-04T03:30Z,13,114,2.4,0.0,27.7,0.6,4.7,19.8,0.0,0.0,44.8
2023-10-04T03:30Z,14,199,1.1,0.0,50.1,1.5,2.5,9.0,0.0,0.0,35.8
2023-10-04T03:30Z,15,97,4.0,0.0,22.7,0.7,10.7,19.0,0.0,0.0,42.8
2023-10-04T03:30Z,16,10,1.0,0.0,2.1,2.9,0.0,11.2,0.0,0.0,82.7
2023-10-04T03:30Z,17,62,0.5,0.0,15.5,5.8,0.0,4.9,0.0,0.0,73.3
2023-10-04T03:30Z,18,85,3.4,0.0,19.7,1.3,8.7,17.1,0.0,0.0,49.8
2023-10-04T04:00Z,1,0,0.0,0.0,0.0,8.9,0.0,0.0,0.0,0.0,91.1
2023-10-04T04:00Z,2,8,1.2,0.0,1.6,2.5,0.0,13.1,0.0,0.0,81.6
2023-10-04T04:00Z,3,13,0.4,0.0,3.1,0.6,6.4,38.7,0.0,0.0,50.8
2023-10-04T04:00Z,4,4,0.6,0.0,0.4,0.6,49.3,23.9,0.0,0.0,25.2
2023-10-04T04:00Z,5,96,16.6,0.0,19.3,0.2,12.1,9.8,0.0,0.0,42.1
2023-10-04T04:00Z,6,14,0.5,0.0,3.4,5.3,2.3,17.8,0.0,0.0,70.8
2023-10-04T04:00Z,7,164,0.5,0.0,41.3,1.1,2.2,11.0,0.0,0.0,43.8
2023-10-04T04:00Z,8,21,1.1,0.0,5.1,2.5,4.8,28.3,0.0,0.0,58.3
2023-10-04T04:00Z,9,134,10.8,0.0,30.7,0.1,7.9,6.3,0.0,0.0,44.2
2023-10-04T04:00Z,10,47,2.5,0.0,11.1,0.0,1.8,29.4,0.0,0.0,55.1
2023-10-04T04:00Z,11,301,1.2,0.0,75.5,0.2,4.5,3.4,0.0,0.0,15.1
2023-10-04T04:00Z,12,174,3.6,0.0,41.8,0.7,13.9,10.0,0.0,0.0,30.0
2023-10-04T04:00Z,13,108,2.3,0.0,26.1,0.6,5.6,20.2,0.0,0.0,45.2
2023-10-04T04:00Z,14,184,1.1,0.0,45.6,1.5,6.9,9.0,0.0,0.0,35.9
2023-10-04T04:00Z,15,96,4.1,0.0,22.5,0.6,11.1,19.0,0.0,0.0,42.7
2023-10-04T04:00Z,16,11,1.0,0.0,2.4,2.6,0.0,10.9,0.0,0.0,83.1
2023-10-04T04:00Z,17,65,0.5,0.0,16.3,5.1,0.0,4.9,0.0,0.0,73.2
2023-10-04T04:00Z,18,84,3.5,0.0,19.6,1.2,9.0,17.1,0.0,0.0,49.7
2023-10-04T04:30Z,1,0,0.0,0.0,0.0,8.2,0.0,0.0,0.0,0.0,91.8
2023-10-04T04:30Z,2,8,1.2,0.0,1.6,2.2,0.0,12.7,0.0,0.0,82.3
2023-10-04T04:30Z,3,13,0.3,0.0,3.2,0.6,6.0,39.2,0.0,0.0,50.6
2023-10-04T04:30Z,4,4,0.5,0.0,0.4,0.6,48.8,23.1,0.0,0.0,26.5
2023-10-04T04:30Z,5,96,16.8,0.0,19.1,0.2,12.0,9.6,0.0,0.0,42.2
2023-10-04T04:30Z,6,18,0.5,0.0,4.3,5.0,2.2,17.6,0.0,0.0,70.4
2023-10-04T04:30Z,7,182,0.4,0.0,46.0,0.8,1.9,8.8,0.0,0.0,42.2
2023-10-04T04:30Z,8,22,1.1,0.0,5.3,2.4,4.6,28.2,0.0,0.0,58.5
2023-10-04T04:30Z,9,132,11.0,0.0,30.2,0.1,7.9,6.4,0.0,0.0,44.4
2023-10-04T04:30Z,10,50,2.6,0.0,11.9,0.0,1.9,29.2,0.0,0.0,54.4
2023-10-04T04:30Z,11,293,1.3,0.0,73.6,0.3,4.6,3.9,0.0,0.0,16.4
2023-10-04T04:30Z,12,174,3.7,0.0,41.7,0.7,12.7,10.4,0.0,0.0,30.7
2023-10-04T04:30Z,13,111,2.4,0.0,27.0,0.6,5.8,19.5,0.0,0.0,44.6
2023-10-04T04:30Z,14,186,1.1,0.0,45.9,1.5,8.3,8.6,0.0,0.0,34.5
2023-10-04T04:30Z,15,101,3.9,0.0,23.9,0.6,10.7,18.7,0.0,0.0,42.2
2023-10-04T04:30Z,16,11,1.0,0.0,2.4,2.4,0.0,10.7,0.0,0.0,83.5
2023-10-04T04:30Z,17,87,0.4,0.0,21.9,5.2,0.0,4.7,0.0,0.0,67.7
2023-10-04T04:30Z,18,88,3.4,0.0,21.2,1.1,8.7,16.8,0.0,0.0,48.8
2023-10-04T05:00Z,1,0,0.0,0.0,0.0,7.6,0.0,0.0,0.0,0.0,92.4
2023-10-04T05:00Z,2,8,1.2,0.0,1.6,2.1,0.0,12.5,0.0,0.0,82.6
2023-10-04T05:00Z,3,14,0.3,0.0,3.4,0.6,5.8,39.4,0.0,0.0,50.5
2023-10-04T05:00Z,4,4,0.5,0.0,0.4,0.6,48.2,22.9,0.0,0.0,27.4
2023-10-04T05:00Z,5,94,16.5,0.0,18.8,0.2,12.1,9.4,0.0,0.0,42.9
2023-10-04T05:00Z,6,16,0.5,0.0,3.9,4.5,2.2,17.6,0.0,0.0,71.3
2023-10-04T05:00Z,7,281,0.1,0.0,71.2,0.3,0.4,5.9,0.0,0.0,22.0
2023-10-04T05:00Z,8,22,0.9,0.0,5.3,2.1,4.5,27.3,0.0,0.0,59.9
2023-10-04T05:00Z,9,144,10.3,0.0,33.3,0.1,7.5,6.2,0.0,0.0,42.6
2023-10-04T05:00Z,10,55,2.5,0.0,13.1,0.0,1.8,28.9,0.0,0.0,53.6
2023-10-04T05:00Z,11,277,1.5,0.0,69.4,0.3,5.5,4.7,0.0,0.0,18.6
2023-10-04T05:00Z,12,172,3.5,0.0,41.4,0.7,12.6,10.6,0.0,0.0,31.3
2023-10-04T05:00Z,13,122,2.2,0.0,29.7,0.6,5.7,19.1,0.0,0.0,42.8
2023-10-04T05:00Z,14,203,0.9,0.0,50.3,1.5,7.8,8.5,0.0,0.0,31.0
2023-10-04T05:00Z,15,102,3.9,0.0,23.9,0.7,11.0,18.6,0.0,0.0,41.8
2023-10-04T05:00Z,16,11,1.0,0.0,2.5,2.4,0.0,10.7,0.0,0.0,83.5
2023-10-04T05:00Z,17,98,0.4,0.0,24.7,5.3,0.0,4.6,0.0,0.0,65.1
2023-10-04T05:00Z,18,92,3.3,0.0,21.5,1.2,9.1,16.8,0.0,0.0,48.2
2023-10-04T05:30Z,1,0,0.0,0.0,0.0,6.8,0.0,0.0,0.0,0.0,93.2
2023-10-04T05:30Z,2,8,1.2,0.0,1.6,1.9,0.0,12.9,0.0,0.0,82.5
2023-10-04T05:30Z,3,13,0.3,0.0,3.2,0.5,5.7,38.0,0.0,0.0,52.3
2023-10-04T05:30Z,4,4,0.5,0.0,0.5,0.6,46.7,22.2,0.0,0.0,29.5
2023-10-04T05:30Z,5,96,19.3,0.0,18.4,0.2,11.5,9.2,0.0,0.0,41.5
2023-10-04T05:30Z,6,15,0.5,0.0,3.7,4.1,2.1,17.6,0.0,0.0,72.1
2023-10-04T05:30Z,7,316,0.0,0.0,80.3,0.1,0.0,3.9,0.0,0.0,15.7
2023-10-04T05:30Z,8,30,0.7,0.0,7.4,1.9,4.1,27.0,0.0,0.0,58.9
2023-10-04T05:30Z,9,141,12.5,0.0,32.0,0.1,7.5,6.0,0.0,0.0,41.9
2023-10-04T05:30Z,10,57,3.6,0.0,13.3,0.0,2.1,27.2,0.0,0.0,53.8
2023-10-04T05:30Z,11,267,2.0,0.0,66.5,0.3,5.4,5.1,0.0,0.0,20.6
2023-10-04T05:30Z,12,170,4.1,0.0,40.8,0.7,11.1,10.3,0.0,0.0,33.0
2023-10-04T05:30Z,13,125,3.0,0.0,30.3,0.6,5.8,18.3,0.0,0.0,42.1
2023-10-04T05:30Z,14,209,1.2,0.0,51.6,1.5,8.1,7.7,0.0,0.0,29.9
2023-10-04T05:30Z,15,95,4.0,0.0,22.2,0.7,11.3,18.1,0.0,0.0,43.8
2023-10-04T05:30Z,16,11,1.0,0.0,2.6,2.5,0.0,10.8,0.0,0.0,83.0
2023-10-04T05:30Z,17,109,0.4,0.0,27.5,5.4,0.0,4.4,0.0,0.0,62.3
2023-10-04T05:30Z,18,92,3.4,0.0,20.3,1.2,9.4,16.4,0.0,0.0,49.2
2023-10-04T06:00Z,1,0,0.0,0.0,0.0,6.8,0.0,0.0,0.0,0.0,93.2
2023-10-04T06:00Z,2,7,1.1,0.0,1.6,1.8,0.0,12.7,0.0,0.0,82.7
2023-10-04T06:00Z,3,14,0.3,0.0,3.3,0.5,5.8,37.4,0.0,0.0,52.6
2023-10-04T06:00Z,4,4,0.5,0.0,0.5,0.6,46.5,22.3,0.0,0.0,29.6
2023-10-04T06:00Z,5,98,23.8,0.0,17.6,0.2,10.5,9.3,0.0,0.0,38.6
2023-10-04T06:00Z,6,15,0.5,0.0,3.7,3.5,2.1,17.2,0.0,0.0,73.0
2023-10-04T06:00Z,7,323,0.0,0.0,82.1,0.0,0.0,2.0,0.0,0.0,15.9
2023-10-04T06:00Z,8,34,0.9,0.0,8.4,1.7,4.1,26.8,0.0,0.0,58.2
2023-10-04T06:00Z,9,145,15.7,0.0,31.9,0.1,7.0,5.8,0.0,0.0,39.4
2023-10-04T06:00Z,10,58,5.1,0.0,13.0,0.0,2.3,26.9,0.0,0.0,52.7
2023-10-04T06:00Z,11,240,3.3,0.0,59.2,0.4,6.9,5.6,0.0,0.0,24.6
2023-10-04T06:00Z,12,165,5.4,0.0,39.3,0.6,11.2,10.6,0.0,0.0,32.9
2023-10-04T06:00Z,13,121,4.2,0.0,29.0,0.6,6.3,18.1,0.0,0.0,41.9
2023-10-04T06:00Z,14,199,1.8,0.0,48.7,1.5,9.5,7.6,0.0,0.0,30.9
2023-10-04T06:00Z,15,96,5.1,0.0,22.2,0.7,10.8,18.0,0.0,0.0,43.2
2023-10-04T06:00Z,16,13,0.9,0.0,3.1,2.7,0.0,11.0,0.0,0.0,82.2
2023-10-04T06:00Z,17,113,0.4,0.0,28.6,4.2,0.0,4.2,0.0,0.0,62.6
2023-10-04T06:00Z,18,92,4.3,0.0,20.5,1.1,9.0,16.4,0.0,0.0,48.6
2023-10-04T06:30Z,1,0,0.0,0.0,0.0,6.1,0.0,0.0,0.0,0.0,93.9
2023-10-04T06:30Z,2,8,1.2,0.0,1.6,1.6,0.0,12.8,0.0,0.0,82.9
2023-10-04T06:30Z,3,11,0.3,0.0,2.7,0.5,5.7,38.3,0.0,0.0,52.5
2023-10-04T06:30Z,4,4,0.5,0.0,0.5,0.5,47.1,21.8,0.0,0.0,29.7
2023-10-04T06:30Z,5,101,24.3,0.0,18.0,0.2,10.2,9.0,0.0,0.0,38.3
2023-10-04T06:30Z,6,14,0.5,0.0,3.4,3.8,2.1,17.4,0.0,0.0,72.9
2023-10-04T06:30Z,7,326,0.0,0.0,82.7,0.0,0.0,0.4,0.0,0.0,16.9
2023-10-04T06:30Z,8,30,1.0,0.0,7.4,1.7,4.1,27.0,0.0,0.0,58.8
2023-10-04T06:30Z,9,149,15.7,0.0,33.0,0.1,6.6,5.9,0.0,0.0,38.6
2023-10-04T06:30Z,10,58,5.0,0.0,13.1,0.0,2.1,27.9,0.0,0.0,51.9
2023-10-04T06:30Z,11,238,3.4,0.0,58.7,0.4,7.1,6.0,0.0,0.0,24.4
2023-10-04T06:30Z,12,172,5.3,0.0,41.0,0.6,11.1,10.9,0.0,0.0,31.2
2023-10-04T06:30Z,13,125,4.0,0.0,29.7,0.6,7.5,18.0,0.0,0.0,40.2
2023-10-04T06:30Z,14,199,1.6,0.0,48.2,1.5,13.4,7.3,0.0,0.0,27.9
2023-10-04T06:30Z,15,92,5.5,0.0,21.0,0.7,11.1,18.4,0.0,0.0,43.3
2023-10-04T06:30Z,16,14,0.9,0.0,3.4,2.7,0.0,10.2,0.0,0.0,82.8
2023-10-04T06:30Z,17,115,0.3,0.0,29.0,4.2,0.0,4.0,0.0,0.0,62.4
2023-10-04T06:30Z,18,91,4.7,0.0,19.5,1.2,9.1,16.5,0.0,0.0,49.0
2023-10-04T07:00Z,1,0,0.0,0.0,0.0,6.0,0.0,0.0,0.0,0.0,94.0
2023-10-04T07:00Z,2,8,1.2,0.0,1.6,1.6,0.0,13.2,0.0,0.2,82.3
2023-10-04T07:00Z,3,11,0.3,0.0,2.7,0.4,5.4,39.5,0.0,0.2,51.4
2023-10-04T07:00Z,4,4,0.5,0.0,0.5,0.5,46.4,22.2,0.0,0.2,29.8
2023-10-04T07:00Z,5,97,21.8,0.0,18.0,0.1,10.7,9.2,0.0,0.2,39.9
2023-10-04T07:00Z,6,27,0.5,0.0,6.6,3.2,1.9,17.0,0.0,1.0,69.9
2023-10-04T07:00Z,7,315,0.0,0.0,79.9,0.0,0.0,0.1,0.0,1.2,18.8
2023-10-04T07:00Z,8,32,0.9,0.0,7.9,1.5,3.9,27.2,0.0,0.9,57.8
2023-10-04T07:00Z,9,149,13.6,0.0,33.5,0.1,6.7,6.0,0.0,1.1,39.1
2023-10-04T07:00Z,10,60,4.1,0.0,13.9,0.0,2.0,27.8,0.0,2.1,50.0
2023-10-04T07:00Z,11,213,2.7,0.0,52.7,0.3,5.0,5.9,0.0,10.6,22.8
2023-10-04T07:00Z,12,170,4.6,0.0,41.1,0.5,8.7,10.5,0.0,2.7,31.9
2023-10-04T07:00Z,13,132,3.2,0.0,31.7,0.6,6.8,17.2,0.0,2.3,38.1
2023-10-04T07:00Z,14,212,1.1,0.0,51.9,1.4,12.6,6.7,0.0,2.3,24.0
2023-10-04T07:00Z,15,91,5.0,0.0,20.9,0.7,10.4,18.3,0.0,2.0,42.8
2023-10-04T07:00Z,16,15,1.0,0.0,3.4,2.9,0.0,10.4,0.0,0.1,82.2
2023-10-04T07:00Z,17,84,0.4,0.0,21.1,4.7,0.0,4.0,0.0,1.1,68.7
2023-10-04T07:00Z,18,90,4.2,0.0,18.9,1.2,8.6,16.5,0.0,1.7,48.9
2023-10-04T07:30Z,1,0,0.0,0.0,0.0,6.3,0.0,0.0,0.0,0.0,93.7
2023-10-04T07:30Z,2,8,1.2,0.0,1.6,1.6,0.0,13.1,0.0,0.2,82.3
2023-10-04T07:30Z,3,10,0.3,0.0,2.3,0.4,5.5,39.4,0.0,0.3,51.8
2023-10-04T07:30Z,4,4,0.5,0.0,0.5,0.5,46.8,22.4,0.0,0.4,29.0
2023-10-04T07:30Z,5,106,21.3,0.0,20.2,0.1,10.3,9.0,0.0,0.4,38.6
2023-10-04T07:30Z,6,26,0.5,0.0,6.4,2.8,1.8,17.0,0.0,1.8,69.7
2023-10-04T07:30Z,7,305,0.0,0.0,77.5,0.0,0.0,0.1,0.0,2.3,20.2
2023-10-04T07:30Z,8,29,0.8,0.0,7.1,1.4,3.8,28.1,0.0,1.7,57.1
2023-10-04T07:30Z,9,151,13.2,0.0,34.3,0.1,6.4,5.7,0.0,1.9,38.4
2023-10-04T07:30Z,10,58,3.9,0.0,13.5,0.0,1.9,27.6,0.0,3.6,49.4
2023-10-04T07:30Z,11,182,2.4,0.0,44.8,0.3,6.2,6.0,0.0,18.9,21.4
2023-10-04T07:30Z,12,157,4.4,0.0,37.5,0.5,11.2,10.7,0.0,4.7,31.0
2023-10-04T07:30Z,13,123,3.1,0.0,29.4,0.6,7.7,18.0,0.0,3.9,37.2
2023-10-04T07:30Z,14,201,1.1,0.0,48.8,1.5,14.4,6.6,0.0,4.1,23.6
2023-10-04T07:30Z,15,86,4.9,0.0,19.6,0.7,10.8,18.7,0.0,3.4,41.9
2023-10-04T07:30Z,16,15,1.0,0.0,3.4,3.2,0.0,11.4,0.0,0.2,80.8
2023-10-04T07:30Z,17,88,0.4,0.0,22.3,4.7,0.0,3.8,0.0,1.8,67.0
2023-10-04T07:30Z,18,86,4.1,0.0,17.9,1.2,8.9,16.9,0.0,2.9,48.1
2023-10-04T08:00Z,1,0,0.0,0.0,0.0,7.9,0.0,0.0,0.0,0.0,92.1
2023-10-04T08:00Z,2,8,1.2,0.0,1.6,1.9,0.0,13.9,0.0,0.4,81.1
2023-10-04T08:00Z,3,9,0.3,0.0,2.2,0.5,5.4,39.5,0.0,0.4,51.7
2023-10-04T08:00Z,4,4,0.5,0.0,0.5,0.5,45.9,22.5,0.0,0.6,29.5
2023-10-04T08:00Z,5,99,20.3,0.0,18.9,0.2,10.6,9.2,0.0,0.6,40.2
2023-10-04T08:00Z,6,23,0.5,0.0,5.6,2.4,1.8,17.0,0.0,2.7,70.0
2023-10-04T08:00Z,7,275,0.0,0.0,69.9,0.0,0.0,0.7,0.0,3.6,25.8
2023-10-04T08:00Z,8,21,0.9,0.0,5.1,1.2,3.9,27.3,0.0,2.6,59.0
2023-10-04T08:00Z,9,147,12.1,0.0,33.6,0.1,6.3,5.6,0.0,3.0,39.4
2023-10-04T08:00Z,10,53,3.6,0.0,12.4,0.0,1.8,27.5,0.0,5.2,49.4
2023-10-04T08:00Z,11,163,1.8,0.0,40.2,0.2,6.6,5.5,0.0,27.5,18.1
2023-10-04T08:00Z,12,154,3.7,0.0,36.5,0.4,13.9,10.7,0.0,6.8,28.0
2023-10-04T08:00Z,13,121,2.7,0.0,29.0,0.6,8.9,17.5,0.0,5.7,35.6
2023-10-04T08:00Z,14,196,0.9,0.0,47.5,1.6,15.6,6.5,0.0,5.8,22.1
2023-10-04T08:00Z,15,81,4.7,0.0,18.3,0.6,11.4,18.9,0.0,5.1,40.9
2023-10-04T08:00Z,16,16,0.9,0.0,3.8,3.2,0.0,11.0,0.0,0.3,80.8
2023-10-04T08:00Z,17,89,0.3,0.0,22.4,4.0,0.0,3.7,0.0,2.7,66.8
2023-10-04T08:00Z,18,81,4.0,0.0,16.7,1.1,9.2,16.9,0.0,4.4,47.8
2023-10-04T08:30Z,1,1,0.0,0.0,0.3,7.8,0.0,0.0,0.0,0.0,91.9
2023-10-04T08:30Z,2,8,1.2,0.0,1.7,1.9,0.0,12.5,0.0,0.6,82.1
2023-10-04T08:30Z,3,9,0.3,0.0,2.2,0.5,5.4,40.1,0.0,0.6,50.8
2023-10-04T08:30Z,4,4,0.4,0.0,0.4,0.5,47.5,22.7,0.0,0.9,27.4
2023-10-04T08:30Z,5,91,20.7,0.0,16.6,0.2,10.9,9.5,0.0,1.0,41.0
2023-10-04T08:30Z,6,24,0.4,0.0,5.8,2.4,1.8,15.9,0.0,3.9,69.8
2023-10-04T08:30Z,7,268,0.0,0.0,67.9,0.1,0.0,2.0,0.0,4.7,25.3
2023-10-04T08:30Z,8,24,0.8,0.0,5.8,1.3,3.8,27.8,0.0,3.8,56.8
2023-10-04T08:30Z,9,137,12.1,0.0,31.0,0.1,6.4,5.7,0.0,4.3,40.5
2023-10-04T08:30Z,10,50,3.6,0.0,11.4,0.0,1.9,27.1,0.0,7.0,49.0
2023-10-04T08:30Z,11,133,1.8,0.0,32.6,0.2,5.4,4.8,0.0,36.2,19.1
2023-10-04T08:30Z,12,141,3.9,0.0,33.6,0.4,11.5,10.5,0.0,9.6,30.4
2023-10-04T08:30Z,13,111,2.9,0.0,26.5,0.6,7.8,17.4,0.0,7.9,37.0
2023-10-04T08:30Z,14,184,1.1,0.0,44.4,1.6,14.2,6.8,0.0,8.2,23.6
2023-10-04T08:30Z,15,78,4.8,0.0,17.6,0.5,10.5,19.0,0.0,7.4,40.2
2023-10-04T08:30Z,16,16,0.9,0.0,3.7,2.8,0.0,9.1,0.0,0.5,83.0
2023-10-04T08:30Z,17,91,0.2,0.0,23.0,3.6,0.0,3.5,0.0,4.2,65.5
2023-10-04T08:30Z,18,76,3.9,0.0,15.8,1.1,8.2,16.4,0.0,6.1,48.5
2023-10-04T09:00Z,1,2,0.0,0.0,0.6,8.1,0.0,0.0,0.0,0.0,91.3
2023-10-04T09:00Z,2,8,1.2,0.0,1.8,1.8,0.0,11.0,0.0,0.8,83.5
2023-10-04T09:00Z,3,9,0.3,0.0,2.1,0.5,5.7,39.6,0.0,0.9,50.9
2023-10-04T09:00Z,4,3,0.4,0.0,0.4,0.5,48.6,23.0,0.0,1.4,25.7
2023-10-04T09:00Z,5,86,20.4,0.0,15.6,0.2,11.0,9.6,0.0,1.5,41.7
2023-10-04T09:00Z,6,20,0.4,0.0,5.0,2.2,1.8,15.5,0.0,5.1,70.1
2023-10-04T09:00Z,7,202,0.1,0.0,51.4,0.1,0.5,3.4,0.0,7.9,36.6
2023-10-04T09:00Z,8,19,0.8,0.0,4.5,1.2,3.9,28.3,0.0,5.1,56.2
2023-10-04T09:00Z,9,132,11.6,0.0,30.0,0.1,6.3,5.6,0.0,5.6,40.9
2023-10-04T09:00Z,10,45,3.2,0.0,10.3,0.0,1.7,26.9,0.0,9.0,48.8
2023-10-04T09:00Z,11,121,1.6,0.0,29.8,0.2,3.5,4.3,0.0,42.9,17.8
2023-10-04T09:00Z,12,141,3.8,0.0,33.9,0.4,8.5,10.1,0.0,12.8,30.4
2023-10-04T09:00Z,13,104,2.7,0.0,25.1,0.6,5.7,17.8,0.0,10.2,37.9
2023-10-04T09:00Z,14,179,1.1,0.0,43.8,1.6,10.5,7.1,0.0,10.8,25.2
2023-10-04T09:00Z,15,72,4.3,0.0,16.4,0.5,9.9,19.0,0.0,9.4,40.5
2023-10-04T09:00Z,16,16,0.9,0.0,3.7,2.8,0.0,9.2,0.0,0.7,82.7
2023-10-04T09:00Z,17,77,0.2,0.0,19.5,3.1,0.0,3.3,0.0,5.5,68.2
2023-10-04T09:00Z,18,70,3.5,0.0,14.6,1.0,7.7,16.4,0.0,7.8,48.9
2023-10-04T09:30Z,1,4,0.0,0.0,0.9,7.6,0.0,0.0,0.0,0.0,91.5
2023-10-04T09:30Z,2,8,1.2,0.0,1.8,1.9,0.0,12.5,0.0,1.0,81.7
2023-10-04T09:30Z,3,6,0.3,0.0,1.5,0.5,5.5,38.4,0.0,1.1,52.7
2023-10-04T09:30Z,4,4,0.4,0.0,0.5,0.5,44.9,21.9,0.0,1.7,30.1
2023-10-04T09:30Z,5,81,19.9,0.0,14.4,0.2,10.9,9.5,0.0,2.0,43.1
2023-10-04T09:30Z,6,19,0.4,0.0,4.6,1.7,1.6,15.0,0.0,6.0,70.8
2023-10-04T09:30Z,7,115,0.3,0.0,29.1,0.2,1.2,5.0,0.0,11.8,52.3
2023-10-04T09:30Z,8,17,0.8,0.0,4.0,0.9,3.7,26.8,0.0,6.0,57.8
2023-10-04T09:30Z,9,129,11.3,0.0,29.2,0.1,6.2,5.5,0.0,6.6,41.1
2023-10-04T09:30Z,10,48,3.3,0.0,11.2,0.0,1.8,25.8,0.0,10.5,47.4
2023-10-04T09:30Z,11,101,1.5,0.0,24.8,0.1,3.4,3.6,0.0,48.5,18.1
2023-10-04T09:30Z,12,132,3.8,0.0,31.5,0.3,8.7,9.9,0.0,14.8,31.0
2023-10-04T09:30Z,13,99,2.9,0.0,23.9,0.5,4.7,16.5,0.0,12.5,39.0
2023-10-04T09:30Z,14,165,1.4,0.0,40.8,1.5,6.4,7.2,0.0,13.8,28.7
2023-10-04T09:30Z,15,65,3.7,0.0,15.0,0.6,8.7,18.1,0.0,10.9,43.0
2023-10-04T09:30Z,16,15,0.9,0.0,3.4,3.3,0.0,12.4,0.0,0.8,79.1
2023-10-04T09:30Z,17,60,0.3,0.0,15.2,3.3,0.0,3.5,0.0,6.4,71.3
2023-10-04T09:30Z,18,64,3.2,0.0,13.7,1.0,7.2,16.5,0.0,9.4,48.9
2023-10-04T10:00Z,1,5,0.0,0.0,1.3,7.3,0.0,0.0,0.0,0.0,91.4
2023-10-04T10:00Z,2,8,1.1,0.0,1.8,1.7,0.0,12.6,0.0,1.2,81.6
2023-10-04T10:00Z,3,7,0.3,0.0,1.6,0.5,5.3,38.4,0.0,1.4,52.6
2023-10-04T10:00Z,4,4,0.4,0.0,0.5,0.5,43.7,21.3,0.0,1.9,31.6
2023-10-04T10:00Z,5,78,20.1,0.0,13.5,0.2,10.6,9.5,0.0,2.4,43.6
2023-10-04T10:00Z,6,20,0.4,0.0,4.9,1.6,1.5,14.6,0.0,6.7,70.3
2023-10-04T10:00Z,7,97,0.3,0.0,24.5,0.3,1.2,5.9,0.0,14.2,53.6
2023-10-04T10:00Z,8,17,0.8,0.0,4.0,0.9,3.6,25.9,0.0,6.9,57.8
2023-10-04T10:00Z,9,121,11.6,0.0,27.1,0.1,6.1,5.4,0.0,7.8,41.9
2023-10-04T10:00Z,10,44,3.4,0.0,10.1,0.0,1.8,24.9,0.0,12.2,47.6
2023-10-04T10:00Z,11,92,1.3,0.0,22.8,0.1,2.6,3.3,0.0,53.3,16.7
2023-10-04T10:00Z,12,125,3.9,0.0,29.9,0.3,7.7,10.0,0.0,17.0,31.2
2023-10-04T10:00Z,13,93,3.0,0.0,22.4,0.5,4.1,16.7,0.0,14.2,39.1
2023-10-04T10:00Z,14,161,1.5,0.0,39.8,1.5,5.2,7.3,0.0,15.6,29.1
2023-10-04T10:00Z,15,58,4.1,0.0,13.1,0.6,8.3,17.5,0.0,12.6,43.6
2023-10-04T10:00Z,16,14,0.9,0.0,3.4,2.8,0.0,12.1,0.0,1.0,79.8
2023-10-04T10:00Z,17,43,0.4,0.0,10.8,2.9,0.0,3.5,0.0,8.0,74.5
2023-10-04T10:00Z,18,59,3.5,0.0,11.9,1.0,6.9,16.1,0.0,11.1,49.5
2023-10-04T10:30Z,1,6,0.0,0.0,1.6,6.4,0.0,0.0,0.0,0.0,92.0
2023-10-04T10:30Z,2,9,1.0,0.0,1.9,1.5,0.0,12.2,0.0,1.3,82.1
2023-10-04T10:30Z,3,6,0.3,0.0,1.5,0.4,5.1,38.6,0.0,1.6,52.5
2023-10-04T10:30Z,4,4,0.4,0.0,0.6,0.5,42.6,20.9,0.0,2.1,32.9
2023-10-04T10:30Z,5,72,18.8,0.0,12.5,0.2,10.8,9.4,0.0,2.8,45.6
2023-10-04T10:30Z,6,22,0.4,0.0,5.5,1.7,1.4,14.0,0.0,7.2,69.8
2023-10-04T10:30Z,7,69,0.2,0.0,17.3,0.3,1.2,7.5,0.0,17.2,56.3
2023-10-04T10:30Z,8,17,0.7,0.0,4.1,0.9,3.4,25.0,0.0,7.5,58.3
2023-10-04T10:30Z,9,116,10.7,0.0,26.1,0.1,6.1,5.3,0.0,8.9,42.9
2023-10-04T10:30Z,10,42,3.0,0.0,9.8,0.0,1.7,24.1,0.0,13.6,47.7
2023-10-04T10:30Z,11,93,0.8,0.0,23.4,0.1,1.2,2.9,0.0,57.8,13.8
2023-10-04T10:30Z,12,124,3.6,0.0,30.1,0.3,5.2,9.6,0.0,19.2,32.0
2023-10-04T10:30Z,13,89,2.7,0.0,21.7,0.4,3.2,16.5,0.0,15.9,39.6
2023-10-04T10:30Z,14,152,1.4,0.0,37.8,1.3,4.2,7.4,0.0,17.4,30.4
2023-10-04T10:30Z,15,53,3.8,0.0,12.0,0.5,8.2,17.3,0.0,14.1,44.0
2023-10-04T10:30Z,16,14,0.9,0.0,3.4,2.5,0.0,11.2,0.0,1.1,80.9
2023-10-04T10:30Z,17,47,0.3,0.0,11.8,2.9,0.0,3.6,0.0,9.1,72.2
2023-10-04T10:30Z,18,56,3.3,0.0,11.0,0.9,6.8,15.8,0.0,12.3,49.8
2023-10-04T11:00Z,1,7,0.0,0.0,1.9,6.1,0.0,0.0,0.0,0.0,92.0
2023-10-04T11:00Z,2,9,1.0,0.0,1.9,1.5,0.0,11.6,0.0,1.3,82.7
2023-10-04T11:00Z,3,5,0.3,0.0,1.2,0.4,5.2,37.6,0.0,1.8,53.5
2023-10-04T11:00Z,4,4,0.4,0.0,0.6,0.4,42.3,20.9,0.0,2.3,33.1
2023-10-04T11:00Z,5,74,18.4,0.0,13.0,0.2,10.4,9.4,0.0,3.0,45.6
2023-10-04T11:00Z,6,21,0.4,0.0,5.1,1.7,1.4,13.6,0.0,7.6,70.2
2023-10-04T11:00Z,7,73,0.2,0.0,18.4,0.3,1.0,8.2,0.0,18.0,53.8
2023-10-04T11:00Z,8,17,0.8,0.0,4.0,0.9,3.5,24.8,0.0,7.8,58.2
2023-10-04T11:00Z,9,120,10.2,0.0,27.2,0.1,5.8,5.2,0.0,9.5,42.0
2023-10-04T11:00Z,10,44,2.8,0.0,10.2,0.0,1.6,23.6,0.0,14.6,47.2
2023-10-04T11:00Z,11,92,0.7,0.0,23.0,0.1,1.2,2.5,0.0,59.2,13.3
2023-10-04T11:00Z,12,124,3.4,0.0,30.0,0.3,5.8,9.4,0.0,20.1,31.0
2023-10-04T11:00Z,13,88,2.6,0.0,21.5,0.4,3.2,16.3,0.0,16.9,39.2
2023-10-04T11:00Z,14,147,1.3,0.0,36.3,1.3,4.2,7.8,0.0,18.4,30.7
2023-10-04T11:00Z,15,53,3.6,0.0,12.2,0.5,7.7,17.2,0.0,15.0,43.8
2023-10-04T11:00Z,16,15,0.9,0.0,3.4,2.3,0.0,10.4,0.0,1.1,81.8
2023-10-04T11:00Z,17,41,0.3,0.0,10.3,2.5,0.0,3.6,0.0,10.0,73.3
2023-10-04T11:00Z,18,56,3.1,0.0,11.1,0.8,6.4,15.6,0.0,13.1,49.8
2023-10-04T11:30Z,1,9,0.0,0.0,2.2,6.0,0.0,0.0,0.0,0.0,91.9
2023-10-04T11:30Z,2,9,1.0,0.0,1.9,1.4,0.0,10.9,0.0,1.3,83.4
2023-10-04T11:30Z,3,5,0.3,0.0,1.0,0.4,5.2,37.2,0.0,1.9,53.9
2023-10-04T11:30Z,4,4,0.4,0.0,0.6,0.4,42.5,20.4,0.0,2.4,33.3
2023-10-04T11:30Z,5,73,18.5,0.0,12.9,0.1,10.1,9.2,0.0,3.1,46.0
2023-10-04T11:30Z,6,19,0.3,0.0,4.8,1.3,1.4,13.3,0.0,7.8,71.0
2023-10-04T11:30Z,7,53,0.3,0.0,13.4,0.2,1.1,8.3,0.0,19.3,57.3
2023-10-04T11:30Z,8,17,0.9,0.0,4.0,0.8,3.5,24.7,0.0,8.0,58.2
2023-10-04T11:30Z,9,120,10.1,0.0,27.3,0.1,5.5,5.2,0.0,9.9,41.9
2023-10-04T11:30Z,10,39,2.7,0.0,9.0,0.0,1.5,23.3,0.0,15.5,48.0
2023-10-04T11:30Z,11,90,0.8,0.0,22.5,0.1,1.3,2.2,0.0,59.1,14.0
2023-10-04T11:30Z,12,126,3.4,0.0,30.6,0.3,5.2,9.2,0.0,20.9,30.5
2023-10-04T11:30Z,13,87,2.5,0.0,21.0,0.4,3.1,15.9,0.0,17.6,39.5
2023-10-04T11:30Z,14,145,1.2,0.0,36.0,1.2,4.4,7.8,0.0,18.7,30.7
2023-10-04T11:30Z,15,50,3.3,0.0,11.4,0.4,8.2,17.1,0.0,15.6,44.0
2023-10-04T11:30Z,16,15,0.9,0.0,3.4,2.1,0.0,10.1,0.0,1.1,82.3
2023-10-04T11:30Z,17,32,0.3,0.0,8.0,2.2,0.0,3.6,0.0,10.9,75.0
2023-10-04T11:30Z,18,54,2.9,0.0,10.3,0.7,6.7,15.5,0.0,13.7,50.2
2023-10-04T12:00Z,1,7,0.0,0.0,1.9,6.0,0.0,0.0,0.0,0.0,92.1
2023-10-04T12:00Z,2,9,1.0,0.0,1.9,1.5,0.0,10.8,0.0,1.2,83.7
2023-10-04T12:00Z,3,4,0.3,0.0,0.9,0.4,5.2,37.4,0.0,1.9,53.9
2023-10-04T12:00Z,4,4,0.4,0.0,0.5,0.4,42.2,20.2,0.0,2.6,33.7
2023-10-04T12:00Z,5,71,17.7,0.0,12.6,0.2,10.3,9.2,0.0,3.3,46.8
2023-10-04T12:00Z,6,20,0.3,0.0,4.9,1.3,1.4,13.2,0.0,8.1,70.9
2023-10-04T12:00Z,7,49,0.3,0.0,12.3,0.2,1.1,8.0,0.0,20.4,57.7
2023-10-04T12:00Z,8,16,0.8,0.0,3.8,0.7,3.4,24.5,0.0,8.1,58.7
2023-10-04T12:00Z,9,113,9.9,0.0,25.7,0.1,5.7,5.1,0.0,10.1,43.2
2023-10-04T12:00Z,10,35,2.6,0.0,8.1,0.0,1.5,23.1,0.0,15.9,48.7
2023-10-04T12:00Z,11,85,0.8,0.0,21.4,0.1,1.0,2.0,0.0,60.7,14.1
2023-10-04T12:00Z,12,118,3.4,0.0,28.7,0.3,4.3,9.1,0.0,21.7,32.5
2023-10-04T12:00Z,13,79,2.5,0.0,19.2,0.3,2.7,15.9,0.0,18.2,41.2
2023-10-04T12:00Z,14,136,1.3,0.0,33.7,1.1,3.7,7.6,0.0,19.7,33.0
2023-10-04T12:00Z,15,50,3.3,0.0,11.3,0.4,7.8,17.0,0.0,16.0,44.3
2023-10-04T12:00Z,16,14,0.9,0.0,3.4,2.1,0.0,10.2,0.0,1.0,82.4
2023-10-04T12:00Z,17,18,0.3,0.0,4.4,2.1,0.0,3.6,0.0,11.8,77.8
2023-10-04T12:00Z,18,51,2.9,0.0,9.9,0.7,6.4,15.4,0.0,14.0,50.7
2023-10-04T12:30Z,1,8,0.0,0.0,2.0,6.6,0.0,0.0,0.0,0.0,91.3
2023-10-04T12:30Z,2,9,0.9,0.0,1.9,1.7,0.0,10.6,0.0,1.0,83.8
2023-10-04T12:30Z,3,4,0.3,0.0,0.9,0.5,5.2,37.5,0.0,1.9,53.8
2023-10-04T12:30Z,4,4,0.4,0.0,0.6,0.5,42.2,20.3,0.0,2.6,33.5
2023-10-04T12:30Z,5,70,17.8,0.0,12.2,0.2,10.2,9.1,0.0,3.3,47.2
2023-10-04T12:30Z,6,13,0.3,0.0,3.3,1.2,1.4,13.1,0.0,8.5,72.1
2023-10-04T12:30Z,7,50,0.3,0.0,12.7,0.2,1.1,8.0,0.0,20.7,56.9
2023-10-04T12:30Z,8,14,0.8,0.0,3.2,0.7,3.5,24.5,0.0,8.2,59.1
2023-10-04T12:30Z,9,116,9.8,0.0,26.3,0.1,5.6,5.1,0.0,9.9,43.1
2023-10-04T12:30Z,10,36,2.5,0.0,8.5,0.0,1.5,22.8,0.0,15.7,49.0
2023-10-04T12:30Z,11,89,0.8,0.0,22.3,0.1,1.2,2.1,0.0,59.6,14.0
2023-10-04T12:30Z,12,124,3.3,0.0,30.0,0.3,5.2,9.0,0.0,21.0,31.3
2023-10-04T12:30Z,13,82,2.4,0.0,19.8,0.3,3.2,15.7,0.0,17.8,40.8
2023-10-04T12:30Z,14,136,1.2,0.0,33.7,1.0,5.1,7.5,0.0,19.0,32.5
2023-10-04T12:30Z,15,52,3.3,0.0,11.7,0.4,8.2,16.8,0.0,15.7,43.8
2023-10-04T12:30Z,16,14,0.9,0.0,3.3,2.0,0.0,10.2,0.0,0.9,82.8
2023-10-04T12:30Z,17,18,0.3,0.0,4.4,2.5,0.0,3.6,0.0,12.0,77.2
2023-10-04T12:30Z,18,52,2.9,0.0,10.3,0.7,6.8,15.3,0.0,13.8,50.3
2023-10-04T13:00Z,1,7,0.0,0.0,1.7,7.2,0.0,0.0,0.0,0.0,91.1
2023-10-04T13:00Z,2,8,0.8,0.0,1.9,1.9,0.0,10.6,0.0,0.9,83.9
2023-10-04T13:00Z,3,4,0.2,0.0,0.9,0.5,5.3,37.2,0.0,1.7,54.1
2023-10-04T13:00Z,4,4,0.3,0.0,0.5,0.6,42.3,20.5,0.0,2.5,33.3
2023-10-04T13:00Z,5,69,15.7,0.0,12.6,0.2,10.6,9.1,0.0,3.4,48.3
2023-10-04T13:00Z,6,11,0.3,0.0,2.7,1.3,1.4,13.1,0.0,8.8,72.5
2023-10-04T13:00Z,7,50,0.2,0.0,12.6,0.3,1.2,8.4,0.0,20.5,56.9
2023-10-04T13:00Z,8,13,0.7,0.0,3.0,0.8,3.5,24.3,0.0,8.1,59.6
2023-10-04T13:00Z,9,113,8.7,0.0,25.9,0.1,5.9,5.1,0.0,9.9,44.3
2023-10-04T13:00Z,10,34,2.1,0.0,7.9,0.0,1.4,23.1,0.0,15.4,50.1
2023-10-04T13:00Z,11,89,0.7,0.0,22.3,0.1,1.4,2.0,0.0,59.4,14.1
2023-10-04T13:00Z,12,124,2.9,0.0,30.2,0.3,5.8,8.8,0.0,20.6,31.4
2023-10-04T13:00Z,13,81,2.0,0.0,19.8,0.3,3.7,15.9,0.0,17.2,41.2
2023-10-04T13:00Z,14,140,0.9,0.0,34.4,1.0,6.4,7.5,0.0,17.8,31.9
2023-10-04T13:00Z,15,52,3.4,0.0,11.7,0.4,8.3,16.8,0.0,15.3,44.0
2023-10-04T13:00Z,16,13,0.8,0.0,3.0,2.0,0.0,10.4,0.0,0.7,83.1
2023-10-04T13:00Z,17,18,0.3,0.0,4.5,2.6,0.0,3.6,0.0,11.9,77.1
2023-10-04T13:00Z,18,52,2.9,0.0,10.3,0.7,6.9,15.3,0.0,13.5,50.5
2023-10-04T13:30Z,1,7,0.0,0.0,1.7,7.6,0.0,0.0,0.0,0.0,90.7
2023-10-04T13:30Z,2,8,0.8,0.0,1.9,2.2,0.0,11.2,0.0,0.7,83.3
2023-10-04T13:30Z,3,4,0.2,0.0,0.8,0.6,5.2,37.4,0.0,1.6,54.1
2023-10-04T13:30Z,4,4,0.3,0.0,0.5,0.6,42.2,20.5,0.0,2.3,33.5
2023-10-04T13:30Z,5,69,16.2,0.0,12.6,0.2,10.6,9.3,0.0,3.3,47.9
2023-10-04T13:30Z,6,12,0.3,0.0,3.0,1.3,1.4,13.3,0.0,8.6,72.1
2023-10-04T13:30Z,7,42,0.2,0.0,10.5,0.3,1.3,8.9,0.0,19.8,59.0
2023-10-04T13:30Z,8,12,0.7,0.0,2.7,0.8,3.5,24.9,0.0,7.7,59.7
2023-10-04T13:30Z,9,102,9.6,0.0,22.9,0.1,6.2,5.3,0.0,9.7,46.1
2023-10-04T13:30Z,10,31,2.3,0.0,7.2,0.0,1.5,23.4,0.0,14.4,51.1
2023-10-04T13:30Z,11,90,0.7,0.0,22.5,0.1,1.4,2.0,0.0,58.8,14.5
2023-10-04T13:30Z,12,128,3.0,0.0,31.1,0.3,5.9,8.9,0.0,19.0,31.8
2023-10-04T13:30Z,13,85,2.1,0.0,20.7,0.3,3.0,15.8,0.0,16.1,41.9
2023-10-04T13:30Z,14,152,1.0,0.0,37.9,0.9,3.3,7.3,0.0,16.8,32.6
2023-10-04T13:30Z,15,56,3.3,0.0,12.9,0.4,8.0,16.8,0.0,14.5,44.0
2023-10-04T13:30Z,16,12,0.8,0.0,2.7,2.1,0.0,10.6,0.0,0.6,83.2
2023-10-04T13:30Z,17,16,0.3,0.0,4.0,2.8,0.0,3.7,0.0,11.4,78.0
2023-10-04T13:30Z,18,54,2.8,0.0,11.2,0.8,6.6,15.3,0.0,12.8,50.5
2023-10-04T14:00Z,1,7,0.0,0.0,1.8,7.7,0.0,0.0,0.0,0.0,90.6
2023-10-04T14:00Z,2,9,0.9,0.0,2.0,2.2,0.0,11.3,0.0,0.7,82.9
2023-10-04T14:00Z,3,4,0.2,0.0,0.9,0.6,5.3,38.2,0.0,1.5,53.3
2023-10-04T14:00Z,4,4,0.3,0.0,0.5,0.6,43.5,21.0,0.0,2.2,31.8
2023-10-04T14:00Z,5,68,17.9,0.0,11.7,0.2,10.6,9.3,0.0,3.2,47.1
2023-10-04T14:00Z,6,13,0.3,0.0,3.1,1.4,1.5,13.9,0.0,8.2,71.6
2023-10-04T14:00Z,7,46,0.3,0.0,11.5,0.3,1.4,9.3,0.0,17.5,59.5
2023-10-04T14:00Z,8,14,0.8,0.0,3.2,0.9,3.6,25.4,0.0,7.2,58.9
2023-10-04T14:00Z,9,108,10.3,0.0,24.2,0.1,6.0,5.4,0.0,9.1,44.9
2023-10-04T14:00Z,10,38,2.4,0.0,8.8,0.0,1.4,24.0,0.0,13.0,50.4
2023-10-04T14:00Z,11,104,0.7,0.0,26.2,0.1,1.4,2.1,0.0,56.4,13.2
2023-10-04T14:00Z,12,138,3.2,0.0,33.5,0.3,6.6,9.2,0.0,17.4,29.8
2023-10-04T14:00Z,13,93,2.2,0.0,22.7,0.3,2.7,16.0,0.0,14.8,41.2
2023-10-04T14:00Z,14,159,1.1,0.0,39.9,1.0,1.9,7.4,0.0,15.8,32.8
2023-10-04T14:00Z,15,57,3.5,0.0,12.9,0.4,8.1,17.2,0.0,13.7,44.1
2023-10-04T14:00Z,16,12,0.9,0.0,2.8,2.1,0.0,10.7,0.0,0.6,83.0
2023-10-04T14:00Z,17,14,0.3,0.0,3.4,2.3,0.0,3.7,0.0,10.6,79.7
2023-10-04T14:00Z,18,56,3.0,0.0,11.2,0.7,6.7,15.6,0.0,12.0,50.8
2023-10-04T14:30Z,1,7,0.0,0.0,1.8,8.1,0.0,0.0,0.0,0.0,90.1
2023-10-04T14:30Z,2,9,1.0,0.0,2.1,2.4,0.0,12.0,0.0,0.7,81.9
2023-10-04T14:30Z,3,4,0.3,0.0,0.9,0.6,5.5,38.3,0.0,1.3,53.2
2023-10-04T14:30Z,4,4,0.3,0.0,0.5,0.6,44.1,21.5,0.0,1.9,31.0
2023-10-04T14:30Z,5,70,19.0,0.0,11.9,0.2,10.6,9.2,0.0,2.8,46.2
2023-10-04T14:30Z,6,11,0.3,0.0,2.6,1.4,1.6,14.2,0.0,7.4,72.5
2023-10-04T14:30Z,7,52,0.4,0.0,13.0,0.4,1.5,9.9,0.0,14.8,60.0
2023-10-04T14:30Z,8,13,0.9,0.0,2.9,0.9,3.8,25.8,0.0,6.5,59.2
2023-10-04T14:30Z,9,105,11.1,0.0,23.3,0.1,6.2,5.4,0.0,8.3,45.4
2023-10-04T14:30Z,10,37,2.5,0.0,8.5,0.0,1.4,24.4,0.0,11.6,51.4
2023-10-04T14:30Z,11,111,0.8,0.0,27.9,0.1,1.4,2.2,0.0,54.2,13.6
2023-10-04T14:30Z,12,144,3.5,0.0,35.0,0.3,6.4,9.2,0.0,16.0,29.7
2023-10-04T14:30Z,13,97,2.4,0.0,23.8,0.4,2.7,16.1,0.0,13.3,41.4
2023-10-04T14:30Z,14,168,1.1,0.0,42.1,1.1,2.1,7.4,0.0,14.0,32.2
2023-10-04T14:30Z,15,59,3.5,0.0,13.4,0.4,8.6,17.3,0.0,12.4,44.3
2023-10-04T14:30Z,16,12,0.9,0.0,2.7,2.2,0.0,11.0,0.0,0.6,82.5
2023-10-04T14:30Z,17,27,0.3,0.0,6.7,2.3,0.0,3.7,0.0,8.9,78.0
2023-10-04T14:30Z,18,58,3.0,0.0,11.8,0.7,7.1,15.8,0.0,10.8,50.7
2023-10-04T15:00Z,1,2,0.0,0.0,0.6,8.6,0.0,0.0,0.0,0.0,90.8
2023-10-04T15:00Z,2,8,1.0,0.0,1.8,2.5,0.0,12.3,0.0,0.7,81.6
2023-10-04T15:00Z,3,4,0.3,0.0,0.8,0.6,5.4,40.0,0.0,1.1,51.8
2023-10-04T15:00Z,4,4,0.3,0.0,0.4,0.6,46.1,21.6,0.0,1.7,29.2
2023-10-04T15:00Z,5,74,21.0,0.0,12.3,0.2,10.6,8.9,0.0,2.3,44.7
2023-10-04T15:00Z,6,10,0.3,0.0,2.5,1.2,1.7,15.0,0.0,6.4,72.9
2023-10-04T15:00Z,7,63,0.4,0.0,15.9,0.3,1.6,9.9,0.0,12.3,59.6
2023-10-04T15:00Z,8,13,1.0,0.0,2.9,0.8,3.9,26.6,0.0,5.6,59.2
2023-10-04T15:00Z,9,111,12.6,0.0,24.3,0.1,6.4,5.3,0.0,7.1,44.3
2023-10-04T15:00Z,10,40,3.1,0.0,9.2,0.0,1.6,24.6,0.0,10.1,51.4
2023-10-04T15:00Z,11,125,1.0,0.0,31.2,0.1,1.7,2.3,0.0,49.7,14.1
2023-10-04T15:00Z,12,147,4.0,0.0,35.5,0.3,6.8,9.0,0.0,14.0,30.5
2023-10-04T15:00Z,13,100,2.8,0.0,24.2,0.4,2.9,16.2,0.0,11.5,41.8
2023-10-04T15:00Z,14,170,1.3,0.0,42.6,1.2,2.4,7.2,0.0,12.3,33.0
2023-10-04T15:00Z,15,67,4.1,0.0,15.5,0.4,8.0,17.4,0.0,10.8,43.6
2023-10-04T15:00Z,16,9,1.0,0.0,2.0,2.5,0.0,11.3,0.0,0.6,82.7
2023-10-04T15:00Z,17,24,0.3,0.0,6.1,2.5,0.0,3.8,0.0,7.8,79.6
2023-10-04T15:00Z,18,63,3.6,0.0,13.4,0.8,6.6,15.9,0.0,9.5,50.2
2023-10-04T15:30Z,1,0,0.0,0.0,0.1,9.7,0.0,0.0,0.0,0.0,90.3
2023-10-04T15:30Z,2,8,1.1,0.0,1.8,2.8,0.0,12.9,0.0,0.7,80.8
2023-10-04T15:30Z,3,4,0.3,0.0,0.8,0.6,5.8,40.3,0.0,0.9,51.2
2023-10-04T15:30Z,4,3,0.3,0.0,0.4,0.6,48.2,22.4,0.0,1.4,26.7
2023-10-04T15:30Z,5,85,20.7,0.0,15.2,0.2,10.5,8.7,0.0,1.8,42.9
2023-10-04T15:30Z,6,10,0.4,0.0,2.5,1.1,1.9,15.8,0.0,5.2,73.1
2023-10-04T15:30Z,7,78,0.5,0.0,19.6,0.3,1.7,10.1,0.0,9.9,57.9
2023-10-04T15:30Z,8,15,1.2,0.0,3.4,0.8,4.2,26.5,0.0,4.8,59.2
2023-10-04T15:30Z,9,126,12.4,0.0,28.1,0.1,6.3,5.1,0.0,5.6,42.4
2023-10-04T15:30Z,10,48,3.2,0.0,11.1,0.0,1.6,24.8,0.0,8.2,51.1
2023-10-04T15:30Z,11,135,1.1,0.0,33.6,0.1,2.5,2.8,0.0,45.5,14.3
2023-10-04T15:30Z,12,156,4.0,0.0,37.5,0.3,9.0,9.0,0.0,11.5,28.7
2023-10-04T15:30Z,13,111,2.7,0.0,26.9,0.5,3.9,16.7,0.0,9.1,40.2
2023-10-04T15:30Z,14,186,1.2,0.0,46.5,1.3,4.2,6.9,0.0,9.3,30.8
2023-10-04T15:30Z,15,73,4.4,0.0,16.9,0.5,8.7,17.7,0.0,8.9,42.9
2023-10-04T15:30Z,16,7,1.0,0.0,1.4,3.1,0.0,11.8,0.0,0.6,82.1
2023-10-04T15:30Z,17,46,0.3,0.0,11.5,2.7,0.0,3.6,0.0,6.1,75.7
2023-10-04T15:30Z,18,70,3.8,0.0,14.8,0.9,7.1,16.2,0.0,7.8,49.3
2023-10-04T16:00Z,1,0,0.0,0.0,0.1,10.5,0.0,0.0,0.0,0.0,89.4
2023-10-04T16:00Z,2,9,1.1,0.0,1.9,3.2,0.0,13.7,0.0,0.6,79.5
2023-10-04T16:00Z,3,4,0.3,0.0,0.8,0.7,6.0,41.3,0.0,0.7,50.3
2023-10-04T16:00Z,4,3,0.3,0.0,0.4,0.6,50.0,23.1,0.0,1.0,24.5
2023-10-04T16:00Z,5,100,21.1,0.0,18.9,0.2,9.9,8.4,0.0,1.2,40.2
2023-10-04T16:00Z,6,8,0.4,0.0,2.0,1.8,2.0,16.6,0.0,3.9,73.3
2023-10-04T16:00Z,7,125,0.4,0.0,31.6,0.3,1.4,8.5,0.0,7.4,50.3
2023-10-04T16:00Z,8,17,1.3,0.0,4.0,1.1,4.4,27.3,0.0,3.6,58.3
2023-10-04T16:00Z,9,147,12.5,0.0,33.4,0.1,5.9,4.8,0.0,3.8,39.5
2023-10-04T16:00Z,10,61,3.2,0.0,14.6,0.0,1.5,25.0,0.0,5.7,50.0
2023-10-04T16:00Z,11,155,1.7,0.0,38.5,0.1,3.0,3.4,0.0,36.5,16.8
2023-10-04T16:00Z,12,166,4.5,0.0,40.2,0.3,7.8,9.0,0.0,8.6,29.6
2023-10-04T16:00Z,13,126,2.6,0.0,30.8,0.5,4.8,16.6,0.0,6.1,38.6
2023-10-04T16:00Z,14,205,0.8,0.0,50.8,1.3,8.2,6.6,0.0,5.6,26.7
2023-10-04T16:00Z,15,83,4.5,0.0,19.3,0.6,8.5,17.8,0.0,6.5,42.8
2023-10-04T16:00Z,16,8,1.1,0.0,1.7,3.8,0.0,12.3,0.0,0.5,80.7
2023-10-04T16:00Z,17,69,0.3,0.0,17.4,3.2,0.0,3.6,0.0,4.6,70.9
2023-10-04T16:00Z,18,80,3.9,0.0,17.2,1.1,7.0,16.3,0.0,5.7,48.7
2023-10-04T16:30Z,1,0,0.0,0.0,0.1,12.2,0.0,0.0,0.0,0.0,87.7
2023-10-04T16:30Z,2,9,1.3,0.0,1.9,3.6,0.0,14.4,0.0,0.4,78.3
2023-10-04T16:30Z,3,5,0.3,0.0,1.1,0.7,6.1,41.8,0.0,0.4,49.5
2023-10-04T16:30Z,4,3,0.3,0.0,0.4,0.7,51.6,23.7,0.0,0.6,22.7
2023-10-04T16:30Z,5,105,21.5,0.0,20.0,0.2,9.9,8.0,0.0,0.7,39.6
2023-10-04T16:30Z,6,9,0.4,0.0,2.2,3.6,2.1,17.3,0.0,2.7,71.7
2023-10-04T16:30Z,7,152,0.4,0.0,38.6,0.3,1.4,6.9,0.0,5.4,47.0
2023-10-04T16:30Z,8,20,1.4,0.0,4.5,1.8,4.5,27.8,0.0,2.4,57.5
2023-10-04T16:30Z,9,157,12.5,0.0,36.1,0.1,5.8,4.6,0.0,2.4,38.5
2023-10-04T16:30Z,10,72,3.2,0.0,17.3,0.0,1.5,25.2,0.0,3.5,49.2
2023-10-04T16:30Z,11,173,2.1,0.0,42.7,0.3,5.5,4.0,0.0,26.9,18.5
2023-10-04T16:30Z,12,167,4.5,0.0,39.8,0.6,11.5,9.3,0.0,5.4,28.9
2023-10-04T16:30Z,13,129,2.7,0.0,31.3,0.6,5.8,16.7,0.0,3.9,39.1
2023-10-04T16:30Z,14,202,1.0,0.0,49.6,1.4,9.9,6.3,0.0,3.6,28.2
2023-10-04T16:30Z,15,90,4.5,0.0,21.1,0.8,9.7,17.9,0.0,4.2,41.8
2023-10-04T16:30Z,16,8,1.2,0.0,1.7,4.8,0.0,12.7,0.0,0.3,79.3
2023-10-04T16:30Z,17,81,0.3,0.0,20.5,4.6,0.0,3.3,0.0,3.3,67.9
2023-10-04T16:30Z,18,86,3.9,0.0,18.9,1.4,8.0,16.5,0.0,3.7,47.5
2023-10-04T17:00Z,1,0,0.0,0.0,0.1,13.1,0.0,0.0,0.0,0.0,86.8
2023-10-04T17:00Z,2,10,1.4,0.0,2.0,3.9,0.0,15.3,0.0,0.3,77.1
2023-10-04T17:00Z,3,5,0.3,0.0,1.1,0.7,6.3,42.1,0.0,0.3,49.2
2023-10-04T17:00Z,4,3,0.4,0.0,0.3,0.6,53.2,24.6,0.0,0.4,20.5
2023-10-04T17:00Z,5,114,21.3,0.0,22.3,0.2,9.7,7.6,0.0,0.4,38.6
2023-10-04T17:00Z,6,5,0.4,0.0,1.2,5.2,2.2,17.9,0.0,1.6,71.6
2023-10-04T17:00Z,7,275,0.0,0.0,69.8,0.2,0.0,4.6,0.0,2.4,23.1
2023-10-04T17:00Z,8,25,1.2,0.0,5.8,2.3,4.4,28.2,0.0,1.5,56.5
2023-10-04T17:00Z,9,163,12.6,0.0,37.6,0.1,5.7,4.4,0.0,1.3,38.4
2023-10-04T17:00Z,10,73,3.4,0.0,17.4,0.0,1.5,25.5,0.0,1.8,50.3
2023-10-04T17:00Z,11,195,2.4,0.0,48.2,0.4,6.6,4.5,0.0,16.8,21.1
2023-10-04T17:00Z,12,175,4.3,0.0,41.9,0.7,11.9,9.3,0.0,2.9,29.1
2023-10-04T17:00Z,13,134,2.8,0.0,32.4,0.6,6.3,16.3,0.0,2.0,39.6
2023-10-04T17:00Z,14,206,1.0,0.0,50.6,1.5,10.7,5.8,0.0,1.9,28.5
2023-10-04T17:00Z,15,92,4.6,0.0,21.3,0.9,10.7,18.3,0.0,2.3,41.9
2023-10-04T17:00Z,16,9,1.3,0.0,1.8,5.4,0.0,12.9,0.0,0.2,78.4
2023-10-04T17:00Z,17,101,0.3,0.0,25.6,5.5,0.0,2.9,0.0,2.0,63.7
2023-10-04T17:00Z,18,92,4.0,0.0,19.4,1.7,8.8,16.8,0.0,2.0,47.3
2023-10-04T17:30Z,1,0,0.0,0.0,0.0,13.8,0.0,0.0,0.0,0.0,86.1
2023-10-04T17:30Z,2,10,1.5,0.0,2.1,4.2,0.0,16.0,0.0,0.1,76.1
2023-10-04T17:30Z,3,5,0.3,0.0,1.2,0.7,6.4,42.7,0.0,0.1,48.6
2023-10-04T17:30Z,4,3,0.3,0.0,0.3,0.6,55.9,24.8,0.0,0.1,18.0
2023-10-04T17:30Z,5,120,21.9,0.0,23.7,0.1,9.2,7.2,0.0,0.1,37.7
2023-10-04T17:30Z,6,6,0.4,0.0,1.3,6.0,2.2,18.3,0.0,0.7,71.0
2023-10-04T17:30Z,7,308,0.0,0.0,78.2,0.0,0.0,2.9,0.0,0.9,18.0
2023-10-04T17:30Z,8,49,1.1,0.0,12.0,2.5,4.1,27.9,0.0,0.6,51.8
2023-10-04T17:30Z,9,180,12.2,0.0,41.8,0.1,5.1,4.1,0.0,0.5,36.2
2023-10-04T17:30Z,10,73,3.5,0.0,17.4,0.0,1.4,26.0,0.0,0.6,51.0
2023-10-04T17:30Z,11,227,2.6,0.0,56.1,0.4,7.1,5.2,0.0,7.8,20.8
2023-10-04T17:30Z,12,197,4.1,0.0,47.7,0.7,11.3,9.0,0.0,1.1,26.2
2023-10-04T17:30Z,13,145,2.7,0.0,35.3,0.6,6.2,16.1,0.0,0.7,38.4
2023-10-04T17:30Z,14,222,0.9,0.0,54.8,1.4,10.3,5.4,0.0,0.6,26.7
2023-10-04T17:30Z,15,97,5.0,0.0,22.5,0.9,11.0,18.3,0.0,0.9,41.4
2023-10-04T17:30Z,16,9,1.3,0.0,1.8,6.1,0.0,13.5,0.0,0.1,77.3
2023-10-04T17:30Z,17,159,0.2,0.0,40.2,5.5,0.0,2.6,0.0,0.8,50.8
2023-10-04T17:30Z,18,101,4.3,0.0,21.3,1.8,9.1,16.8,0.0,0.8,45.9
2023-10-04T18:00Z,1,0,0.0,0.0,0.0,14.7,0.0,0.0,0.0,0.0,85.3
2023-10-04T18:00Z,2,10,1.5,0.0,2.2,4.2,0.0,16.4,0.0,0.0,75.6
2023-10-04T18:00Z,3,5,0.3,0.0,1.2,0.7,6.5,43.8,0.0,0.0,47.6
2023-10-04T18:00Z,4,3,0.3,0.0,0.3,0.5,58.0,25.1,0.0,0.0,15.7
2023-10-04T18:00Z,5,126,22.8,0.0,24.9,0.1,8.5,6.8,0.0,0.0,36.9
2023-10-04T18:00Z,6,7,0.4,0.0,1.7,5.3,2.3,18.7,0.0,0.3,71.3
2023-10-04T18:00Z,7,311,0.0,0.0,79.1,0.0,0.0,3.2,0.0,0.3,17.5
2023-10-04T18:00Z,8,53,1.4,0.0,13.1,2.2,4.2,28.1,0.0,0.2,50.8
2023-10-04T18:00Z,9,191,12.0,0.0,44.7,0.1,4.5,3.9,0.0,0.1,34.7
2023-10-04T18:00Z,10,73,3.3,0.0,17.5,0.0,1.2,25.8,0.0,0.1,52.0
2023-10-04T18:00Z,11,263,2.2,0.0,65.3,0.4,6.9,5.5,0.0,2.4,17.3
2023-10-04T18:00Z,12,212,3.9,0.0,51.4,0.6,12.2,8.6,0.0,0.3,23.0
2023-10-04T18:00Z,13,157,2.4,0.0,38.3,0.6,6.5,15.7,0.0,0.2,36.3
2023-10-04T18:00Z,14,236,0.6,0.0,58.4,1.4,10.3,5.2,0.0,0.2,23.9
2023-10-04T18:00Z,15,102,5.0,0.0,23.6,0.9,10.4,18.2,0.0,0.2,41.6
2023-10-04T18:00Z,16,9,1.3,0.0,1.9,5.9,0.0,13.9,0.0,0.0,77.0
2023-10-04T18:00Z,17,174,0.2,0.0,44.2,4.7,0.0,2.5,0.0,0.3,48.1
2023-10-04T18:00Z,18,107,4.3,0.0,22.5,1.7,8.6,16.8,0.0,0.2,45.9
2023-10-04T18:30Z,1,0,0.0,0.0,0.0,14.9,0.0,0.0,0.0,0.0,85.1
2023-10-04T18:30Z,2,11,1.6,0.0,2.2,4.4,0.0,16.7,0.0,0.0,75.2
2023-10-04T18:30Z,3,4,0.3,0.0,0.9,0.7,6.7,44.0,0.0,0.0,47.4
2023-10-04T18:30Z,4,3,0.3,0.0,0.3,0.5,58.3,25.9,0.0,0.0,14.8
2023-10-04T18:30Z,5,120,22.9,0.0,23.5,0.1,9.0,6.6,0.0,0.0,37.9
2023-10-04T18:30Z,6,5,0.5,0.0,1.2,4.5,2.4,19.2,0.0,0.0,72.3
2023-10-04T18:30Z,7,297,0.0,0.0,75.5,0.2,0.0,3.7,0.0,0.0,20.6
2023-10-04T18:30Z,8,32,1.6,0.0,7.5,2.0,4.8,28.7,0.0,0.0,55.4
2023-10-04T18:30Z,9,163,13.7,0.0,37.2,0.1,5.4,3.8,0.0,0.0,39.9
2023-10-04T18:30Z,10,56,3.3,0.0,13.2,0.0,1.3,26.1,0.0,0.0,56.1
2023-10-04T18:30Z,11,247,3.0,0.0,60.9,0.3,8.3,5.7,0.0,0.0,21.6
2023-10-04T18:30Z,12,207,4.3,0.0,50.0,0.5,11.9,8.5,0.0,0.0,24.9
2023-10-04T18:30Z,13,146,2.4,0.0,35.6,0.6,6.4,15.8,0.0,0.0,39.3
2023-10-04T18:30Z,14,233,0.5,0.0,57.5,1.3,10.5,5.0,0.0,0.0,25.2
2023-10-04T18:30Z,15,100,5.0,0.0,23.2,0.7,10.6,18.5,0.0,0.0,41.9
2023-10-04T18:30Z,16,9,1.3,0.0,1.9,5.8,0.0,14.3,0.0,0.0,76.7
2023-10-04T18:30Z,17,149,0.2,0.0,37.7,3.3,0.0,2.6,0.0,0.0,56.1
2023-10-04T18:30Z,18,100,4.3,0.0,21.7,1.4,8.8,17.1,0.0,0.0,46.6
2023-10-04T19:00Z,1,0,0.0,0.0,0.0,14.0,0.0,0.0,0.0,0.0,86.0
2023-10-04T19:00Z,2,11,1.7,0.0,2.2,4.1,0.0,17.2,0.0,0.0,74.8
2023-10-04T19:00Z,3,3,0.3,0.0,0.7,0.7,7.1,44.4,0.0,0.0,46.9
2023-10-04T19:00Z,4,3,0.3,0.0,0.2,0.5,59.2,26.3,0.0,0.0,13.5
2023-10-04T19:00Z,5,123,23.1,0.0,24.2,0.1,8.8,6.3,0.0,0.0,37.5
2023-10-04T19:00Z,6,4,0.5,0.0,0.8,3.5,2.6,20.0,0.0,0.0,72.7
2023-10-04T19:00Z,7,162,0.9,0.0,40.8,0.4,2.1,6.6,0.0,0.0,49.2
2023-10-04T19:00Z,8,26,2.2,0.0,5.8,1.6,5.2,29.1,0.0,0.0,56.0
2023-10-04T19:00Z,9,166,13.7,0.0,37.9,0.1,5.2,3.7,0.0,0.0,39.5
2023-10-04T19:00Z,10,54,3.0,0.0,12.9,0.0,1.1,26.6,0.0,0.0,56.3
2023-10-04T19:00Z,11,240,3.5,0.0,59.0,0.3,8.1,6.2,0.0,0.0,22.9
2023-10-04T19:00Z,12,210,4.8,0.0,50.8,0.4,11.0,8.2,0.0,0.0,24.8
2023-10-04T19:00Z,13,133,2.4,0.0,32.2,0.6,6.4,16.0,0.0,0.0,42.5
2023-10-04T19:00Z,14,211,0.6,0.0,51.8,1.4,11.8,5.1,0.0,0.0,29.2
2023-10-04T19:00Z,15,101,4.7,0.0,23.7,0.6,10.7,18.8,0.0,0.0,41.5
2023-10-04T19:00Z,16,9,1.4,0.0,1.8,5.7,0.0,14.4,0.0,0.0,76.7
2023-10-04T19:00Z,17,120,0.3,0.0,30.5,2.5,0.0,2.9,0.0,0.0,63.8
2023-10-04T19:00Z,18,95,4.1,0.0,21.6,1.3,8.8,17.4,0.0,0.0,46.7
2023-10-04T19:30Z,1,0,0.0,0.0,0.0,13.4,0.0,0.0,0.0,0.0,86.6
2023-10-04T19:30Z,2,11,1.7,0.0,2.3,4.0,0.0,17.9,0.0,0.0,74.1
2023-10-04T19:30Z,3,3,0.3,0.0,0.6,0.7,7.1,44.1,0.0,0.0,47.2
2023-10-04T19:30Z,4,3,0.3,0.0,0.3,0.4,59.7,26.0,0.0,0.0,13.3
2023-10-04T19:30Z,5,117,22.6,0.0,22.8,0.1,8.9,6.4,0.0,0.0,39.1
2023-10-04T19:30Z,6,4,0.5,0.0,0.8,2.9,2.6,20.2,0.0,0.0,73.1
2023-10-04T19:30Z,7,147,1.0,0.0,36.9,0.6,2.3,8.9,0.0,0.0,50.3
2023-10-04T19:30Z,8,27,2.2,0.0,6.2,1.4,5.2,29.5,0.0,0.0,55.5
2023-10-04T19:30Z,9,169,12.8,0.0,38.9,0.1,5.0,3.7,0.0,0.0,39.5
2023-10-04T19:30Z,10,45,2.8,0.0,10.7,0.0,1.1,26.9,0.0,0.0,58.5
2023-10-04T19:30Z,11,228,3.8,0.0,55.8,0.3,8.5,6.2,0.0,0.0,25.4
2023-10-04T19:30Z,12,206,4.7,0.0,49.8,0.4,10.5,8.5,0.0,0.0,26.2
2023-10-04T19:30Z,13,134,2.1,0.0,32.9,0.6,3.9,16.5,0.0,0.0,44.0
2023-10-04T19:30Z,14,228,0.5,0.0,57.0,1.4,5.8,5.6,0.0,0.0,29.8
2023-10-04T19:30Z,15,89,4.6,0.0,20.5,0.6,10.3,19.4,0.0,0.0,44.6
2023-10-04T19:30Z,16,9,1.4,0.0,1.9,5.6,0.0,14.5,0.0,0.0,76.6
2023-10-04T19:30Z,17,104,0.3,0.0,26.2,1.7,0.0,3.4,0.0,0.0,68.4
2023-10-04T19:30Z,18,89,4.0,0.0,18.8,1.2,8.5,17.9,0.0,0.0,49.6
2023-10-04T20:00Z,1,0,0.0,0.0,0.0,13.1,0.0,0.0,0.0,0.0,86.9
2023-10-04T20:00Z,2,11,1.7,0.0,2.3,3.7,0.0,17.9,0.0,0.0,74.4
2023-10-04T20:00Z,3,3,0.3,0.0,0.7,0.7,7.3,44.6,0.0,0.0,46.5
2023-10-04T20:00Z,4,3,0.3,0.0,0.2,0.4,59.8,26.9,0.0,0.0,12.3
2023-10-04T20:00Z,5,109,22.2,0.0,20.7,0.1,9.6,6.7,0.0,0.0,40.6
2023-10-04T20:00Z,6,4,0.5,0.0,0.8,2.5,2.6,20.8,0.0,0.0,72.9
2023-10-04T20:00Z,7,142,0.9,0.0,35.6,0.6,2.4,11.0,0.0,0.0,49.5
2023-10-04T20:00Z,8,25,2.1,0.0,5.6,1.2,5.3,30.1,0.0,0.0,55.7
2023-10-04T20:00Z,9,160,12.7,0.0,36.7,0.1,5.5,3.8,0.0,0.0,41.2
2023-10-04T20:00Z,10,40,2.7,0.0,9.2,0.0,1.2,27.0,0.0,0.0,60.0
2023-10-04T20:00Z,11,225,3.8,0.0,55.2,0.3,7.4,6.5,0.0,0.1,26.7
2023-10-04T20:00Z,12,199,4.8,0.0,48.2,0.4,9.3,9.0,0.0,0.0,28.3
2023-10-04T20:00Z,13,123,2.1,0.0,30.3,0.5,3.9,17.1,0.0,0.0,46.0
2023-10-04T20:00Z,14,217,0.6,0.0,54.0,1.4,6.2,6.2,0.0,0.0,31.6
2023-10-04T20:00Z,15,82,4.3,0.0,19.0,0.7,9.6,20.2,0.0,0.0,46.2
2023-10-04T20:00Z,16,9,1.4,0.0,1.8,5.8,0.0,15.4,0.0,0.0,75.5
2023-10-04T20:00Z,17,66,0.4,0.0,16.6,2.6,0.0,3.8,0.0,0.0,76.5
2023-10-04T20:00Z,18,82,3.8,0.0,16.9,1.3,8.0,18.7,0.0,0.0,51.3
2023-10-04T20:30Z,1,0,0.0,0.0,0.0,12.9,0.0,0.0,0.0,0.0,87.1
2023-10-04T20:30Z,2,11,1.7,0.0,2.3,3.8,0.0,19.2,0.0,0.0,72.9
2023-10-04T20:30Z,3,6,0.3,0.0,1.4,0.6,7.2,44.2,0.0,0.0,46.2
2023-10-04T20:30Z,4,3,0.4,0.0,0.3,0.4,59.2,26.5,0.0,0.0,13.3
2023-10-04T20:30Z,5,108,22.1,0.0,20.7,0.1,9.8,6.6,0.0,0.0,40.7
2023-10-04T20:30Z,6,5,0.5,0.0,1.1,2.1,2.6,20.4,0.0,0.0,73.3
2023-10-04T20:30Z,7,138,0.9,0.0,34.8,0.5,2.3,13.0,0.0,0.0,48.5
2023-10-04T20:30Z,8,24,2.0,0.0,5.4,1.1,5.2,30.9,0.0,0.0,55.4
2023-10-04T20:30Z,9,155,13.0,0.0,35.3,0.1,5.8,3.9,0.0,0.0,42.0
2023-10-04T20:30Z,10,36,2.8,0.0,8.2,0.0,1.2,27.3,0.0,0.0,60.5
2023-10-04T20:30Z,11,244,3.6,0.0,60.7,0.2,3.2,6.4,0.0,0.0,26.0
2023-10-04T20:30Z,12,191,5.5,0.0,46.7,0.3,4.9,9.2,0.0,0.0,33.3
2023-10-04T20:30Z,13,115,2.4,0.0,28.5,0.5,1.3,17.6,0.0,0.0,49.6
2023-10-04T20:30Z,14,221,0.7,0.0,56.0,1.3,0.3,6.3,0.0,0.0,35.4
2023-10-04T20:30Z,15,82,4.4,0.0,19.1,0.6,8.2,20.2,0.0,0.0,47.5
2023-10-04T20:30Z,16,9,1.5,0.0,1.9,5.2,0.0,15.9,0.0,0.0,75.5
2023-10-04T20:30Z,17,73,0.4,0.0,18.4,2.8,0.0,4.2,0.0,0.0,74.1
2023-10-04T20:30Z,18,82,3.8,0.0,17.3,1.3,6.8,18.7,0.0,0.0,52.2
2023-10-04T21:00Z,1,0,0.0,0.0,0.0,12.3,0.0,0.0,0.0,0.0,87.7
2023-10-04T21:00Z,2,12,1.8,0.0,2.4,3.5,0.0,19.6,0.0,0.0,72.6
2023-10-04T21:00Z,3,10,0.3,0.0,2.4,0.6,7.4,44.3,0.0,0.0,45.0
2023-10-04T21:00Z,4,3,0.3,0.0,0.2,0.3,60.6,27.1,0.0,0.0,11.4
2023-10-04T21:00Z,5,112,20.6,0.0,22.2,0.1,9.9,6.8,0.0,0.0,40.5
2023-10-04T21:00Z,6,6,0.5,0.0,1.4,2.0,2.6,20.9,0.0,0.0,72.5
2023-10-04T21:00Z,7,133,0.9,0.0,33.5,0.5,2.5,13.4,0.0,0.0,49.2
2023-10-04T21:00Z,8,27,1.9,0.0,6.3,1.0,5.4,30.3,0.0,0.0,55.0
2023-10-04T21:00Z,9,157,12.2,0.0,36.2,0.1,5.9,3.8,0.0,0.0,41.9
2023-10-04T21:00Z,10,37,2.6,0.0,8.6,0.0,1.2,26.8,0.0,0.0,60.8
2023-10-04T21:00Z,11,244,3.4,0.0,60.5,0.2,4.0,6.3,0.0,0.3,25.3
2023-10-04T21:00Z,12,192,5.2,0.0,46.8,0.3,6.1,9.6,0.0,0.0,32.0
2023-10-04T21:00Z,13,107,2.3,0.0,26.5,0.4,1.6,18.5,0.0,0.0,50.6
2023-10-04T21:00Z,14,206,0.8,0.0,52.1,1.3,0.4,7.0,0.0,0.0,38.4
2023-10-04T21:00Z,15,84,3.9,0.0,20.0,0.6,8.4,20.5,0.0,0.0,46.6
2023-10-04T21:00Z,16,9,1.5,0.0,2.0,4.6,0.0,16.5,0.0,0.0,75.5
2023-10-04T21:00Z,17,71,0.4,0.0,17.8,3.6,0.0,4.5,0.0,0.0,73.6
2023-10-04T21:00Z,18,83,3.4,0.0,18.0,1.2,7.0,19.1,0.0,0.0,51.3
2023-10-04T21:30Z,1,0,0.0,0.0,0.0,12.1,0.0,0.0,0.0,0.0,87.9
2023-10-04T21:30Z,2,12,1.9,0.0,2.5,3.3,0.0,20.1,0.0,0.0,72.2
2023-10-04T21:30Z,3,10,0.3,0.0,2.5,0.5,7.6,45.1,0.0,0.0,44.0
2023-10-04T21:30Z,4,3,0.3,0.0,0.2,0.2,61.8,28.3,0.0,0.0,9.2
2023-10-04T21:30Z,5,110,19.4,0.0,21.8,0.1,10.3,6.9,0.0,0.0,41.5
2023-10-04T21:30Z,6,6,0.5,0.0,1.4,1.9,2.7,21.1,0.0,0.0,72.2
2023-10-04T21:30Z,7,139,0.9,0.0,35.1,0.4,2.5,13.7,0.0,0.0,47.4
2023-10-04T21:30Z,8,29,1.9,0.0,6.8,1.0,5.6,30.5,0.0,0.0,54.3
2023-10-04T21:30Z,9,157,11.2,0.0,36.5,0.0,5.9,3.9,0.0,0.0,42.5
2023-10-04T21:30Z,10,36,2.1,0.0,8.6,0.0,1.1,27.6,0.0,0.0,60.6
2023-10-04T21:30Z,11,268,2.6,0.0,67.2,0.2,2.4,6.2,0.0,0.0,21.4
2023-10-04T21:30Z,12,199,4.8,0.0,49.0,0.3,4.5,9.7,0.0,0.0,31.7
2023-10-04T21:30Z,13,102,2.0,0.0,25.4,0.4,1.4,19.0,0.0,0.0,51.8
2023-10-04T21:30Z,14,193,0.7,0.0,48.8,1.3,0.7,8.1,0.0,0.0,40.4
2023-10-04T21:30Z,15,79,3.9,0.0,18.7,0.5,8.2,21.3,0.0,0.0,47.5
2023-10-04T21:30Z,16,10,1.6,0.0,2.1,3.9,0.0,16.6,0.0,0.0,75.9
2023-10-04T21:30Z,17,64,0.4,0.0,16.1,3.9,0.0,4.7,0.0,0.0,74.9
2023-10-04T21:30Z,18,81,3.4,0.0,16.7,1.1,6.7,19.7,0.0,0.0,52.3
2023-10-04T22:00Z,1,0,0.0,0.0,0.0,12.2,0.0,0.0,0.0,0.0,87.8
2023-10-04T22:00Z,2,13,2.0,0.0,2.6,3.1,0.0,20.8,0.0,0.0,71.5
2023-10-04T22:00Z,3,12,0.3,0.0,2.8,0.4,7.8,45.9,0.0,0.0,42.7
2023-10-04T22:00Z,4,3,0.2,0.0,0.1,0.2,62.7,29.2,0.0,0.0,7.5
2023-10-04T22:00Z,5,108,18.7,0.0,21.7,0.1,10.4,7.0,0.0,0.0,42.1
2023-10-04T22:00Z,6,7,0.5,0.0,1.6,2.2,2.8,21.6,0.0,0.0,71.3
2023-10-04T22:00Z,7,142,0.8,0.0,35.8,0.4,2.5,13.7,0.0,0.0,46.6
2023-10-04T22:00Z,8,32,1.9,0.0,7.5,1.0,5.7,30.5,0.0,0.0,53.4
2023-10-04T22:00Z,9,159,10.4,0.0,37.2,0.0,5.8,3.9,0.0,0.0,42.6
2023-10-04T22:00Z,10,41,1.7,0.0,10.0,0.0,1.0,28.0,0.0,0.0,59.3
2023-10-04T22:00Z,11,271,2.5,0.0,68.0,0.2,2.3,5.8,0.0,0.1,21.2
2023-10-04T22:00Z,12,205,4.5,0.0,50.5,0.3,4.2,9.9,0.0,0.0,30.6
2023-10-04T22:00Z,13,104,1.7,0.0,25.9,0.4,1.1,19.9,0.0,0.0,51.0
2023-10-04T22:00Z,14,198,0.6,0.0,50.2,1.2,0.3,8.6,0.0,0.0,39.0
2023-10-04T22:00Z,15,95,3.6,0.0,22.8,0.5,7.9,21.2,0.0,0.0,44.0
2023-10-04T22:00Z,16,10,1.6,0.0,2.0,3.8,0.0,17.1,0.0,0.0,75.5
2023-10-04T22:00Z,17,65,0.4,0.0,16.3,4.4,0.0,4.7,0.0,0.0,74.1
2023-10-04T22:00Z,18,88,3.2,0.0,20.1,1.1,6.6,19.7,0.0,0.0,49.3
2023-10-04T22:30Z,1,1,0.0,0.0,0.2,11.5,0.0,0.0,0.0,0.0,88.3
2023-10-04T22:30Z,2,13,2.0,0.0,2.7,2.9,0.0,22.0,0.0,0.0,70.3
2023-10-04T22:30Z,3,12,0.3,0.0,3.0,0.4,6.1,47.0,0.0,0.0,43.2
2023-10-04T22:30Z,4,3,0.3,0.0,0.2,0.2,58.8,29.9,0.0,0.0,10.5
2023-10-04T22:30Z,5,111,19.4,0.0,22.1,0.0,8.3,6.7,0.0,0.0,43.4
2023-10-04T22:30Z,6,7,0.5,0.0,1.6,2.2,2.2,21.5,0.0,0.0,72.0
2023-10-04T22:30Z,7,153,0.8,0.0,38.5,0.4,1.9,13.4,0.0,0.0,45.0
2023-10-04T22:30Z,8,34,2.0,0.0,8.1,1.0,4.4,31.5,0.0,0.0,53.1
2023-10-04T22:30Z,9,162,10.4,0.0,37.9,0.0,4.5,3.9,0.0,0.0,43.2
2023-10-04T22:30Z,10,40,1.6,0.0,9.7,0.0,0.7,28.1,0.0,0.0,59.9
2023-10-04T22:30Z,11,272,2.4,0.0,68.1,0.1,3.5,5.5,0.0,0.0,20.4
2023-10-04T22:30Z,12,210,4.2,0.0,51.5,0.3,6.2,9.7,0.0,0.0,28.2
2023-10-04T22:30Z,13,103,1.7,0.0,25.4,0.4,1.5,20.0,0.0,0.0,51.0
2023-10-04T22:30Z,14,189,0.7,0.0,47.5,1.3,1.2,9.2,0.0,0.0,40.2
2023-10-04T22:30Z,15,98,3.7,0.0,23.4,0.4,7.2,21.3,0.0,0.0,44.0
2023-10-04T22:30Z,16,10,1.6,0.0,2.1,3.9,0.0,17.8,0.0,0.0,74.6
2023-10-04T22:30Z,17,69,0.4,0.0,17.4,3.9,0.0,4.5,0.0,0.0,73.8
2023-10-04T22:30Z,18,90,3.2,0.0,20.7,1.0,6.0,19.8,0.0,0.0,49.3
2023-10-04T23:00Z,1,2,0.0,0.0,0.6,10.7,0.0,0.0,0.0,0.0,88.7
2023-10-04T23:00Z,2,14,2.1,0.0,2.9,2.6,0.0,23.0,0.0,0.0,69.3
2023-10-04T23:00Z,3,13,0.3,0.0,3.1,0.3,6.6,48.1,0.0,0.0,41.6
2023-10-04T23:00Z,4,3,0.3,0.0,0.2,0.2,59.8,31.4,0.0,0.0,8.3
2023-10-04T23:00Z,5,102,20.5,0.0,19.5,0.0,9.1,6.9,0.0,0.0,43.9
2023-10-04T23:00Z,6,12,0.5,0.0,3.0,2.7,2.3,21.7,0.0,0.0,69.8
2023-10-04T23:00Z,7,164,0.8,0.0,41.3,0.4,1.9,13.0,0.0,0.0,42.6
2023-10-04T23:00Z,8,35,2.1,0.0,8.3,1.1,4.8,31.6,0.0,0.0,52.1
2023-10-04T23:00Z,9,158,11.1,0.0,36.6,0.0,4.9,3.8,0.0,0.0,43.7
2023-10-04T23:00Z,10,40,1.6,0.0,9.7,0.0,0.8,28.3,0.0,0.0,59.6
2023-10-04T23:00Z,11,270,2.5,0.0,67.2,0.1,4.6,4.8,0.0,0.0,20.7
2023-10-04T23:00Z,12,203,4.5,0.0,49.4,0.3,8.2,9.3,0.0,0.0,28.4
2023-10-04T23:00Z,13,100,1.7,0.0,24.7,0.4,1.6,20.6,0.0,0.0,50.9
2023-10-04T23:00Z,14,190,0.7,0.0,47.9,1.3,0.7,9.4,0.0,0.0,40.1
2023-10-04T23:00Z,15,106,3.5,0.0,25.5,0.4,8.3,21.3,0.0,0.0,41.0
2023-10-04T23:00Z,16,10,1.7,0.0,2.1,3.9,0.0,18.3,0.0,0.0,74.0
2023-10-04T23:00Z,17,70,0.4,0.0,17.8,3.7,0.0,4.4,0.0,0.0,73.7
2023-10-04T23:00Z,18,93,3.1,0.0,22.4,1.0,6.8,19.9,0.0,0.0,46.8
2023-10-04T23:30Z,1,4,0.0,0.0,1.1,10.6,0.0,0.0,0.0,0.0,88.4
2023-10-04T23:30Z,2,15,2.1,0.0,3.1,2.6,0.0,23.9,0.0,0.0,68.3
2023-10-04T23:30Z,3,10,0.3,0.0,2.3,0.3,5.9,49.3,0.0,0.0,41.9
2023-10-04T23:30Z,4,3,0.3,0.0,0.2,0.2,56.8,32.5,0.0,0.0,10.0
2023-10-04T23:30Z,5,103,21.4,0.0,19.6,0.0,8.1,6.6,0.0,0.0,44.3
2023-10-04T23:30Z,6,13,0.5,0.0,3.1,2.7,2.0,22.2,0.0,0.0,69.5
2023-10-04T23:30Z,7,166,0.8,0.0,41.9,0.4,1.6,12.6,0.0,0.0,42.7
2023-10-04T23:30Z,8,33,2.2,0.0,7.7,1.1,4.2,31.8,0.0,0.0,53.0
2023-10-04T23:30Z,9,152,11.9,0.0,34.9,0.0,4.5,3.6,0.0,0.0,45.2
2023-10-04T23:30Z,10,32,1.6,0.0,7.4,0.0,0.8,28.6,0.0,0.0,61.6
2023-10-04T23:30Z,11,289,2.1,0.0,72.4,0.1,3.1,4.6,0.0,0.0,17.7
2023-10-04T23:30Z,12,208,4.7,0.0,50.8,0.3,7.1,8.7,0.0,0.0,28.4
2023-10-04T23:30Z,13,99,1.7,0.0,24.3,0.4,1.5,20.5,0.0,0.0,51.6
2023-10-04T23:30Z,14,190,0.6,0.0,48.0,1.2,0.8,9.9,0.0,0.0,39.5
2023-10-04T23:30Z,15,109,4.1,0.0,26.0,0.3,8.0,20.8,0.0,0.0,40.8
2023-10-04T23:30Z,16,11,1.8,0.0,2.2,3.8,0.0,18.9,0.0,0.0,73.4
2023-10-04T23:30Z,17,76,0.4,0.0,19.1,3.8,0.0,4.1,0.0,0.0,72.6
2023-10-04T23:30Z,18,94,3.6,0.0,22.8,1.0,6.6,19.5,0.0,0.0,46.5
2023-10-05T00:00Z,1,2,0.0,0.0,0.5,10.6,0.0,0.0,0.0,0.0,88.9
2023-10-05T00:00Z,2,15,2.2,0.0,3.1,2.5,0.0,24.6,0.0,0.0,67.6
2023-10-05T00:00Z,3,10,0.3,0.0,2.4,0.3,5.2,50.5,0.0,0.0,41.3
2023-10-05T00:00Z,4,3,0.3,0.0,0.2,0.2,55.5,33.9,0.0,0.0,9.9
2023-10-05T00:00Z,5,109,22.3,0.0,20.8,0.0,6.8,6.1,0.0,0.0,43.9
2023-10-05T00:00Z,6,13,0.5,0.0,3.1,3.3,1.8,22.2,0.0,0.0,69.1
2023-10-05T00:00Z,7,170,0.9,0.0,42.9,0.5,1.4,12.3,0.0,0.0,42.0
2023-10-05T00:00Z,8,38,2.3,0.0,8.8,1.3,3.7,32.3,0.0,0.0,51.5
2023-10-05T00:00Z,9,163,11.7,0.0,37.9,0.0,3.6,3.3,0.0,0.0,43.5
2023-10-05T00:00Z,10,31,1.5,0.0,7.2,0.0,0.6,29.1,0.0,0.0,61.6
2023-10-05T00:00Z,11,298,2.1,0.0,74.6,0.1,3.3,3.6,0.0,0.0,16.3
2023-10-05T00:00Z,12,225,4.5,0.0,55.0,0.3,7.2,8.0,0.0,0.0,25.1
2023-10-05T00:00Z,13,101,1.5,0.0,24.9,0.4,1.2,21.1,0.0,0.0,50.8
2023-10-05T00:00Z,14,198,0.5,0.0,49.9,1.2,0.3,9.6,0.0,0.0,38.5
2023-10-05T00:00Z,15,112,4.8,0.0,26.4,0.3,7.3,20.7,0.0,0.0,40.5
2023-10-05T00:00Z,16,11,1.8,0.0,2.3,3.6,0.0,19.4,0.0,0.0,72.8
2023-10-05T00:00Z,17,78,0.4,0.0,19.6,3.6,0.0,3.9,0.0,0.0,72.5
2023-10-05T00:00Z,18,98,4.1,0.0,23.2,0.9,6.0,19.5,0.0,0.0,46.2
2023-10-05T00:30Z,1,0,0.0,0.0,0.0,10.8,0.0,0.0,0.0,0.0,89.2
2023-10-05T00:30Z,2,15,2.3,0.0,3.2,2.5,0.0,25.8,0.0,0.0,66.2
2023-10-05T00:30Z,3,11,0.3,0.0,2.7,0.3,5.3,51.4,0.0,0.0,40.1
2023-10-05T00:30Z,4,3,0.3,0.0,0.2,0.1,56.2,35.1,0.0,0.0,8.2
2023-10-05T00:30Z,5,107,23.7,0.0,19.9,0.0,6.8,6.1,0.0,0.0,43.5
2023-10-05T00:30Z,6,15,0.5,0.0,3.6,3.9,1.9,22.8,0.0,0.0,67.4
2023-10-05T00:30Z,7,184,0.8,0.0,46.3,0.5,1.3,11.8,0.0,0.0,39.2
2023-10-05T00:30Z,8,38,2.5,0.0,8.8,1.5,3.8,33.1,0.0,0.0,50.3
2023-10-05T00:30Z,9,160,12.7,0.0,36.6,0.0,3.7,3.3,0.0,0.0,43.7
2023-10-05T00:30Z,10,34,1.6,0.0,7.9,0.0,0.6,29.3,0.0,0.0,60.5
2023-10-05T00:30Z,11,304,2.0,0.0,76.1,0.1,3.3,3.2,0.0,0.0,15.3
2023-10-05T00:30Z,12,220,4.9,0.0,53.5,0.3,8.0,7.7,0.0,0.0,25.6
2023-10-05T00:30Z,13,104,1.7,0.0,25.6,0.4,1.4,21.0,0.0,0.0,50.0
2023-10-05T00:30Z,14,203,0.5,0.0,51.2,1.1,0.4,9.3,0.0,0.0,37.4
2023-10-05T00:30Z,15,118,4.6,0.0,28.1,0.3,7.0,20.9,0.0,0.0,39.2
2023-10-05T00:30Z,16,12,1.9,0.0,2.4,3.5,0.0,20.4,0.0,0.0,71.8
2023-10-05T00:30Z,17,80,0.3,0.0,20.1,3.6,0.0,3.9,0.0,0.0,72.0
2023-10-05T00:30Z,18,101,4.1,0.0,24.6,0.9,5.7,19.7,0.0,0.0,45.0
2023-10-05T01:00Z,1,0,0.0,0.0,0.0,11.2,0.0,0.0,0.0,0.0,88.8
2023-10-05T01:00Z,2,16,2.4,0.0,3.4,2.4,0.0,26.9,0.0,0.0,65.0
2023-10-05T01:00Z,3,10,0.2,0.0,2.4,0.2,5.2,53.1,0.0,0.0,38.9
2023-10-05T01:00Z,4,2,0.2,0.0,0.1,0.1,56.2,36.5,0.0,0.0,6.9
2023-10-05T01:00Z,5,112,26.3,0.0,20.5,0.0,5.7,5.6,0.0,0.0,41.9
2023-10-05T01:00Z,6,17,0.5,0.0,4.2,4.6,1.8,23.3,0.0,0.0,65.5
2023-10-05T01:00Z,7,177,1.1,0.0,44.6,0.6,1.4,12.0,0.0,0.0,40.3
2023-10-05T01:00Z,8,43,3.0,0.0,10.0,1.7,3.6,33.4,0.0,0.0,48.3
2023-10-05T01:00Z,9,167,13.9,0.0,38.3,0.0,3.0,3.0,0.0,0.0,41.8
2023-10-05T01:00Z,10,33,1.5,0.0,7.8,0.0,0.4,29.7,0.0,0.0,60.6
2023-10-05T01:00Z,11,321,1.6,0.0,80.6,0.1,3.0,2.5,0.0,0.0,12.2
2023-10-05T01:00Z,12,224,5.2,0.0,54.0,0.3,9.8,7.3,0.0,0.0,23.4
2023-10-05T01:00Z,13,110,1.5,0.0,27.2,0.4,2.2,21.2,0.0,0.0,47.4
2023-10-05T01:00Z,14,212,0.4,0.0,53.4,1.1,3.2,9.2,0.0,0.0,32.7
2023-10-05T01:00Z,15,121,4.9,0.0,28.6,0.2,7.0,21.2,0.0,0.0,38.0
2023-10-05T01:00Z,16,12,1.9,0.0,2.5,3.7,0.0,21.5,0.0,0.0,70.4
2023-10-05T01:00Z,17,91,0.3,0.0,22.9,3.3,0.0,3.8,0.0,0.0,69.6
2023-10-05T01:00Z,18,104,4.3,0.0,25.3,0.8,5.8,20.1,0.0,0.0,43.7
2023-10-05T01:30Z,1,0,0.0,0.0,0.0,11.8,0.0,0.0,0.0,0.0,88.2
2023-10-05T01:30Z,2,17,2.5,0.0,3.5,2.3,0.0,28.2,0.0,0.0,63.4
2023-10-05T01:30Z,3,12,0.2,0.0,3.0,0.2,5.7,53.6,0.0,0.0,37.2
2023-10-05T01:30Z,4,2,0.2,0.0,0.0,0.0,58.4,36.3,0.0,0.0,5.1
2023-10-05T01:30Z,5,115,24.8,0.0,21.5,0.0,6.5,5.4,0.0,0.0,41.8
2023-10-05T01:30Z,6,20,0.5,0.0,4.9,4.8,2.0,23.9,0.0,0.0,63.8
2023-10-05T01:30Z,7,200,0.9,0.0,50.5,0.6,1.3,11.5,0.0,0.0,35.3
2023-10-05T01:30Z,8,43,2.9,0.0,9.9,1.7,4.1,33.9,0.0,0.0,47.5
2023-10-05T01:30Z,9,160,13.7,0.0,36.3,0.0,3.6,2.9,0.0,0.0,43.4
2023-10-05T01:30Z,10,31,1.3,0.0,7.5,0.0,0.3,31.0,0.0,0.0,59.9
2023-10-05T01:30Z,11,332,1.1,0.0,83.7,0.1,2.8,2.2,0.0,0.0,10.2
2023-10-05T01:30Z,12,226,4.8,0.0,54.5,0.3,12.2,6.6,0.0,0.0,21.6
2023-10-05T01:30Z,13,112,1.4,0.0,27.8,0.4,2.5,21.0,0.0,0.0,47.0
2023-10-05T01:30Z,14,216,0.4,0.0,54.3,1.1,3.1,8.8,0.0,0.0,32.4
2023-10-05T01:30Z,15,126,4.8,0.0,30.0,0.2,7.0,21.4,0.0,0.0,36.5
2023-10-05T01:30Z,16,13,2.0,0.0,2.6,3.9,0.0,22.3,0.0,0.0,69.1
2023-10-05T01:30Z,17,95,0.3,0.0,24.0,3.1,0.0,3.6,0.0,0.0,69.0
2023-10-05T01:30Z,18,106,4.2,0.0,26.5,0.8,5.7,20.4,0.0,0.0,42.4
2023-10-05T02:00Z,1,0,0.0,0.0,0.0,13.5,0.0,0.0,0.0,0.0,86.5
2023-10-05T02:00Z,2,18,2.8,0.0,3.6,2.3,0.7,29.3,0.0,0.0,61.3
2023-10-05T02:00Z,3,13,0.2,0.0,3.2,0.2,5.8,54.8,0.0,0.0,35.7
2023-10-05T02:00Z,4,2,0.2,0.0,0.0,0.0,59.4,35.6,0.0,0.0,4.8
2023-10-05T02:00Z,5,117,25.7,0.0,21.7,0.0,6.0,5.3,0.0,0.0,41.2
2023-10-05T02:00Z,6,21,0.5,0.0,5.1,5.0,2.2,24.4,0.0,0.0,62.7
2023-10-05T02:00Z,7,200,1.0,0.0,50.3,0.6,1.3,11.6,0.0,0.0,35.3
2023-10-05T02:00Z,8,48,3.1,0.0,11.2,1.7,4.1,34.1,0.0,0.0,45.7
2023-10-05T02:00Z,9,169,13.6,0.0,38.8,0.0,3.2,2.9,0.0,0.0,41.5
2023-10-05T02:00Z,10,38,1.2,0.0,9.3,0.0,0.3,31.1,0.0,0.0,58.1
2023-10-05T02:00Z,11,344,0.8,0.0,86.8,0.0,2.1,1.6,0.0,0.2,8.5
2023-10-05T02:00Z,12,232,4.8,0.0,56.0,0.2,12.4,6.2,0.0,0.0,20.3
2023-10-05T02:00Z,13,117,1.3,0.0,29.1,0.4,2.6,21.2,0.0,0.0,45.4
2023-10-05T02:00Z,14,220,0.3,0.0,55.3,1.1,3.3,8.5,0.0,0.0,31.4
2023-10-05T02:00Z,15,130,4.8,0.0,31.1,0.2,6.9,21.4,0.0,0.0,35.6
2023-10-05T02:00Z,16,13,2.1,0.0,2.7,4.4,0.0,22.8,0.0,0.0,68.0
2023-10-05T02:00Z,17,94,0.3,0.0,23.7,3.5,0.0,3.4,0.0,0.0,69.2
2023-10-05T02:00Z,18,110,4.2,0.0,27.2,0.9,5.6,20.4,0.0,0.0,41.6
2023-10-05T02:30Z,1,1,0.0,0.0,0.3,14.6,0.0,0.0,0.0,0.0,85.2
2023-10-05T02:30Z,2,18,2.9,0.0,3.8,2.2,3.2,30.9,0.0,0.0,57.0
2023-10-05T02:30Z,3,13,0.2,0.0,3.1,0.2,8.3,55.7,0.0,0.0,32.6
2023-10-05T02:30Z,4,2,0.1,0.0,0.0,0.0,62.4,34.0,0.0,0.0,3.5
2023-10-05T02:30Z,5,116,24.1,0.0,22.1,0.0,8.7,5.2,0.0,0.0,39.9
2023-10-05T02:30Z,6,24,0.5,0.0,5.9,5.3,3.6,25.3,0.0,0.0,59.4
2023-10-05T02:30Z,7,193,1.0,0.0,48.7,0.6,2.0,12.1,0.0,0.0,35.6
2023-10-05T02:30Z,8,47,2.9,0.0,11.1,1.8,6.0,35.2,0.0,0.0,43.0
2023-10-05T02:30Z,9,168,13.0,0.0,38.6,0.0,4.7,2.8,0.0,0.0,40.9
2023-10-05T02:30Z,10,39,1.2,0.0,9.5,0.0,0.4,31.4,0.0,0.0,57.4
2023-10-05T02:30Z,11,345,0.7,0.0,87.0,0.0,2.8,1.2,0.0,0.0,8.3
2023-10-05T02:30Z,12,238,4.1,0.0,57.4,0.2,15.9,5.6,0.0,0.0,16.8
2023-10-05T02:30Z,13,127,1.2,0.0,31.5,0.4,3.5,20.9,0.0,0.0,42.4
2023-10-05T02:30Z,14,229,0.3,0.0,57.5,1.1,3.9,8.1,0.0,0.0,29.1
2023-10-05T02:30Z,15,130,4.6,0.0,30.9,0.2,9.9,21.7,0.0,0.0,32.7
2023-10-05T02:30Z,16,15,2.3,0.0,3.0,4.7,0.0,23.3,0.0,0.0,66.7
2023-10-05T02:30Z,17,107,0.3,0.0,27.1,4.2,0.1,3.2,0.0,0.0,65.2
2023-10-05T02:30Z,18,111,4.0,0.0,27.3,1.0,8.1,20.7,0.0,0.0,39.0
2023-10-05T03:00Z,1,2,0.0,0.0,0.5,16.6,0.0,0.0,0.0,0.0,83.0
2023-10-05T03:00Z,2,19,2.9,0.0,3.8,2.0,3.4,32.1,0.0,0.0,55.8
2023-10-05T03:00Z,3,12,0.2,0.0,2.9,0.1,9.0,56.2,0.0,0.0,31.5
2023-10-05T03:00Z,4,2,0.1,0.0,0.0,0.0,64.0,32.7,0.0,0.0,3.2
2023-10-05T03:00Z,5,111,25.3,0.0,20.5,0.0,9.5,5.2,0.0,0.0,39.5
2023-10-05T03:00Z,6,15,0.6,0.0,3.5,5.0,4.0,26.6,0.0,0.0,60.3
2023-10-05T03:00Z,7,190,1.1,0.0,47.9,0.6,2.4,12.3,0.0,0.0,35.6
2023-10-05T03:00Z,8,45,3.0,0.0,10.4,1.7,6.6,35.9,0.0,0.0,42.5
2023-10-05T03:00Z,9,170,13.4,0.0,39.1,0.0,5.0,2.8,0.0,0.0,39.8
2023-10-05T03:00Z,10,42,1.3,0.0,10.3,0.0,0.5,32.0,0.0,0.0,55.9
2023-10-05T03:00Z,11,352,0.5,0.0,88.8,0.0,2.1,1.0,0.0,0.3,7.3
2023-10-05T03:00Z,12,236,4.4,0.0,56.5,0.2,16.6,5.4,0.0,0.0,16.9
2023-10-05T03:00Z,13,130,1.3,0.0,32.2,0.4,3.6,20.8,0.0,0.0,41.7
2023-10-05T03:00Z,14,234,0.3,0.0,58.8,1.1,3.8,7.9,0.0,0.0,28.1
2023-10-05T03:00Z,15,136,4.4,0.0,32.6,0.1,10.2,21.6,0.0,0.0,31.2
2023-10-05T03:00Z,16,15,2.3,0.0,3.0,5.1,0.0,24.3,0.0,0.0,65.4
2023-10-05T03:00Z,17,108,0.3,0.0,27.3,4.7,0.3,3.0,0.0,0.0,64.4
2023-10-05T03:00Z,18,114,3.9,0.0,28.7,1.0,8.3,20.7,0.0,0.0,37.4
2023-10-05T03:30Z,1,2,0.0,0.0,0.5,17.1,0.0,0.0,0.0,0.0,82.3
2023-10-05T03:30Z,2,19,2.9,0.0,3.9,1.8,4.3,32.8,0.0,0.0,54.4
2023-10-05T03:30Z,3,13,0.2,0.0,3.0,0.1,9.7,56.8,0.0,0.0,30.2
2023-10-05T03:30Z,4,2,0.1,0.0,0.0,0.0,65.3,31.6,0.0,0.0,3.0
2023-10-05T03:30Z,5,117,27.7,0.0,21.2,0.0,9.0,4.9,0.0,0.0,37.1
2023-10-05T03:30Z,6,17,0.6,0.0,4.2,4.2,4.4,27.5,0.0,0.0,59.2
2023-10-05T03:30Z,7,190,1.3,0.0,47.9,0.5,2.7,12.9,0.0,0.0,34.7
2023-10-05T03:30Z,8,50,3.4,0.0,11.6,1.4,6.9,36.0,0.0,0.0,40.8
2023-10-05T03:30Z,9,180,14.4,0.0,41.3,0.0,4.7,2.6,0.0,0.0,37.1
2023-10-05T03:30Z,10,45,1.4,0.0,10.9,0.0,0.5,32.7,0.0,0.0,54.5
2023-10-05T03:30Z,11,343,0.9,0.0,86.5,0.0,3.2,0.9,0.0,0.0,8.5
2023-10-05T03:30Z,12,246,4.6,0.0,59.3,0.2,15.4,4.9,0.0,0.0,15.7
2023-10-05T03:30Z,13,138,1.4,0.0,34.1,0.4,3.2,20.6,0.0,0.0,40.3
2023-10-05T03:30Z,14,243,0.3,0.0,61.0,1.1,3.5,7.9,0.0,0.0,26.2
2023-10-05T03:30Z,15,134,4.4,0.0,32.0,0.1,11.4,21.7,0.0,0.0,30.3
2023-10-05T03:30Z,16,15,2.3,0.0,3.2,5.3,0.0,24.9,0.0,0.0,64.3
2023-10-05T03:30Z,17,116,0.3,0.0,29.3,4.5,0.3,2.6,0.0,0.0,63.0
2023-10-05T03:30Z,18,115,3.9,0.0,28.3,1.0,9.3,20.9,0.0,0.0,36.5
2023-10-05T04:00Z,1,5,0.0,0.0,1.2,17.9,0.0,0.0,0.0,0.0,80.9
2023-10-05T04:00Z,2,19,3.0,0.0,3.9,1.7,5.0,33.9,0.0,0.0,52.6
2023-10-05T04:00Z,3,13,0.2,0.0,3.2,0.1,10.6,56.9,0.0,0.0,29.0
2023-10-05T04:00Z,4,2,0.1,0.0,0.0,0.0,67.2,30.0,0.0,0.0,2.7
2023-10-05T04:00Z,5,118,31.3,0.0,20.3,0.0,9.6,4.7,0.0,0.0,34.2
2023-10-05T04:00Z,6,21,0.6,0.0,5.1,2.8,5.1,28.6,0.0,0.0,57.9
2023-10-05T04:00Z,7,195,1.5,0.0,48.9,0.4,3.0,11.6,0.0,0.0,34.5
2023-10-05T04:00Z,8,51,3.8,0.0,11.8,0.9,7.6,36.7,0.0,0.0,39.1
2023-10-05T04:00Z,9,183,16.6,0.0,41.3,0.0,5.1,2.4,0.0,0.0,34.7
2023-10-05T04:00Z,10,47,2.0,0.0,11.4,0.0,0.6,32.7,0.0,0.0,53.2
2023-10-05T04:00Z,11,342,1.2,0.0,85.9,0.0,3.5,1.0,0.0,0.0,8.4
2023-10-05T04:00Z,12,239,5.5,0.0,57.1,0.1,16.7,5.1,0.0,0.0,15.5
2023-10-05T04:00Z,13,140,1.9,0.0,34.6,0.4,3.7,20.4,0.0,0.0,39.0
2023-10-05T04:00Z,14,246,0.5,0.0,61.7,1.1,4.0,7.5,0.0,0.0,25.3
2023-10-05T04:00Z,15,138,4.4,0.0,33.0,0.2,11.6,21.3,0.0,0.0,29.4
2023-10-05T04:00Z,16,15,2.3,0.0,3.0,5.6,0.0,25.3,0.0,0.0,63.7
2023-10-05T04:00Z,17,128,0.2,0.0,32.3,3.9,0.2,2.0,0.0,0.0,61.4
2023-10-05T04:00Z,18,118,3.9,0.0,29.4,1.1,9.5,20.6,0.0,0.0,35.5
2023-10-05T04:30Z,1,6,0.0,0.0,1.6,22.0,0.0,0.0,0.0,0.0,76.5
2023-10-05T04:30Z,2,19,3.0,0.0,4.0,1.9,5.3,33.7,0.0,0.0,52.1
2023-10-05T04:30Z,3,13,0.2,0.0,3.2,0.1,11.1,56.5,0.0,0.0,28.8
2023-10-05T04:30Z,4,2,0.1,0.0,0.0,0.0,68.1,29.2,0.0,0.0,2.6
2023-10-05T04:30Z,5,126,33.2,0.0,21.8,0.0,9.3,4.0,0.0,0.0,31.8
2023-10-05T04:30Z,6,24,0.6,0.0,6.0,3.0,5.4,28.7,0.0,0.0,56.4
2023-10-05T04:30Z,7,206,1.6,0.0,51.9,0.2,3.1,9.4,0.0,0.0,33.8
2023-10-05T04:30Z,8,56,4.1,0.0,12.9,1.0,8.0,35.7,0.0,0.0,38.3
2023-10-05T04:30Z,9,191,17.4,0.0,43.2,0.0,4.9,2.1,0.0,0.0,32.4
2023-10-05T04:30Z,10,55,2.5,0.0,13.2,0.0,0.8,31.1,0.0,0.0,52.5
2023-10-05T04:30Z,11,353,0.8,0.0,89.0,0.0,2.3,1.0,0.0,0.0,6.9
2023-10-05T04:30Z,12,249,5.7,0.0,59.5,0.1,15.9,4.9,0.0,0.0,13.9
2023-10-05T04:30Z,13,145,2.3,0.0,35.6,0.4,4.8,19.8,0.0,0.0,37.1
2023-10-05T04:30Z,14,243,0.6,0.0,60.6,1.1,6.5,6.7,0.0,0.0,24.5
2023-10-05T04:30Z,15,133,5.3,0.0,31.6,0.2,11.9,21.2,0.0,0.0,29.7
2023-10-05T04:30Z,16,24,2.4,0.0,5.4,6.6,0.0,24.8,0.0,0.0,60.8
2023-10-05T04:30Z,17,161,0.1,0.0,40.9,3.7,0.0,1.5,0.0,0.0,53.8
2023-10-05T04:30Z,18,121,4.6,0.0,29.0,1.2,9.8,20.4,0.0,0.0,34.9
2023-10-05T05:00Z,1,8,0.0,0.0,2.0,25.2,0.0,0.1,0.0,0.0,72.7
2023-10-05T05:00Z,2,20,3.1,0.0,4.1,1.8,6.1,33.8,0.0,0.0,51.0
2023-10-05T05:00Z,3,11,0.2,0.0,2.7,0.1,10.5,58.1,0.0,0.0,28.4
2023-10-05T05:00Z,4,2,0.1,0.0,0.0,0.0,69.6,27.7,0.0,0.0,2.5
2023-10-05T05:00Z,5,138,34.6,0.0,24.3,0.0,8.0,3.3,0.0,0.0,29.7
2023-10-05T05:00Z,6,33,0.6,0.0,8.1,3.6,5.4,28.3,0.0,0.0,54.0
2023-10-05T05:00Z,7,307,0.0,0.0,78.0,0.1,0.0,5.8,0.0,0.0,16.0
2023-10-05T05:00Z,8,70,4.2,0.0,16.4,1.0,7.8,33.2,0.0,0.0,37.4
2023-10-05T05:00Z,9,222,16.2,0.0,51.3,0.0,3.8,1.6,0.0,0.0,27.1
2023-10-05T05:00Z,10,76,2.6,0.0,18.0,0.0,0.9,30.6,0.0,0.0,48.0
2023-10-05T05:00Z,11,346,1.4,0.0,87.0,0.0,2.7,0.9,0.0,0.0,7.9
2023-10-05T05:00Z,12,259,6.2,0.0,62.6,0.1,11.9,3.8,0.0,0.0,15.4
2023-10-05T05:00Z,13,148,2.3,0.0,35.9,0.4,6.6,18.3,0.0,0.0,36.5
2023-10-05T05:00Z,14,224,0.6,0.0,54.7,1.1,13.6,6.2,0.0,0.0,23.7
2023-10-05T05:00Z,15,144,5.2,0.0,34.1,0.4,12.4,20.2,0.0,0.0,27.8
2023-10-05T05:00Z,16,32,2.3,0.0,7.3,7.4,0.0,23.7,0.0,0.0,59.3
2023-10-05T05:00Z,17,217,0.0,0.0,55.1,4.1,0.0,0.9,0.0,0.0,39.8
2023-10-05T05:00Z,18,134,4.5,0.0,32.2,1.4,10.1,19.4,0.0,0.0,32.3
2023-10-05T05:30Z,1,12,0.0,0.0,3.0,30.5,0.0,0.3,0.0,0.0,66.2
2023-10-05T05:30Z,2,21,3.1,0.0,4.2,1.3,8.3,33.9,0.0,0.0,49.3
2023-10-05T05:30Z,3,19,0.9,0.0,4.5,0.0,10.4,55.8,0.0,0.0,28.5
2023-10-05T05:30Z,4,2,0.1,0.0,0.0,0.0,70.1,27.3,0.0,0.0,2.5
2023-10-05T05:30Z,5,156,34.4,0.0,29.1,0.0,6.0,2.8,0.0,0.0,27.7
2023-10-05T05:30Z,6,37,0.8,0.0,9.0,4.1,5.7,26.9,0.0,0.0,53.5
2023-10-05T05:30Z,7,333,0.0,0.0,84.5,0.0,0.0,3.7,0.0,0.0,11.7
2023-10-05T05:30Z,8,114,4.4,0.0,27.6,1.0,6.2,30.1,0.0,0.0,30.8
2023-10-05T05:30Z,9,241,14.9,0.0,56.6,0.0,2.6,1.3,0.0,0.0,24.5
2023-10-05T05:30Z,10,95,2.0,0.0,23.5,0.0,0.4,28.6,0.0,0.0,45.6
2023-10-05T05:30Z,11,344,1.4,0.0,86.4,0.0,4.3,0.8,0.0,0.0,7.2
2023-10-05T05:30Z,12,271,4.8,0.0,65.6,0.2,15.1,3.3,0.0,0.0,11.1
2023-10-05T05:30Z,13,167,1.6,0.0,40.6,0.5,9.0,17.4,0.0,0.0,30.9
2023-10-05T05:30Z,14,232,0.3,0.0,56.3,1.2,18.4,5.7,0.0,0.0,18.2
2023-10-05T05:30Z,15,147,5.5,0.0,34.7,0.4,12.6,19.0,0.0,0.0,27.8
2023-10-05T05:30Z,16,39,2.2,0.0,9.2,9.2,0.0,23.7,0.0,0.0,55.8
2023-10-05T05:30Z,17,248,0.0,0.0,62.9,4.6,0.0,0.5,0.0,0.0,32.0
2023-10-05T05:30Z,18,144,4.8,0.0,33.6,1.7,10.4,18.4,0.0,0.0,31.2
2023-10-05T06:00Z,1,9,0.0,0.0,2.3,31.8,0.1,0.4,0.0,0.0,65.4
2023-10-05T06:00Z,2,21,3.2,0.0,4.2,0.5,9.5,35.8,0.0,0.1,46.8
2023-10-05T06:00Z,3,22,1.4,0.0,5.0,0.0,9.9,55.0,0.0,0.1,28.6
2023-10-05T06:00Z,4,2,0.1,0.0,0.0,0.0,70.1,27.2,0.0,0.2,2.4
2023-10-05T06:00Z,5,163,36.4,0.0,30.2,0.0,4.8,2.4,0.0,0.1,26.2
2023-10-05T06:00Z,6,48,1.0,0.0,11.9,4.2,5.3,27.2,0.0,0.2,50.2
2023-10-05T06:00Z,7,345,0.0,0.0,87.5,0.0,0.0,1.8,0.0,0.2,10.5
2023-10-05T06:00Z,8,134,4.4,0.0,32.7,0.8,5.2,28.6,0.0,0.3,27.8
2023-10-05T06:00Z,9,257,13.9,0.0,60.9,0.0,1.8,1.1,0.0,0.2,22.1
2023-10-05T06:00Z,10,118,1.6,0.0,25.9,0.0,3.2,27.8,0.0,0.5,41.0
2023-10-05T06:00Z,11,331,1.5,0.0,82.6,0.0,7.1,0.6,0.0,1.5,6.7
2023-10-05T06:00Z,12,284,3.5,0.0,68.8,0.1,16.9,2.9,0.0,0.6,7.2
2023-10-05T06:00Z,13,179,1.3,0.0,41.7,0.5,11.7,16.8,0.0,0.5,27.6
2023-10-05T06:00Z,14,228,0.2,0.0,54.4,1.2,21.3,5.4,0.0,0.6,16.8
2023-10-05T06:00Z,15,165,5.9,0.0,38.8,0.4,12.4,18.6,0.0,0.3,23.5
2023-10-05T06:00Z,16,44,2.1,0.0,10.6,9.4,0.0,22.6,0.0,0.1,55.3
2023-10-05T06:00Z,17,260,0.0,0.0,66.1,4.6,0.0,0.2,0.0,0.2,29.0
2023-10-05T06:00Z,18,156,5.1,0.0,37.2,1.7,10.2,18.0,0.0,0.3,27.5
2023-10-05T06:30Z,1,10,0.1,0.0,2.6,34.2,0.4,0.4,0.0,0.0,62.2
2023-10-05T06:30Z,2,21,3.2,0.0,4.2,0.0,9.6,36.9,0.0,0.2,45.9
2023-10-05T06:30Z,3,26,1.2,0.0,6.2,0.0,8.9,55.6,0.0,0.1,28.0
2023-10-05T06:30Z,4,2,0.1,0.0,0.0,0.0,70.0,27.4,0.0,0.2,2.3
2023-10-05T06:30Z,5,174,34.3,0.0,33.7,0.0,4.6,2.2,0.0,0.2,25.1
2023-10-05T06:30Z,6,71,0.8,0.0,17.8,4.1,4.6,26.3,0.0,0.5,45.8
2023-10-05T06:30Z,7,352,0.0,0.0,89.4,0.0,0.0,0.0,0.0,0.5,10.1
2023-10-05T06:30Z,8,150,3.7,0.0,36.8,0.8,4.6,27.5,0.0,0.6,25.9
2023-10-05T06:30Z,9,271,11.9,0.0,65.1,0.0,1.6,0.9,0.0,0.6,19.9
2023-10-05T06:30Z,10,125,1.5,0.0,28.1,0.0,2.8,27.8,0.0,1.3,38.4
2023-10-05T06:30Z,11,345,0.7,0.0,86.8,0.0,3.4,0.5,0.0,3.9,4.6
2023-10-05T06:30Z,12,293,3.1,0.0,71.6,0.1,15.0,2.2,0.0,1.6,6.5
2023-10-05T06:30Z,13,184,1.3,0.0,43.1,0.5,12.0,15.8,0.0,1.4,25.8
2023-10-05T06:30Z,14,222,0.2,0.0,52.7,1.2,23.5,4.6,0.0,1.5,16.2
2023-10-05T06:30Z,15,167,6.0,0.0,39.0,0.3,12.1,18.4,0.0,1.1,23.1
2023-10-05T06:30Z,16,46,2.1,0.0,11.0,9.8,0.0,22.6,0.0,0.2,54.3
2023-10-05T06:30Z,17,269,0.0,0.0,68.2,4.0,0.0,0.0,0.0,0.5,27.3
2023-10-05T06:30Z,18,162,5.2,0.0,37.6,1.7,10.0,17.8,0.0,0.9,26.9
2023-10-05T07:00Z,1,20,0.0,0.0,5.1,34.0,0.1,0.5,0.0,0.0,60.3
2023-10-05T07:00Z,2,21,3.1,0.0,4.2,0.0,9.7,36.4,0.0,0.5,46.1
2023-10-05T07:00Z,3,24,0.9,0.0,5.7,0.0,8.8,56.3,0.0,0.2,28.2
2023-10-05T07:00Z,4,2,0.1,0.0,0.0,0.0,69.2,28.0,0.0,0.4,2.3
2023-10-05T07:00Z,5,179,32.3,0.0,35.5,0.0,5.1,2.1,0.0,0.4,24.6
2023-10-05T07:00Z,6,83,0.6,0.0,20.9,3.4,4.4,25.9,0.0,1.2,43.6
2023-10-05T07:00Z,7,350,0.0,0.0,88.7,0.0,0.0,0.0,0.0,1.1,10.2
2023-10-05T07:00Z,8,153,3.2,0.0,37.9,0.6,4.6,26.4,0.0,1.4,25.9
2023-10-05T07:00Z,9,271,11.0,0.0,65.5,0.0,1.7,0.7,0.0,1.3,19.8
2023-10-05T07:00Z,10,126,1.3,0.0,28.0,0.0,3.1,27.8,0.0,2.8,37.1
2023-10-05T07:00Z,11,331,0.5,0.0,83.4,0.0,3.1,0.3,0.0,8.5,4.1
2023-10-05T07:00Z,12,289,2.5,0.0,70.5,0.1,16.5,1.3,0.0,3.3,5.7
2023-10-05T07:00Z,13,187,1.0,0.0,43.7,0.4,12.8,15.0,0.0,2.9,24.2
2023-10-05T07:00Z,14,227,0.2,0.0,53.8,1.1,23.8,3.6,0.0,2.9,14.6
2023-10-05T07:00Z,15,163,6.2,0.0,38.3,0.3,12.0,18.4,0.0,2.3,22.4
2023-10-05T07:00Z,16,42,2.2,0.0,9.9,10.0,0.0,22.6,0.0,0.4,54.9
2023-10-05T07:00Z,17,265,0.0,0.0,67.2,3.2,0.0,0.0,0.0,1.1,28.5
2023-10-05T07:00Z,18,160,5.4,0.0,36.8,1.6,9.9,17.8,0.0,2.0,26.5
2023-10-05T07:30Z,1,24,0.0,0.0,6.0,34.1,0.1,1.5,0.0,0.0,58.2
2023-10-05T07:30Z,2,20,3.2,0.0,4.2,0.0,9.4,36.8,0.0,0.8,45.6
2023-10-05T07:30Z,3,24,0.8,0.0,5.9,0.0,8.6,55.8,0.0,0.3,28.5
2023-10-05T07:30Z,4,2,0.1,0.0,0.0,0.0,69.0,27.9,0.0,0.8,2.2
2023-10-05T07:30Z,5,181,32.6,0.0,36.0,0.0,5.1,2.0,0.0,0.7,23.7
2023-10-05T07:30Z,6,92,0.6,0.0,23.0,2.8,4.2,25.3,0.0,2.1,42.1
2023-10-05T07:30Z,7,345,0.0,0.0,87.5,0.0,0.0,0.0,0.0,2.0,10.5
2023-10-05T07:30Z,8,151,3.2,0.0,37.2,0.5,4.5,26.4,0.0,2.5,25.6
2023-10-05T07:30Z,9,272,10.5,0.0,65.7,0.0,1.6,0.6,0.0,2.3,19.2
2023-10-05T07:30Z,10,142,0.8,0.0,25.9,0.0,8.4,27.0,0.0,4.3,33.7
2023-10-05T07:30Z,11,300,0.6,0.0,75.4,0.0,4.4,0.3,0.0,15.1,4.2
2023-10-05T07:30Z,12,286,2.1,0.0,69.7,0.1,16.8,0.9,0.0,5.6,4.8
2023-10-05T07:30Z,13,188,0.7,0.0,40.5,0.5,15.3,14.8,0.0,4.7,23.4
2023-10-05T07:30Z,14,218,0.1,0.0,50.8,1.4,24.8,3.4,0.0,4.9,14.6
2023-10-05T07:30Z,15,155,6.0,0.0,36.0,0.3,13.1,18.3,0.0,3.9,22.3
2023-10-05T07:30Z,16,41,2.2,0.0,9.8,10.4,0.0,22.8,0.0,0.7,54.2
2023-10-05T07:30Z,17,268,0.0,0.0,68.0,2.7,0.0,0.0,0.0,2.0,27.3
2023-10-05T07:30Z,18,157,5.2,0.0,34.9,1.6,10.8,17.7,0.0,3.4,26.4
2023-10-05T08:00Z,1,24,0.0,0.0,6.1,34.7,0.1,2.1,0.0,0.0,56.8
2023-10-05T08:00Z,2,20,3.1,0.0,4.0,0.0,8.5,37.1,0.0,1.2,46.1
2023-10-05T08:00Z,3,21,0.7,0.0,5.0,0.0,8.5,55.6,0.0,0.4,29.8
2023-10-05T08:00Z,4,2,0.1,0.0,0.0,0.0,68.6,27.8,0.0,1.0,2.5
2023-10-05T08:00Z,5,185,31.5,0.0,37.3,0.0,5.1,1.9,0.0,1.1,23.1
2023-10-05T08:00Z,6,88,0.6,0.0,22.2,2.1,3.9,25.3,0.0,3.2,42.7
2023-10-05T08:00Z,7,338,0.0,0.0,85.9,0.0,0.0,0.0,0.0,3.0,11.2
2023-10-05T08:00Z,8,153,2.8,0.0,37.9,0.3,4.8,25.2,0.0,3.8,25.1
2023-10-05T08:00Z,9,276,9.4,0.0,67.1,0.0,1.5,0.6,0.0,3.3,18.1
2023-10-05T08:00Z,10,141,0.8,0.0,25.8,0.0,8.1,26.1,0.0,6.1,33.0
2023-10-05T08:00Z,11,268,0.4,0.0,67.2,0.0,5.5,0.3,0.0,22.2,4.4
2023-10-05T08:00Z,12,268,1.5,0.0,64.5,0.1,22.0,0.7,0.0,7.7,3.5
2023-10-05T08:00Z,13,187,0.6,0.0,40.7,0.6,18.2,13.9,0.0,6.3,19.7
2023-10-05T08:00Z,14,214,0.0,0.0,50.0,1.5,28.5,2.7,0.0,6.2,11.0
2023-10-05T08:00Z,15,160,5.7,0.0,35.3,0.3,14.9,18.3,0.0,5.3,20.3
2023-10-05T08:00Z,16,39,2.1,0.0,9.2,10.7,0.0,22.7,0.0,1.0,54.2
2023-10-05T08:00Z,17,255,0.0,0.0,64.8,2.0,0.0,0.0,0.0,3.0,30.2
2023-10-05T08:00Z,18,156,4.9,0.0,33.9,1.6,12.3,17.8,0.0,4.7,24.8
2023-10-05T08:30Z,1,22,0.4,0.0,5.3,32.0,1.7,2.1,0.0,0.2,58.2
2023-10-05T08:30Z,2,19,2.8,0.0,3.9,0.0,11.0,34.8,0.0,1.6,45.9
2023-10-05T08:30Z,3,21,1.2,0.0,4.9,0.0,7.7,56.0,0.0,0.6,29.6
2023-10-05T08:30Z,4,2,0.1,0.0,0.0,0.0,67.4,28.3,0.0,1.4,2.9
2023-10-05T08:30Z,5,186,32.0,0.0,37.5,0.0,4.1,2.1,0.0,1.4,23.0
2023-10-05T08:30Z,6,86,0.7,0.0,21.7,1.6,3.9,23.4,0.0,4.7,44.0
2023-10-05T08:30Z,7,330,0.0,0.0,83.9,0.0,0.0,0.0,0.0,4.0,12.1
2023-10-05T08:30Z,8,153,3.1,0.0,37.8,0.3,4.4,25.5,0.0,5.3,23.6
2023-10-05T08:30Z,9,278,8.6,0.0,67.9,0.0,1.1,0.6,0.0,4.5,17.2
2023-10-05T08:30Z,10,143,0.6,0.0,25.1,0.0,8.8,26.1,0.0,7.8,31.6
2023-10-05T08:30Z,11,245,0.5,0.0,61.4,0.0,5.4,0.2,0.0,27.8,4.7
2023-10-05T08:30Z,12,272,1.5,0.0,66.3,0.1,17.4,0.4,0.0,10.4,3.8
2023-10-05T08:30Z,13,182,0.4,0.0,39.0,0.7,18.2,14.6,0.0,7.9,19.3
2023-10-05T08:30Z,14,213,0.0,0.0,49.7,1.5,29.4,2.0,0.0,7.7,9.7
2023-10-05T08:30Z,15,155,5.7,0.0,33.3,0.2,15.0,18.6,0.0,7.1,20.0
2023-10-05T08:30Z,16,51,2.2,0.0,12.0,9.4,0.7,20.5,0.0,1.7,53.4
2023-10-05T08:30Z,17,253,0.0,0.0,64.3,1.5,0.0,0.0,0.0,4.0,30.2
2023-10-05T08:30Z,18,153,4.9,0.0,32.5,1.5,12.3,17.7,0.0,6.2,24.9
2023-10-05T09:00Z,1,22,0.3,0.0,5.6,32.7,1.0,2.4,0.0,0.2,57.7
2023-10-05T09:00Z,2,18,2.8,0.0,3.7,0.0,8.9,33.6,0.0,1.8,49.1
2023-10-05T09:00Z,3,17,1.0,0.0,3.9,0.0,8.1,55.2,0.0,0.7,31.1
2023-10-05T09:00Z,4,2,0.1,0.0,0.0,0.0,67.3,27.9,0.0,1.6,3.1
2023-10-05T09:00Z,5,177,32.4,0.0,34.9,0.0,4.7,2.2,0.0,1.7,24.1
2023-10-05T09:00Z,6,76,0.6,0.0,19.2,0.8,3.6,22.5,0.0,5.5,47.8
2023-10-05T09:00Z,7,322,0.0,0.0,81.7,0.0,0.0,0.0,0.0,5.1,13.1
2023-10-05T09:00Z,8,147,2.7,0.0,36.3,0.1,5.0,24.6,0.0,6.6,24.6
2023-10-05T09:00Z,9,273,8.4,0.0,66.7,0.0,1.2,0.6,0.0,5.7,17.3
2023-10-05T09:00Z,10,139,0.6,0.0,24.0,0.0,9.1,26.4,0.0,9.3,30.7
2023-10-05T09:00Z,11,217,0.3,0.0,54.2,0.0,5.2,0.2,0.0,35.1,5.0
2023-10-05T09:00Z,12,256,1.2,0.0,61.9,0.1,21.2,0.2,0.0,12.3,3.1
2023-10-05T09:00Z,13,181,0.4,0.0,38.8,0.7,20.4,12.7,0.0,9.5,17.6
2023-10-05T09:00Z,14,206,0.0,0.0,47.7,1.6,32.0,1.2,0.0,8.9,8.6
2023-10-05T09:00Z,15,148,5.5,0.0,33.2,0.3,13.8,18.1,0.0,8.5,20.6
2023-10-05T09:00Z,16,40,2.0,0.0,9.6,9.2,0.0,21.7,0.0,1.6,55.9
2023-10-05T09:00Z,17,238,0.0,0.0,60.4,1.2,0.0,0.0,0.0,4.9,33.5
2023-10-05T09:00Z,18,146,4.8,0.0,32.0,1.4,11.3,17.4,0.0,7.5,25.6
2023-10-05T09:30Z,1,33,0.2,0.0,8.4,33.1,0.5,2.5,0.0,0.1,55.1
2023-10-05T09:30Z,2,18,2.8,0.0,3.6,0.0,6.9,32.4,0.0,1.9,52.4
2023-10-05T09:30Z,3,11,0.3,0.0,2.6,0.0,8.3,55.3,0.0,0.9,32.6
2023-10-05T09:30Z,4,2,0.1,0.0,0.0,0.0,67.0,27.7,0.0,1.8,3.3
2023-10-05T09:30Z,5,173,30.7,0.0,34.6,0.0,5.8,2.5,0.0,2.0,24.3
2023-10-05T09:30Z,6,77,0.3,0.0,19.3,0.0,3.1,22.1,0.0,5.7,49.3
2023-10-05T09:30Z,7,316,0.0,0.0,80.3,0.0,0.0,0.0,0.0,5.8,13.9
2023-10-05T09:30Z,8,136,2.3,0.0,33.5,0.0,5.2,24.5,0.0,7.4,27.1
2023-10-05T09:30Z,9,266,8.6,0.0,64.8,0.0,1.6,0.7,0.0,6.7,17.5
2023-10-05T09:30Z,10,133,0.6,0.0,23.4,0.0,8.5,26.5,0.0,10.9,30.0
2023-10-05T09:30Z,11,201,0.2,0.0,50.4,0.0,4.4,0.2,0.0,39.5,5.4
2023-10-05T09:30Z,12,247,1.0,0.0,59.4,0.1,22.8,0.1,0.0,13.9,2.6
2023-10-05T09:30Z,13,177,0.4,0.0,38.3,0.7,21.0,12.0,0.0,11.1,16.5
2023-10-05T09:30Z,14,198,0.0,0.0,45.8,1.5,33.1,0.9,0.0,10.5,8.3
2023-10-05T09:30Z,15,141,5.2,0.0,31.0,0.3,15.1,17.6,0.0,9.7,21.0
2023-10-05T09:30Z,16,39,2.0,0.0,9.3,8.4,0.0,21.9,0.0,1.7,56.8
2023-10-05T09:30Z,17,230,0.0,0.0,58.4,1.0,0.0,0.0,0.0,5.2,35.4
2023-10-05T09:30Z,18,141,4.6,0.0,30.2,1.3,12.5,17.0,0.0,8.5,25.9
2023-10-05T10:00Z,1,31,0.1,0.0,7.8,32.1,0.3,2.4,0.0,0.1,57.2
2023-10-05T10:00Z,2,17,2.7,0.0,3.4,0.1,5.7,30.7,0.0,2.0,55.4
2023-10-05T10:00Z,3,12,0.1,0.0,3.0,0.0,7.9,55.1,0.0,1.0,33.0
2023-10-05T10:00Z,4,2,0.1,0.0,0.0,0.0,66.6,27.4,0.0,2.2,3.7
2023-10-05T10:00Z,5,171,29.6,0.0,34.3,0.0,6.4,3.1,0.0,2.3,24.3
2023-10-05T10:00Z,6,72,0.3,0.0,18.1,0.0,3.1,21.5,0.0,6.1,50.8
2023-10-05T10:00Z,7,308,0.0,0.0,78.2,0.0,0.0,0.0,0.0,6.1,15.6
2023-10-05T10:00Z,8,125,2.1,0.0,30.8,0.0,5.4,25.3,0.0,7.9,28.5
2023-10-05T10:00Z,9,264,8.4,0.0,64.4,0.0,1.8,0.9,0.0,7.5,17.0
2023-10-05T10:00Z,10,136,0.7,0.0,22.9,0.0,9.6,26.4,0.0,12.2,28.4
2023-10-05T10:00Z,11,189,0.2,0.0,47.2,0.0,5.2,0.2,0.0,41.8,5.4
2023-10-05T10:00Z,12,235,1.0,0.0,56.1,0.0,25.1,0.1,0.0,15.1,2.5
2023-10-05T10:00Z,13,173,0.5,0.0,36.6,0.6,21.8,11.7,0.0,12.7,16.0
2023-10-05T10:00Z,14,188,0.0,0.0,43.3,1.6,33.4,0.8,0.0,12.4,8.6
2023-10-05T10:00Z,15,132,5.3,0.0,29.5,0.4,14.3,17.5,0.0,11.0,21.9
2023-10-05T10:00Z,16,34,1.9,0.0,7.9,7.5,0.0,21.2,0.0,1.7,59.7
2023-10-05T10:00Z,17,226,0.0,0.0,57.4,0.8,0.0,0.0,0.0,5.5,36.4
2023-10-05T10:00Z,18,135,4.6,0.0,28.7,1.2,11.9,16.9,0.0,9.7,27.0
2023-10-05T10:30Z,1,33,0.0,0.0,8.3,31.8,0.0,1.3,0.0,0.0,58.6
2023-10-05T10:30Z,2,17,2.6,0.0,3.4,0.3,3.8,28.6,0.0,2.0,59.3
2023-10-05T10:30Z,3,9,0.1,0.0,2.3,0.0,7.7,54.5,0.0,1.1,34.3
2023-10-05T10:30Z,4,2,0.1,0.0,0.0,0.0,66.4,27.1,0.0,2.4,4.0
2023-10-05T10:30Z,5,158,29.9,0.0,31.0,0.0,8.0,3.9,0.0,2.5,24.7
2023-10-05T10:30Z,6,59,0.4,0.0,14.9,0.1,3.1,21.3,0.0,6.1,54.0
2023-10-05T10:30Z,7,299,0.0,0.0,75.8,0.0,0.0,0.0,0.0,6.5,17.7
2023-10-05T10:30Z,8,103,2.2,0.0,25.4,0.0,5.1,26.6,0.0,7.8,32.9
2023-10-05T10:30Z,9,254,9.2,0.0,61.8,0.0,2.5,1.2,0.0,8.2,17.2
2023-10-05T10:30Z,10,114,1.2,0.0,22.9,0.0,5.1,27.8,0.0,14.0,28.9
2023-10-05T10:30Z,11,187,0.2,0.0,47.1,0.0,3.3,0.1,0.0,43.5,5.9
2023-10-05T10:30Z,12,226,1.3,0.0,53.6,0.0,25.6,0.3,0.0,16.7,2.5
2023-10-05T10:30Z,13,158,0.8,0.0,34.9,0.6,21.1,11.3,0.0,14.9,16.4
2023-10-05T10:30Z,14,168,0.1,0.0,37.5,1.5,35.5,0.5,0.0,14.8,10.1
2023-10-05T10:30Z,15,132,5.4,0.0,29.2,0.4,14.9,17.4,0.0,11.3,21.3
2023-10-05T10:30Z,16,30,1.8,0.0,7.2,7.1,0.0,20.5,0.0,1.6,61.8
2023-10-05T10:30Z,17,225,0.0,0.0,57.2,0.6,0.0,0.0,0.0,5.5,36.6
2023-10-05T10:30Z,18,129,4.7,0.0,28.5,1.2,12.4,16.7,0.0,9.9,26.7
2023-10-05T11:00Z,1,31,0.0,0.0,7.9,30.3,0.0,0.7,0.0,0.0,61.2
2023-10-05T11:00Z,2,16,2.4,0.0,3.3,0.7,2.7,26.8,0.0,2.0,62.2
2023-10-05T11:00Z,3,9,0.1,0.0,2.2,0.0,7.3,53.7,0.0,1.2,35.4
2023-10-05T11:00Z,4,2,0.1,0.0,0.0,0.0,66.0,26.9,0.0,2.5,4.4
2023-10-05T11:00Z,5,148,30.0,0.0,28.4,0.0,8.8,4.9,0.0,2.7,25.2
2023-10-05T11:00Z,6,56,0.4,0.0,14.2,0.2,2.9,21.0,0.0,6.1,55.3
2023-10-05T11:00Z,7,298,0.0,0.0,75.5,0.0,0.0,0.0,0.0,6.4,18.1
2023-10-05T11:00Z,8,103,1.9,0.0,25.5,0.1,4.7,27.4,0.0,7.5,32.8
2023-10-05T11:00Z,9,254,8.9,0.0,61.7,0.0,2.6,1.6,0.0,8.5,16.7
2023-10-05T11:00Z,10,113,1.3,0.0,22.1,0.0,5.6,28.1,0.0,14.8,28.2
2023-10-05T11:00Z,11,182,0.2,0.0,45.3,0.0,5.7,0.2,0.0,42.4,6.1
2023-10-05T11:00Z,12,216,1.1,0.0,50.7,0.0,29.0,0.7,0.0,16.4,2.0
2023-10-05T11:00Z,13,155,0.8,0.0,33.7,0.6,22.8,11.6,0.0,15.5,15.0
2023-10-05T11:00Z,14,161,0.1,0.0,35.7,1.5,36.7,0.7,0.0,15.9,9.4
2023-10-05T11:00Z,15,130,5.4,0.0,29.1,0.4,14.5,17.3,0.0,11.7,21.6
2023-10-05T11:00Z,16,22,1.8,0.0,5.1,6.9,0.0,19.7,0.0,1.5,65.0
2023-10-05T11:00Z,17,214,0.0,0.0,54.3,0.5,0.0,0.1,0.0,5.9,39.2
2023-10-05T11:00Z,18,125,4.7,0.0,28.0,1.1,12.0,16.5,0.0,10.2,27.4
2023-10-05T11:30Z,1,25,0.0,0.0,6.4,28.6,0.0,0.3,0.0,0.0,64.7
2023-10-05T11:30Z,2,15,2.2,0.0,3.2,1.2,1.2,24.9,0.0,1.9,65.3
2023-10-05T11:30Z,3,9,0.2,0.0,2.2,0.1,7.2,52.2,0.0,1.3,36.9
2023-10-05T11:30Z,4,2,0.1,0.0,0.0,0.0,65.3,27.2,0.0,2.6,4.8
2023-10-05T11:30Z,5,139,29.8,0.0,26.2,0.0,10.0,5.9,0.0,2.8,25.3
2023-10-05T11:30Z,6,58,0.4,0.0,14.5,0.3,2.6,20.7,0.0,6.0,55.5
2023-10-05T11:30Z,7,290,0.0,0.0,73.6,0.0,0.0,0.0,0.0,6.9,19.5
2023-10-05T11:30Z,8,93,1.8,0.0,22.9,0.1,4.4,27.9,0.0,7.2,35.8
2023-10-05T11:30Z,9,245,9.7,0.0,59.3,0.0,3.3,2.1,0.0,8.5,17.1
2023-10-05T11:30Z,10,111,1.7,0.0,19.0,0.0,7.8,28.0,0.0,15.4,28.1
2023-10-05T11:30Z,11,157,0.4,0.0,38.7,0.0,8.1,0.4,0.0,44.8,7.5
2023-10-05T11:30Z,12,214,1.4,0.0,50.3,0.0,27.4,1.4,0.0,16.3,3.2
2023-10-05T11:30Z,13,154,1.0,0.0,32.7,0.6,23.3,11.9,0.0,15.8,14.8
2023-10-05T11:30Z,14,163,0.0,0.0,36.4,1.6,36.2,0.8,0.0,16.1,8.8
2023-10-05T11:30Z,15,125,5.3,0.0,27.0,0.4,16.3,17.6,0.0,11.7,21.6
2023-10-05T11:30Z,16,17,1.7,0.0,3.7,6.6,0.0,18.9,0.0,1.4,67.6
2023-10-05T11:30Z,17,204,0.0,0.0,51.8,0.6,0.0,0.2,0.0,6.4,41.0
2023-10-05T11:30Z,18,121,4.6,0.0,26.0,1.1,13.5,16.6,0.0,10.2,27.9
2023-10-05T12:00Z,1,23,0.0,0.0,5.8,26.2,0.0,0.0,0.0,0.0,68.0
2023-10-05T12:00Z,2,15,2.0,0.0,3.1,1.8,0.0,22.8,0.0,1.8,68.5
2023-10-05T12:00Z,3,6,0.2,0.0,1.4,0.2,6.9,50.9,0.0,1.3,39.0
2023-10-05T12:00Z,4,2,0.1,0.0,0.0,0.0,64.5,27.2,0.0,2.6,5.5
2023-10-05T12:00Z,5,133,29.8,0.0,24.6,0.0,10.9,7.0,0.0,2.8,24.8
2023-10-05T12:00Z,6,52,0.4,0.0,13.0,0.4,2.2,20.4,0.0,6.1,57.5
2023-10-05T12:00Z,7,288,0.0,0.0,73.0,0.0,0.0,0.0,0.0,7.6,19.4
2023-10-05T12:00Z,8,82,1.6,0.0,20.3,0.2,4.2,28.5,0.0,6.9,38.3
2023-10-05T12:00Z,9,236,11.0,0.0,56.6,0.0,4.0,2.5,0.0,8.3,17.5
2023-10-05T12:00Z,10,105,2.3,0.0,20.0,0.0,5.7,29.0,0.0,15.5,27.5
2023-10-05T12:00Z,11,141,0.6,0.0,34.5,0.0,9.1,0.7,0.0,46.4,8.7
2023-10-05T12:00Z,12,205,1.9,0.0,48.2,0.0,26.0,2.2,0.0,15.8,5.9
2023-10-05T12:00Z,13,151,1.4,0.0,33.1,0.6,21.5,11.9,0.0,16.0,15.5
2023-10-05T12:00Z,14,163,0.2,0.0,36.5,1.5,34.7,1.1,0.0,16.6,9.5
2023-10-05T12:00Z,15,118,5.5,0.0,25.3,0.5,16.3,17.8,0.0,11.8,22.8
2023-10-05T12:00Z,16,16,1.6,0.0,3.5,6.4,0.0,18.0,0.0,1.4,69.2
2023-10-05T12:00Z,17,195,0.1,0.0,49.6,1.0,0.0,0.4,0.0,6.7,42.3
2023-10-05T12:00Z,18,114,4.7,0.0,24.5,1.2,13.5,16.7,0.0,10.3,29.2
2023-10-05T12:30Z,1,20,0.0,0.0,5.2,25.0,0.0,0.0,0.0,0.0,69.8
2023-10-05T12:30Z,2,14,1.9,0.0,3.0,2.2,0.0,20.8,0.0,1.7,70.5
2023-10-05T12:30Z,3,6,0.2,0.0,1.4,0.3,6.4,49.5,0.0,1.3,40.9
2023-10-05T12:30Z,4,3,0.2,0.0,0.2,0.1,62.0,26.4,0.0,2.5,8.7
2023-10-05T12:30Z,5,132,29.9,0.0,24.3,0.0,10.8,7.9,0.0,2.8,24.4
2023-10-05T12:30Z,6,44,0.4,0.0,11.1,0.7,2.1,19.6,0.0,6.2,59.9
2023-10-05T12:30Z,7,286,0.0,0.0,72.7,0.0,0.0,0.0,0.0,8.0,19.3
2023-10-05T12:30Z,8,75,1.4,0.0,18.5,0.4,4.0,28.4,0.0,6.8,40.6
2023-10-05T12:30Z,9,230,12.2,0.0,54.6,0.0,4.4,3.0,0.0,8.0,17.8
2023-10-05T12:30Z,10,101,3.0,0.0,19.1,0.0,5.8,29.1,0.0,15.6,27.3
2023-10-05T12:30Z,11,149,0.7,0.0,36.6,0.0,7.3,0.9,0.0,45.2,9.2
2023-10-05T12:30Z,12,207,2.3,0.0,49.0,0.0,22.4,3.3,0.0,15.0,8.0
2023-10-05T12:30Z,13,163,1.7,0.0,36.5,0.6,19.2,12.1,0.0,15.0,14.9
2023-10-05T12:30Z,14,193,0.2,0.0,44.9,1.4,29.5,1.2,0.0,14.6,8.2
2023-10-05T12:30Z,15,117,5.6,0.0,24.9,0.5,16.2,17.7,0.0,11.5,23.5
2023-10-05T12:30Z,16,15,1.5,0.0,3.4,6.0,0.0,16.8,0.0,1.3,71.0
2023-10-05T12:30Z,17,190,0.1,0.0,48.2,1.3,0.0,0.6,0.0,6.8,43.0
2023-10-05T12:30Z,18,114,4.7,0.0,23.9,1.2,13.4,16.5,0.0,10.1,30.2
2023-10-05T13:00Z,1,18,0.0,0.0,4.5,23.1,0.0,0.0,0.0,0.0,72.4
2023-10-05T13:00Z,2,13,1.8,0.0,2.8,2.5,0.0,19.3,0.0,1.5,72.1
2023-10-05T13:00Z,3,5,0.3,0.0,1.2,0.4,6.2,48.0,0.0,1.2,42.7
2023-10-05T13:00Z,4,3,0.2,0.0,0.3,0.3,59.4,26.0,0.0,2.3,11.5
2023-10-05T13:00Z,5,132,29.4,0.0,24.4,0.1,10.9,8.3,0.0,2.6,24.3
2023-10-05T13:00Z,6,44,0.4,0.0,11.1,1.5,1.9,18.8,0.0,5.8,60.4
2023-10-05T13:00Z,7,283,0.0,0.0,71.9,0.0,0.0,0.0,0.0,7.9,20.1
2023-10-05T13:00Z,8,70,1.4,0.0,17.3,0.7,3.9,28.0,0.0,6.4,42.4
2023-10-05T13:00Z,9,235,11.8,0.0,56.0,0.0,4.4,3.5,0.0,7.2,17.1
2023-10-05T13:00Z,10,99,3.3,0.0,22.0,0.0,2.9,30.4,0.0,14.8,26.6
2023-10-05T13:00Z,11,164,0.6,0.0,40.8,0.0,5.4,1.1,0.0,42.9,9.0
2023-10-05T13:00Z,12,203,2.6,0.0,48.0,0.1,21.5,4.3,0.0,13.7,9.8
2023-10-05T13:00Z,13,163,1.9,0.0,37.7,0.6,18.1,12.6,0.0,13.8,15.2
2023-10-05T13:00Z,14,196,0.3,0.0,45.6,1.3,29.9,1.6,0.0,13.1,8.2
2023-10-05T13:00Z,15,117,5.6,0.0,25.8,0.5,14.8,17.9,0.0,11.0,24.4
2023-10-05T13:00Z,16,14,1.4,0.0,3.2,5.7,0.0,15.8,0.0,1.2,72.7
2023-10-05T13:00Z,17,187,0.1,0.0,47.4,1.4,0.0,0.9,0.0,6.3,43.8
2023-10-05T13:00Z,18,114,4.8,0.0,24.5,1.2,12.1,16.6,0.0,9.6,31.2
2023-10-05T13:30Z,1,10,0.0,0.0,2.6,22.4,0.0,0.0,0.0,0.0,75.0
2023-10-05T13:30Z,2,12,1.6,0.0,2.5,2.8,0.0,18.2,0.0,1.4,73.6
2023-10-05T13:30Z,3,6,0.3,0.0,1.5,0.5,5.9,46.4,0.0,1.1,44.4
2023-10-05T13:30Z,4,3,0.3,0.0,0.3,0.4,56.4,25.3,0.0,2.0,15.2
2023-10-05T13:30Z,5,125,29.6,0.0,22.6,0.1,11.4,9.0,0.0,2.4,25.0
2023-10-05T13:30Z,6,40,0.4,0.0,9.9,2.0,1.8,18.3,0.0,5.3,62.2
2023-10-05T13:30Z,7,283,0.0,0.0,71.8,0.0,0.0,0.0,0.0,7.4,20.8
2023-10-05T13:30Z,8,60,1.2,0.0,14.9,0.9,3.8,27.8,0.0,5.8,45.7
2023-10-05T13:30Z,9,226,13.0,0.0,53.4,0.1,5.0,3.9,0.0,6.8,17.9
2023-10-05T13:30Z,10,94,4.1,0.0,21.7,0.0,2.2,31.5,0.0,13.9,26.5
2023-10-05T13:30Z,11,164,0.8,0.0,40.7,0.0,5.4,1.3,0.0,41.8,10.0
2023-10-05T13:30Z,12,191,3.1,0.0,44.9,0.2,21.4,5.4,0.0,12.5,12.6
2023-10-05T13:30Z,13,164,2.5,0.0,38.6,0.6,16.0,13.1,0.0,13.0,16.3
2023-10-05T13:30Z,14,210,0.5,0.0,49.7,1.4,25.1,2.1,0.0,12.2,8.9
2023-10-05T13:30Z,15,116,5.6,0.0,26.1,0.6,14.5,17.9,0.0,10.1,25.3
2023-10-05T13:30Z,16,13,1.3,0.0,3.0,5.4,0.0,15.1,0.0,1.1,74.1
2023-10-05T13:30Z,17,183,0.1,0.0,46.5,1.1,0.0,1.3,0.0,5.7,45.4
2023-10-05T13:30Z,18,112,4.8,0.0,24.7,1.1,11.9,16.5,0.0,8.8,32.1
2023-10-05T14:00Z,1,3,0.0,0.0,0.8,21.6,0.0,0.0,0.0,0.0,77.6
2023-10-05T14:00Z,2,10,1.5,0.0,2.2,3.0,0.0,16.9,0.0,1.2,75.2
2023-10-05T14:00Z,3,6,0.3,0.0,1.3,0.6,5.8,45.3,0.0,1.0,45.7
2023-10-05T14:00Z,4,3,0.3,0.0,0.4,0.5,54.6,25.0,0.0,1.9,17.3
2023-10-05T14:00Z,5,143,26.9,0.0,28.0,0.2,10.5,9.3,0.0,2.0,23.2
2023-10-05T14:00Z,6,36,0.4,0.0,8.9,2.6,1.8,17.6,0.0,4.6,64.0
2023-10-05T14:00Z,7,280,0.0,0.0,71.0,0.0,0.0,0.0,0.0,6.9,22.1
2023-10-05T14:00Z,8,52,1.1,0.0,12.8,1.2,3.8,27.8,0.0,5.0,48.2
2023-10-05T14:00Z,9,223,13.5,0.0,52.5,0.1,5.3,4.3,0.0,6.2,18.1
2023-10-05T14:00Z,10,101,4.7,0.0,22.9,0.0,2.9,31.6,0.0,12.2,25.6
2023-10-05T14:00Z,11,181,0.7,0.0,45.1,0.1,4.4,1.5,0.0,38.3,9.9
2023-10-05T14:00Z,12,185,3.4,0.0,43.3,0.3,20.7,6.4,0.0,11.4,14.6
2023-10-05T14:00Z,13,165,2.9,0.0,38.5,0.6,15.5,13.9,0.0,11.7,16.9
2023-10-05T14:00Z,14,212,0.7,0.0,50.2,1.5,24.1,2.7,0.0,11.3,9.6
2023-10-05T14:00Z,15,116,5.5,0.0,26.7,0.6,13.5,18.2,0.0,9.2,26.3
2023-10-05T14:00Z,16,9,1.3,0.0,1.9,5.0,0.0,14.5,0.0,1.0,76.2
2023-10-05T14:00Z,17,166,0.2,0.0,42.1,1.2,0.0,1.5,0.0,5.2,49.9
2023-10-05T14:00Z,18,111,4.7,0.0,24.8,1.1,11.2,16.7,0.0,8.0,33.4
2023-10-05T14:30Z,1,3,0.0,0.0,0.7,21.2,0.0,0.0,0.0,0.0,78.1
2023-10-05T14:30Z,2,10,1.4,0.0,2.0,3.4,0.0,15.8,0.0,1.1,76.2
2023-10-05T14:30Z,3,5,0.3,0.0,1.2,0.7,5.5,44.0,0.0,0.9,47.4
2023-10-05T14:30Z,4,4,0.3,0.0,0.4,0.7,52.4,24.4,0.0,1.6,20.2
2023-10-05T14:30Z,5,141,25.8,0.0,27.8,0.2,10.8,9.7,0.0,1.8,23.9
2023-10-05T14:30Z,6,38,0.4,0.0,9.6,2.5,1.7,17.0,0.0,3.9,64.9
2023-10-05T14:30Z,7,284,0.0,0.0,72.0,0.0,0.0,0.0,0.0,6.0,22.0
2023-10-05T14:30Z,8,51,0.8,0.0,12.8,1.3,3.5,27.3,0.0,4.3,50.0
2023-10-05T14:30Z,9,222,13.3,0.0,52.1,0.1,5.6,4.6,0.0,5.6,18.6
2023-10-05T14:30Z,10,102,5.1,0.0,24.3,0.0,2.1,31.9,0.0,10.9,25.6
2023-10-05T14:30Z,11,201,0.6,0.0,50.5,0.1,3.3,1.5,0.0,34.2,9.7
2023-10-05T14:30Z,12,195,3.1,0.0,46.3,0.3,17.9,7.3,0.0,9.9,15.2
2023-10-05T14:30Z,13,172,3.0,0.0,41.1,0.7,14.0,14.5,0.0,10.1,16.7
2023-10-05T14:30Z,14,220,0.8,0.0,52.7,1.5,22.1,3.6,0.0,9.7,9.6
2023-10-05T14:30Z,15,118,5.7,0.0,27.4,0.7,12.6,18.1,0.0,8.3,27.3
2023-10-05T14:30Z,16,8,1.2,0.0,1.7,4.9,0.0,13.8,0.0,0.9,77.5
2023-10-05T14:30Z,17,155,0.2,0.0,39.3,1.3,0.0,1.8,0.0,4.6,52.8
2023-10-05T14:30Z,18,114,4.9,0.0,25.2,1.2,10.4,16.6,0.0,7.2,34.6
2023-10-05T15:00Z,1,2,0.0,0.0,0.6,21.0,0.0,0.0,0.0,0.0,78.3
2023-10-05T15:00Z,2,9,1.3,0.0,2.0,3.8,0.0,14.9,0.0,0.9,77.1
2023-10-05T15:00Z,3,5,0.3,0.0,1.2,0.8,5.2,43.4,0.0,0.7,48.2
2023-10-05T15:00Z,4,4,0.4,0.0,0.4,0.9,50.7,24.2,0.0,1.3,22.2
2023-10-05T15:00Z,5,129,25.8,0.0,24.7,0.3,11.4,10.1,0.0,1.6,26.1
2023-10-05T15:00Z,6,43,0.4,0.0,10.8,2.8,1.5,16.4,0.0,3.4,64.8
2023-10-05T15:00Z,7,293,0.0,0.0,74.4,0.0,0.0,0.0,0.0,5.1,20.5
2023-10-05T15:00Z,8,55,0.5,0.0,13.7,1.5,3.2,26.8,0.0,3.7,50.5
2023-10-05T15:00Z,9,218,13.2,0.0,51.1,0.1,5.9,5.1,0.0,4.9,19.7
2023-10-05T15:00Z,10,107,5.4,0.0,25.6,0.1,2.4,31.5,0.0,9.1,25.9
2023-10-05T15:00Z,11,202,0.8,0.0,50.7,0.1,3.0,1.9,0.0,32.4,11.0
2023-10-05T15:00Z,12,204,3.2,0.0,49.3,0.4,12.5,7.9,0.0,8.7,18.0
2023-10-05T15:00Z,13,165,3.3,0.0,39.3,0.7,13.3,15.5,0.0,9.0,18.9
2023-10-05T15:00Z,14,194,1.1,0.0,45.4,1.8,25.9,4.6,0.0,9.1,12.1
2023-10-05T15:00Z,15,123,5.8,0.0,28.5,0.7,11.7,17.8,0.0,7.3,28.3
2023-10-05T15:00Z,16,8,1.2,0.0,1.6,5.2,0.0,13.1,0.0,0.8,78.2
2023-10-05T15:00Z,17,162,0.2,0.0,41.1,1.9,0.0,2.0,0.0,3.9,51.0
2023-10-05T15:00Z,18,115,4.9,0.0,26.2,1.3,9.7,16.3,0.0,6.3,35.3
2023-10-05T15:30Z,1,0,0.0,0.0,0.1,19.3,0.0,0.0,0.0,0.0,80.6
2023-10-05T15:30Z,2,9,1.3,0.0,1.8,4.1,0.0,14.5,0.0,0.8,77.5
2023-10-05T15:30Z,3,5,0.3,0.0,1.1,1.0,5.0,42.7,0.0,0.6,49.3
2023-10-05T15:30Z,4,4,0.4,0.0,0.5,1.0,48.9,23.6,0.0,1.2,24.5
2023-10-05T15:30Z,5,132,23.0,0.0,26.4,0.4,11.4,10.3,0.0,1.3,27.3
2023-10-05T15:30Z,6,45,0.4,0.0,11.4,2.7,1.4,15.9,0.0,2.8,65.4
2023-10-05T15:30Z,7,297,0.0,0.0,75.3,0.0,0.0,0.0,0.0,4.4,20.3
2023-10-05T15:30Z,8,53,0.5,0.0,13.2,1.5,3.1,26.5,0.0,3.1,52.2
2023-10-05T15:30Z,9,223,11.7,0.0,52.9,0.2,5.8,5.4,0.0,3.9,20.2
2023-10-05T15:30Z,10,114,5.2,0.0,27.1,0.1,2.8,31.5,0.0,7.3,26.0
2023-10-05T15:30Z,11,229,0.6,0.0,57.7,0.1,1.8,2.2,0.0,27.4,10.2
2023-10-05T15:30Z,12,206,3.1,0.0,50.3,0.5,9.7,8.6,0.0,7.4,20.4
2023-10-05T15:30Z,13,169,3.4,0.0,40.7,0.8,10.3,16.0,0.0,7.6,21.1
2023-10-05T15:30Z,14,199,1.5,0.0,47.3,2.0,20.5,5.2,0.0,8.3,15.2
2023-10-05T15:30Z,15,136,5.2,0.0,31.9,0.8,10.9,17.7,0.0,5.9,27.6
2023-10-05T15:30Z,16,7,1.2,0.0,1.5,5.3,0.0,12.6,0.0,0.7,78.8
2023-10-05T15:30Z,17,160,0.2,0.0,40.6,2.1,0.0,2.2,0.0,3.2,51.7
2023-10-05T15:30Z,18,122,4.5,0.0,29.0,1.4,9.0,16.2,0.0,5.1,34.8
2023-10-05T16:00Z,1,0,0.0,0.0,0.0,18.2,0.0,0.0,0.0,0.0,81.8
2023-10-05T16:00Z,2,8,1.2,0.0,1.7,4.2,0.0,13.7,0.0,0.6,78.7
2023-10-05T16:00Z,3,4,0.3,0.0,0.9,1.0,5.0,41.8,0.0,0.5,50.5
2023-10-05T16:00Z,4,4,0.4,0.0,0.5,1.1,47.8,23.5,0.0,0.8,25.9
2023-10-05T16:00Z,5,130,21.9,0.0,26.2,0.4,11.6,10.6,0.0,1.0,28.4
2023-10-05T16:00Z,6,48,0.4,0.0,12.0,4.1,1.4,15.1,0.0,2.1,65.0
2023-10-05T16:00Z,7,306,0.0,0.0,77.6,0.0,0.0,0.0,0.0,3.2,19.2
2023-10-05T16:00Z,8,54,0.3,0.0,13.7,2.2,3.0,25.9,0.0,2.2,52.7
2023-10-05T16:00Z,9,220,11.5,0.0,52.3,0.2,6.1,5.7,0.0,2.9,21.3
2023-10-05T16:00Z,10,116,5.3,0.0,27.6,0.1,2.9,32.0,0.0,5.4,26.7
2023-10-05T16:00Z,11,223,1.0,0.0,56.2,0.2,1.8,2.7,0.0,24.0,14.0
2023-10-05T16:00Z,12,208,3.3,0.0,51.3,0.8,5.6,9.2,0.0,5.8,24.0
2023-10-05T16:00Z,13,173,3.5,0.0,41.9,1.0,8.8,16.6,0.0,5.7,22.5
2023-10-05T16:00Z,14,209,1.4,0.0,50.1,2.2,19.1,5.9,0.0,5.8,15.4
2023-10-05T16:00Z,15,144,5.3,0.0,34.2,0.9,8.9,17.7,0.0,4.4,28.6
2023-10-05T16:00Z,16,7,1.1,0.0,1.5,5.5,0.0,12.1,0.0,0.5,79.4
2023-10-05T16:00Z,17,154,0.2,0.0,39.1,2.5,0.0,2.3,0.0,2.5,53.4
2023-10-05T16:00Z,18,126,4.5,0.0,30.8,1.5,7.4,16.2,0.0,3.9,35.7
2023-10-05T16:30Z,1,0,0.0,0.0,0.0,16.1,0.0,0.0,0.0,0.0,83.9
2023-10-05T16:30Z,2,8,1.2,0.0,1.7,4.1,0.0,13.2,0.0,0.4,79.5
2023-10-05T16:30Z,3,4,0.3,0.0,0.9,1.0,4.9,41.5,0.0,0.3,51.1
2023-10-05T16:30Z,4,4,0.4,0.0,0.5,1.2,47.0,23.2,0.0,0.5,27.3
2023-10-05T16:30Z,5,133,20.7,0.0,27.4,0.4,11.3,10.9,0.0,0.6,28.6
2023-10-05T16:30Z,6,49,0.4,0.0,12.2,5.5,1.3,14.5,0.0,1.4,64.7
2023-10-05T16:30Z,7,312,0.0,0.0,79.1,0.0,0.0,0.0,0.0,2.3,18.6
2023-10-05T16:30Z,8,54,0.3,0.0,13.5,2.8,2.9,25.6,0.0,1.5,53.4
2023-10-05T16:30Z,9,215,11.6,0.0,50.9,0.2,6.3,6.1,0.0,1.9,22.9
2023-10-05T16:30Z,10,114,5.6,0.0,27.3,0.1,3.0,32.3,0.0,3.6,28.1
2023-10-05T16:30Z,11,242,1.2,0.0,60.9,0.4,2.1,3.0,0.0,16.9,15.5
2023-10-05T16:30Z,12,205,3.3,0.0,50.7,1.1,5.8,10.0,0.0,3.8,25.4
2023-10-05T16:30Z,13,177,3.5,0.0,42.9,1.1,8.6,17.2,0.0,3.7,23.1
2023-10-05T16:30Z,14,223,1.3,0.0,53.9,2.2,17.5,6.2,0.0,3.6,15.2
2023-10-05T16:30Z,15,143,5.4,0.0,34.2,1.0,8.2,17.8,0.0,3.0,30.4
2023-10-05T16:30Z,16,7,1.1,0.0,1.4,5.3,0.0,11.8,0.0,0.3,80.1
2023-10-05T16:30Z,17,152,0.2,0.0,38.5,3.4,0.0,2.4,0.0,1.6,53.8
2023-10-05T16:30Z,18,127,4.6,0.0,30.8,1.6,6.7,16.2,0.0,2.6,37.4
2023-10-05T17:00Z,1,0,0.0,0.0,0.0,15.0,0.0,0.0,0.0,0.0,85.0
2023-10-05T17:00Z,2,8,1.1,0.0,1.6,4.0,0.0,13.1,0.0,0.2,80.0
2023-10-05T17:00Z,3,4,0.3,0.0,0.9,1.1,4.8,40.6,0.0,0.2,52.1
2023-10-05T17:00Z,4,4,0.4,0.0,0.5,1.2,45.7,22.7,0.0,0.3,29.2
2023-10-05T17:00Z,5,132,19.0,0.0,27.7,0.4,11.4,11.2,0.0,0.4,30.0
2023-10-05T17:00Z,6,52,0.3,0.0,13.1,5.7,1.3,14.1,0.0,0.8,64.8
2023-10-05T17:00Z,7,318,0.0,0.0,80.7,0.0,0.0,0.0,0.0,1.3,18.0
2023-10-05T17:00Z,8,55,0.3,0.0,13.9,2.9,2.8,25.1,0.0,0.8,54.2
2023-10-05T17:00Z,9,212,10.8,0.0,50.6,0.3,6.5,6.3,0.0,1.0,24.5
2023-10-05T17:00Z,10,115,5.4,0.0,27.5,0.1,3.3,32.6,0.0,1.9,29.1
2023-10-05T17:00Z,11,257,1.2,0.0,64.7,0.4,2.2,3.3,0.0,11.0,17.1
2023-10-05T17:00Z,12,206,3.1,0.0,50.9,1.1,5.8,10.4,0.0,2.0,26.6
2023-10-05T17:00Z,13,185,3.4,0.0,45.3,1.1,6.4,17.3,0.0,2.0,24.5
2023-10-05T17:00Z,14,246,1.4,0.0,60.6,2.0,10.8,6.3,0.0,2.0,16.8
2023-10-05T17:00Z,15,144,5.5,0.0,34.6,1.0,7.6,17.8,0.0,1.7,31.8
2023-10-05T17:00Z,16,7,1.0,0.0,1.4,5.3,0.0,11.6,0.0,0.2,80.5
2023-10-05T17:00Z,17,148,0.2,0.0,37.4,4.1,0.0,2.5,0.0,0.9,54.9
2023-10-05T17:00Z,18,129,4.6,0.0,31.1,1.7,6.3,16.1,0.0,1.5,38.6
2023-10-05T17:30Z,1,0,0.0,0.0,0.0,13.6,0.0,0.0,0.0,0.0,86.4
2023-10-05T17:30Z,2,7,1.0,0.0,1.6,4.0,0.0,12.8,0.0,0.1,80.6
2023-10-05T17:30Z,3,5,0.3,0.0,1.2,1.1,4.6,40.0,0.0,0.1,52.7
2023-10-05T17:30Z,4,4,0.4,0.0,0.5,1.2,45.0,22.4,0.0,0.1,30.4
2023-10-05T17:30Z,5,127,18.9,0.0,26.4,0.5,11.6,11.1,0.0,0.1,31.4
2023-10-05T17:30Z,6,48,0.3,0.0,12.0,4.9,1.3,14.2,0.0,0.3,67.0
2023-10-05T17:30Z,7,325,0.0,0.0,82.5,0.0,0.0,0.0,0.0,0.6,16.9
2023-10-05T17:30Z,8,56,0.3,0.0,14.2,2.5,2.7,24.9,0.0,0.4,55.0
2023-10-05T17:30Z,9,209,10.7,0.0,49.7,0.3,6.6,6.4,0.0,0.4,25.9
2023-10-05T17:30Z,10,114,5.4,0.0,27.3,0.1,3.3,33.2,0.0,0.7,29.9
2023-10-05T17:30Z,11,288,1.0,0.0,72.8,0.3,1.6,3.6,0.0,5.3,15.5
2023-10-05T17:30Z,12,208,3.1,0.0,51.6,1.0,4.9,10.7,0.0,0.9,27.9
2023-10-05T17:30Z,13,191,3.3,0.0,46.9,1.0,5.9,17.3,0.0,0.8,24.7
2023-10-05T17:30Z,14,258,1.3,0.0,64.0,2.0,9.6,6.2,0.0,0.7,16.2
2023-10-05T17:30Z,15,150,5.6,0.0,36.0,1.0,7.4,17.9,0.0,0.7,31.3
2023-10-05T17:30Z,16,6,0.9,0.0,1.3,5.0,0.0,11.1,0.0,0.1,81.6
2023-10-05T17:30Z,17,146,0.2,0.0,37.0,4.5,0.0,2.6,0.0,0.4,55.2
2023-10-05T17:30Z,18,132,4.8,0.0,32.1,1.7,6.2,16.2,0.0,0.6,38.4
2023-10-05T18:00Z,1,0,0.0,0.0,0.0,13.4,0.0,0.0,0.0,0.0,86.6
2023-10-05T18:00Z,2,7,1.0,0.0,1.6,4.0,0.0,12.4,0.0,0.0,81.0
2023-10-05T18:00Z,3,5,0.3,0.0,1.2,1.1,4.6,40.2,0.0,0.0,52.6
2023-10-05T18:00Z,4,4,0.4,0.0,0.5,1.3,45.3,22.2,0.0,0.1,30.3
2023-10-05T18:00Z,5,121,19.0,0.0,24.9,0.5,11.5,10.9,0.0,0.1,33.2
2023-10-05T18:00Z,6,53,0.3,0.0,13.2,4.0,1.2,14.3,0.0,0.1,66.8
2023-10-05T18:00Z,7,325,0.0,0.0,82.6,0.0,0.0,0.0,0.0,0.4,17.1
2023-10-05T18:00Z,8,59,0.3,0.0,14.9,2.2,2.7,24.8,0.0,0.2,55.0
2023-10-05T18:00Z,9,211,10.3,0.0,50.4,0.3,6.3,6.2,0.0,0.1,26.5
2023-10-05T18:00Z,10,115,5.0,0.0,27.7,0.1,3.1,32.4,0.0,0.2,31.4
2023-10-05T18:00Z,11,315,0.7,0.0,79.6,0.2,1.3,3.5,0.0,1.6,13.0
2023-10-05T18:00Z,12,213,3.0,0.0,52.7,0.8,5.7,10.5,0.0,0.3,27.0
2023-10-05T18:00Z,13,192,3.2,0.0,47.3,0.9,5.9,17.2,0.0,0.2,25.4
2023-10-05T18:00Z,14,260,1.2,0.0,64.4,1.8,9.2,6.1,0.0,0.2,17.0
2023-10-05T18:00Z,15,148,5.6,0.0,35.5,1.0,7.3,18.0,0.0,0.2,32.4
2023-10-05T18:00Z,16,6,0.9,0.0,1.3,5.1,0.0,11.1,0.0,0.0,81.6
2023-10-05T18:00Z,17,144,0.2,0.0,36.4,4.0,0.0,2.7,0.0,0.1,56.5
2023-10-05T18:00Z,18,132,4.7,0.0,31.8,1.6,6.1,16.3,0.0,0.2,39.3
2023-10-05T18:30Z,1,0,0.0,0.0,0.0,13.0,0.0,0.0,0.0,0.0,86.9
2023-10-05T18:30Z,2,7,1.0,0.0,1.6,4.0,0.0,12.4,0.0,0.0,81.1
2023-10-05T18:30Z,3,5,0.3,0.0,1.1,1.1,4.9,39.5,0.0,0.0,53.1
2023-10-05T18:30Z,4,4,0.4,0.0,0.5,1.2,45.1,22.3,0.0,0.0,30.5
2023-10-05T18:30Z,5,127,20.3,0.0,25.9,0.4,10.6,10.5,0.0,0.0,32.3
2023-10-05T18:30Z,6,40,0.3,0.0,9.9,4.0,1.4,14.3,0.0,0.0,70.1
2023-10-05T18:30Z,7,324,0.0,0.0,82.2,0.0,0.0,0.8,0.0,0.0,17.0
2023-10-05T18:30Z,8,52,0.3,0.0,13.0,2.2,2.9,25.3,0.0,0.0,56.3
2023-10-05T18:30Z,9,205,11.7,0.0,48.6,0.2,6.1,6.0,0.0,0.0,27.4
2023-10-05T18:30Z,10,106,5.7,0.0,25.2,0.1,3.0,31.9,0.0,0.0,34.0
2023-10-05T18:30Z,11,316,1.0,0.0,79.8,0.2,1.5,3.2,0.0,0.0,14.3
2023-10-05T18:30Z,12,209,3.5,0.0,51.7,0.8,5.5,10.7,0.0,0.0,27.7
2023-10-05T18:30Z,13,190,3.5,0.0,46.6,0.9,6.0,17.0,0.0,0.0,26.0
2023-10-05T18:30Z,14,263,1.2,0.0,65.2,1.7,9.5,6.1,0.0,0.0,16.4
2023-10-05T18:30Z,15,131,6.0,0.0,31.0,1.0,7.9,18.3,0.0,0.0,35.8
2023-10-05T18:30Z,16,6,0.9,0.0,1.3,5.1,0.0,11.1,0.0,0.0,81.7
2023-10-05T18:30Z,17,153,0.2,0.0,38.7,3.5,0.0,3.0,0.0,0.0,54.6
2023-10-05T18:30Z,18,124,5.1,0.0,28.2,1.6,6.6,16.6,0.0,0.0,41.9
2023-10-05T19:00Z,1,0,0.0,0.0,0.0,12.6,0.0,0.0,0.0,0.0,87.4
2023-10-05T19:00Z,2,7,1.0,0.0,1.6,3.9,0.0,12.2,0.0,0.0,81.3
2023-10-05T19:00Z,3,5,0.3,0.0,1.2,1.1,5.0,39.4,0.0,0.0,53.0
2023-10-05T19:00Z,4,4,0.4,0.0,0.5,1.2,45.1,22.5,0.0,0.0,30.3
2023-10-05T19:00Z,5,119,21.5,0.0,23.6,0.4,10.5,10.4,0.0,0.0,33.6
2023-10-05T19:00Z,6,39,0.3,0.0,9.7,4.0,1.5,14.4,0.0,0.0,70.1
2023-10-05T19:00Z,7,315,0.0,0.0,80.0,0.1,0.0,2.2,0.0,0.0,17.6
2023-10-05T19:00Z,8,48,0.4,0.0,12.0,2.3,3.1,25.7,0.0,0.0,56.5
2023-10-05T19:00Z,9,200,12.1,0.0,47.1,0.2,5.9,6.2,0.0,0.0,28.5
2023-10-05T19:00Z,10,98,5.8,0.0,23.1,0.1,2.9,31.9,0.0,0.0,36.2
2023-10-05T19:00Z,11,310,1.2,0.0,78.2,0.2,1.8,3.0,0.0,0.0,15.7
2023-10-05T19:00Z,12,200,3.9,0.0,49.0,0.9,5.9,11.2,0.0,0.0,29.1
2023-10-05T19:00Z,13,180,3.8,0.0,44.1,0.9,5.9,17.4,0.0,0.0,28.1
2023-10-05T19:00Z,14,256,1.4,0.0,63.5,1.6,9.2,6.2,0.0,0.0,18.1
2023-10-05T19:00Z,15,125,6.1,0.0,29.4,1.0,7.8,18.3,0.0,0.0,37.3
2023-10-05T19:00Z,16,6,0.9,0.0,1.3,5.0,0.0,10.9,0.0,0.0,81.9
2023-10-05T19:00Z,17,134,0.2,0.0,33.9,3.1,0.0,3.3,0.0,0.0,59.5
2023-10-05T19:00Z,18,118,5.2,0.0,26.6,1.6,6.5,16.6,0.0,0.0,43.5
2023-10-05T19:30Z,1,0,0.0,0.0,0.0,11.8,0.0,0.0,0.0,0.0,88.2
2023-10-05T19:30Z,2,7,1.0,0.0,1.6,3.9,0.0,12.2,0.0,0.0,81.4
2023-10-05T19:30Z,3,4,0.3,0.0,1.0,1.1,5.2,39.0,0.0,0.0,53.5
2023-10-05T19:30Z,4,4,0.4,0.0,0.5,1.2,44.7,22.1,0.0,0.0,31.1
2023-10-05T19:30Z,5,110,21.4,0.0,21.4,0.4,10.7,10.2,0.0,0.0,35.8
2023-10-05T19:30Z,6,34,0.4,0.0,8.4,3.8,1.5,15.0,0.0,0.0,70.9
2023-10-05T19:30Z,7,230,0.1,0.0,58.2,0.4,0.6,3.9,0.0,0.0,36.8
2023-10-05T19:30Z,8,23,0.7,0.0,5.5,2.2,3.6,26.4,0.0,0.0,61.7
2023-10-05T19:30Z,9,174,13.2,0.0,40.2,0.3,6.6,6.3,0.0,0.0,33.4
2023-10-05T19:30Z,10,79,5.8,0.0,18.2,0.1,2.9,32.2,0.0,0.0,40.7
2023-10-05T19:30Z,11,319,1.0,0.0,80.5,0.2,1.1,2.7,0.0,0.0,14.6
2023-10-05T19:30Z,12,185,4.5,0.0,45.4,0.9,4.8,11.7,0.0,0.0,32.7
2023-10-05T19:30Z,13,167,3.9,0.0,40.8,0.9,5.2,17.9,0.0,0.0,31.4
2023-10-05T19:30Z,14,251,1.4,0.0,62.4,1.8,8.0,6.7,0.0,0.0,19.8
2023-10-05T19:30Z,15,116,6.1,0.0,27.5,0.9,6.7,18.7,0.0,0.0,40.1
2023-10-05T19:30Z,16,6,0.9,0.0,1.3,4.8,0.0,10.7,0.0,0.0,82.3
2023-10-05T19:30Z,17,89,0.3,0.0,22.6,2.8,0.0,3.6,0.0,0.0,70.7
2023-10-05T19:30Z,18,105,5.2,0.0,24.3,1.5,5.5,16.9,0.0,0.0,46.6
