from,regions.regionid,regions.intensity.forecast,biomass,coal,gas,hydro,imports,nuclear,other,solar,wind
2023-07-26T21:00Z,1,0,0.0,0.0,0.0,10.9,0.0,0.0,0.0,0.0,89.1
2023-07-26T21:00Z,2,14,2.5,0.0,2.8,3.0,0.0,17.5,0.0,0.0,74.2
2023-07-26T21:00Z,3,59,1.5,0.0,14.4,0.5,10.9,24.3,0.0,0.0,48.5
2023-07-26T21:00Z,4,4,0.3,0.0,0.3,0.2,71.6,17.9,0.0,0.0,9.8
2023-07-26T21:00Z,5,170,38.0,0.0,31.6,0.0,6.0,1.2,0.0,0.0,23.3
2023-07-26T21:00Z,6,30,1.3,0.0,7.1,1.0,4.5,15.0,0.0,0.0,71.1
2023-07-26T21:00Z,7,312,0.0,0.0,79.1,0.0,0.0,0.0,0.0,0.0,20.9
2023-07-26T21:00Z,8,163,3.9,0.5,38.9,0.4,4.9,11.4,0.0,0.0,40.1
2023-07-26T21:00Z,9,248,18.3,2.7,50.9,0.0,2.9,0.6,0.0,0.0,24.6
2023-07-26T21:00Z,10,164,2.9,0.4,39.9,0.0,0.4,11.3,0.0,0.0,45.1
2023-07-26T21:00Z,11,287,2.4,0.3,71.4,0.0,1.0,0.7,0.0,0.0,24.1
2023-07-26T21:00Z,12,227,10.3,1.6,50.4,0.2,4.4,4.2,0.0,0.0,28.8
2023-07-26T21:00Z,13,203,2.4,0.3,49.9,0.4,0.5,8.3,0.0,0.0,38.2
2023-07-26T21:00Z,14,264,0.7,0.1,66.5,1.0,0.1,3.1,0.0,0.0,28.5
2023-07-26T21:00Z,15,187,8.4,0.8,42.9,0.4,6.2,8.4,0.0,0.0,33.0
2023-07-26T21:00Z,16,12,2.0,0.0,2.5,5.0,0.0,13.4,0.0,0.0,77.2
2023-07-26T21:00Z,17,264,0.0,0.0,66.9,0.0,0.0,0.0,0.0,0.0,33.0
2023-07-26T21:00Z,18,167,7.1,0.7,40.0,0.9,5.1,8.4,0.0,0.0,37.9
2023-07-26T21:30Z,1,0,0.0,0.0,0.0,8.2,0.0,0.0,0.0,0.0,91.8
2023-07-26T21:30Z,2,14,2.5,0.0,2.8,2.3,0.0,18.3,0.0,0.0,74.0
2023-07-26T21:30Z,3,52,1.6,0.0,12.6,0.4,11.5,26.6,0.0,0.0,47.4
2023-07-26T21:30Z,4,3,0.2,0.0,0.2,0.3,70.9,20.5,0.0,0.0,7.9
2023-07-26T21:30Z,5,165,39.0,0.0,29.9,0.0,6.3,1.3,0.0,0.0,23.4
2023-07-26T21:30Z,6,28,1.4,0.0,6.8,0.9,4.7,16.4,0.0,0.0,69.8
2023-07-26T21:30Z,7,293,0.0,0.0,74.5,0.0,0.0,0.0,0.0,0.0,25.5
2023-07-26T21:30Z,8,137,4.8,0.6,32.0,0.3,5.9,12.7,0.0,0.0,43.7
2023-07-26T21:30Z,9,243,19.4,2.6,49.5,0.0,3.1,0.6,0.0,0.0,24.8
2023-07-26T21:30Z,10,155,3.0,0.4,37.6,0.0,0.5,12.3,0.0,0.0,46.3
2023-07-26T21:30Z,11,298,1.7,0.4,74.2,0.0,0.7,1.0,0.0,0.0,22.0
2023-07-26T21:30Z,12,218,11.2,1.6,47.9,0.2,4.5,4.8,0.0,0.0,29.7
2023-07-26T21:30Z,13,196,2.5,0.3,48.3,0.3,0.5,9.1,0.0,0.0,39.0
2023-07-26T21:30Z,14,260,0.7,0.1,65.5,0.8,0.2,3.4,0.0,0.0,29.4
2023-07-26T21:30Z,15,179,8.7,0.7,41.1,0.3,6.4,9.0,0.0,0.0,33.8
2023-07-26T21:30Z,16,12,1.9,0.0,2.5,3.9,0.0,14.7,0.0,0.0,77.0
2023-07-26T21:30Z,17,230,0.0,0.0,58.5,0.0,0.0,0.1,0.0,0.0,41.4
2023-07-26T21:30Z,18,159,7.4,0.6,38.0,0.7,5.3,9.1,0.0,0.0,39.0
2023-07-26T22:00Z,1,0,0.0,0.0,0.0,7.1,0.0,0.0,0.0,0.0,92.9
2023-07-26T22:00Z,2,14,2.5,0.0,2.8,2.1,0.0,19.3,0.0,0.0,73.2
2023-07-26T22:00Z,3,43,2.5,0.0,10.2,0.4,9.1,27.9,0.0,0.0,50.0
2023-07-26T22:00Z,4,5,0.5,0.0,0.6,0.3,61.2,21.1,0.0,0.0,16.4
2023-07-26T22:00Z,5,157,41.4,0.0,27.2,0.0,3.9,1.2,0.0,0.0,26.4
2023-07-26T22:00Z,6,24,1.8,0.0,5.4,0.8,3.7,17.3,0.0,0.0,71.1
2023-07-26T22:00Z,7,270,0.0,0.0,68.6,0.0,0.0,0.0,0.0,0.0,31.4
2023-07-26T22:00Z,8,121,6.3,0.9,26.6,0.3,4.8,14.3,0.0,0.0,46.8
2023-07-26T22:00Z,9,245,19.7,3.7,47.3,0.0,1.8,0.6,0.0,0.0,26.9
2023-07-26T22:00Z,10,142,2.6,0.5,34.0,0.0,0.2,13.5,0.0,0.0,49.2
2023-07-26T22:00Z,11,264,3.6,0.7,64.4,0.0,0.7,1.3,0.0,0.0,29.3
2023-07-26T22:00Z,12,214,12.0,2.2,45.5,0.2,2.4,5.0,0.0,0.0,32.8
2023-07-26T22:00Z,13,174,2.0,0.4,42.7,0.2,0.2,9.9,0.0,0.0,44.5
2023-07-26T22:00Z,14,235,0.7,0.1,59.0,0.6,0.1,3.7,0.0,0.0,35.9
2023-07-26T22:00Z,15,174,9.0,0.8,39.3,0.2,6.3,10.1,0.0,0.0,34.2
2023-07-26T22:00Z,16,12,2.0,0.0,2.5,2.7,0.0,15.7,0.0,0.0,77.1
2023-07-26T22:00Z,17,220,0.0,0.0,55.8,0.0,0.0,0.2,0.0,0.0,43.9
2023-07-26T22:00Z,18,151,7.6,0.7,36.3,0.5,5.2,10.1,0.0,0.0,39.7
2023-07-26T22:30Z,1,0,0.0,0.0,0.0,6.2,0.0,0.0,0.0,0.0,93.8
2023-07-26T22:30Z,2,14,2.5,0.0,2.9,1.9,0.0,20.5,0.0,0.0,72.1
2023-07-26T22:30Z,3,41,2.6,0.0,9.5,0.4,7.2,30.4,0.0,0.0,49.9
2023-07-26T22:30Z,4,5,0.7,0.0,0.8,0.5,53.8,23.4,0.0,0.0,20.9
2023-07-26T22:30Z,5,162,40.4,0.0,28.9,0.0,2.5,1.0,0.0,0.0,27.2
2023-07-26T22:30Z,6,24,1.8,0.0,5.5,0.7,3.0,18.4,0.0,0.0,70.6
2023-07-26T22:30Z,7,270,0.0,0.0,68.4,0.0,0.0,0.0,0.0,0.0,31.6
2023-07-26T22:30Z,8,124,6.3,1.5,26.0,0.3,3.8,15.2,0.0,0.0,46.9
2023-07-26T22:30Z,9,256,19.4,5.8,45.2,0.0,1.2,0.5,0.0,0.0,27.8
2023-07-26T22:30Z,10,129,2.7,0.7,30.1,0.0,0.2,14.3,0.0,0.0,52.1
2023-07-26T22:30Z,11,253,4.2,1.2,60.0,0.1,0.6,1.6,0.0,0.0,32.3
2023-07-26T22:30Z,12,217,12.2,3.5,43.0,0.1,1.8,5.2,0.0,0.0,34.1
2023-07-26T22:30Z,13,155,2.2,0.6,37.4,0.1,0.2,10.7,0.0,0.0,48.8
2023-07-26T22:30Z,14,210,0.8,0.2,52.6,0.4,0.1,3.9,0.0,0.0,41.9
2023-07-26T22:30Z,15,162,8.9,1.0,36.0,0.2,6.5,10.6,0.0,0.0,36.8
2023-07-26T22:30Z,16,12,2.0,0.0,2.5,2.3,0.0,16.4,0.0,0.0,76.7
2023-07-26T22:30Z,17,225,0.0,0.0,57.1,0.1,0.0,0.4,0.0,0.0,42.5
2023-07-26T22:30Z,18,145,7.6,0.8,33.7,0.4,5.4,10.6,0.0,0.0,41.6
2023-07-26T23:00Z,1,0,0.0,0.0,0.0,6.8,0.0,0.0,0.0,0.0,93.2
2023-07-26T23:00Z,2,15,2.6,0.0,3.0,2.3,0.0,21.6,0.0,0.0,70.5
2023-07-26T23:00Z,3,40,4.0,0.0,8.8,0.4,6.1,32.5,0.0,0.0,48.2
2023-07-26T23:00Z,4,6,0.7,0.0,0.8,0.7,48.4,27.3,0.0,0.0,22.0
2023-07-26T23:00Z,5,172,41.3,0.0,31.0,0.0,0.7,0.8,0.0,0.0,26.3
2023-07-26T23:00Z,6,21,2.4,0.0,4.7,0.8,2.5,19.8,0.0,0.0,69.8
2023-07-26T23:00Z,7,253,0.0,0.0,64.1,0.0,0.0,0.1,0.0,0.0,35.8
2023-07-26T23:00Z,8,129,7.7,2.3,24.9,0.4,2.9,16.7,0.0,0.0,45.2
2023-07-26T23:00Z,9,268,19.0,6.9,45.9,0.0,0.3,0.4,0.0,0.0,27.5
2023-07-26T23:00Z,10,126,2.0,0.6,29.9,0.0,0.0,14.8,0.0,0.0,52.6
2023-07-26T23:00Z,11,249,4.7,1.6,58.0,0.0,0.4,1.7,0.0,0.0,33.5
2023-07-26T23:00Z,12,223,12.2,4.2,43.0,0.1,1.1,5.3,0.0,0.0,34.1
2023-07-26T23:00Z,13,147,1.6,0.5,35.6,0.1,0.0,11.3,0.0,0.0,50.8
2023-07-26T23:00Z,14,193,0.7,0.2,48.3,0.3,0.0,4.6,0.0,0.0,45.9
2023-07-26T23:00Z,15,161,9.4,1.2,35.0,0.2,4.3,11.2,0.0,0.0,38.8
2023-07-26T23:00Z,16,13,2.1,0.0,2.6,2.2,0.0,17.5,0.0,0.0,75.6
2023-07-26T23:00Z,17,172,0.1,0.0,43.7,0.1,0.0,0.6,0.0,0.0,55.6
2023-07-26T23:00Z,18,142,8.0,1.0,32.0,0.4,3.5,11.2,0.0,0.0,43.9
2023-07-26T23:30Z,1,0,0.0,0.0,0.0,6.0,0.0,0.0,0.0,0.0,94.0
2023-07-26T23:30Z,2,15,2.7,0.0,3.1,2.1,0.0,22.8,0.0,0.0,69.3
2023-07-26T23:30Z,3,46,5.3,0.0,10.1,0.4,3.8,34.4,0.0,0.0,46.1
2023-07-26T23:30Z,4,29,6.2,0.0,5.3,0.6,32.6,28.7,0.0,0.0,26.6
2023-07-26T23:30Z,5,177,40.4,0.0,32.7,0.0,0.0,0.5,0.0,0.0,26.4
2023-07-26T23:30Z,6,25,3.0,0.0,5.4,0.7,1.7,20.7,0.0,0.0,68.6
2023-07-26T23:30Z,7,222,0.0,0.0,56.4,0.0,0.0,0.2,0.0,0.0,43.4
2023-07-26T23:30Z,8,136,9.1,3.2,24.0,0.3,1.8,17.6,0.0,0.0,44.0
2023-07-26T23:30Z,9,283,16.6,8.4,46.6,0.0,0.0,0.3,0.0,0.0,28.0
2023-07-26T23:30Z,10,123,0.8,0.4,30.0,0.0,0.0,15.3,0.0,0.0,53.5
2023-07-26T23:30Z,11,254,4.0,1.9,58.7,0.0,0.2,1.8,0.0,0.0,33.3
2023-07-26T23:30Z,12,231,10.3,4.9,43.7,0.1,0.6,5.3,0.0,0.0,34.9
2023-07-26T23:30Z,13,141,0.7,0.4,34.7,0.1,0.0,12.5,0.0,0.0,51.8
2023-07-26T23:30Z,14,185,0.3,0.1,46.4,0.3,0.0,5.0,0.0,0.0,47.8
2023-07-26T23:30Z,15,155,9.8,1.7,32.2,0.2,3.2,12.0,0.0,0.0,40.9
2023-07-26T23:30Z,16,13,2.1,0.0,2.7,1.8,0.0,18.6,0.0,0.0,74.8
2023-07-26T23:30Z,17,155,0.1,0.0,39.3,0.1,0.0,0.8,0.0,0.0,59.7
2023-07-26T23:30Z,18,140,8.3,1.4,29.4,0.3,2.6,12.0,0.0,0.0,45.9
2023-07-27T00:00Z,1,0,0.0,0.0,0.0,5.0,0.0,0.0,0.0,0.0,95.0
2023-07-27T00:00Z,2,16,2.7,0.0,3.1,1.7,0.0,24.2,0.0,0.0,68.2
2023-07-27T00:00Z,3,60,7.0,0.0,13.1,0.3,2.0,35.5,0.0,0.0,42.1
2023-07-27T00:00Z,4,64,13.2,0.0,12.2,0.5,17.4,27.4,0.0,0.0,29.3
2023-07-27T00:00Z,5,190,39.8,0.0,36.2,0.0,0.0,0.3,0.0,0.0,23.7
2023-07-27T00:00Z,6,30,3.6,0.0,6.3,0.6,0.9,21.4,0.0,0.0,67.1
2023-07-27T00:00Z,7,177,0.4,0.1,44.6,0.0,0.0,0.4,0.0,0.0,54.5
2023-07-27T00:00Z,8,152,10.4,4.0,25.9,0.2,0.9,17.9,0.0,0.0,40.7
2023-07-27T00:00Z,9,293,16.2,9.5,46.8,0.0,0.0,0.2,0.0,0.0,27.4
2023-07-27T00:00Z,10,115,0.2,0.2,28.6,0.0,0.0,16.5,0.0,0.0,54.4
2023-07-27T00:00Z,11,255,3.6,1.8,59.3,0.0,0.1,1.8,0.0,0.0,33.4
2023-07-27T00:00Z,12,238,9.7,5.3,44.7,0.1,0.2,5.2,0.0,0.0,34.8
2023-07-27T00:00Z,13,134,0.2,0.2,33.5,0.1,0.0,13.1,0.0,0.0,53.0
2023-07-27T00:00Z,14,180,0.1,0.1,45.4,0.2,0.1,5.5,0.0,0.0,48.6
2023-07-27T00:00Z,15,164,9.8,2.0,33.8,0.2,1.0,12.7,0.0,0.0,40.5
2023-07-27T00:00Z,16,13,2.1,0.0,2.7,1.6,0.0,19.6,0.0,0.0,73.9
2023-07-27T00:00Z,17,160,0.1,0.0,40.5,0.1,0.0,1.0,0.0,0.0,58.2
2023-07-27T00:00Z,18,145,8.4,1.7,30.8,0.3,0.8,12.7,0.0,0.0,45.3
2023-07-27T00:30Z,1,0,0.0,0.0,0.0,3.1,0.0,0.0,0.0,0.0,96.9
2023-07-27T00:30Z,2,16,2.6,0.0,3.2,1.1,0.0,25.7,0.0,0.0,67.4
2023-07-27T00:30Z,3,67,7.6,0.0,14.7,0.2,0.4,38.0,0.0,0.0,39.0
2023-07-27T00:30Z,4,86,17.5,0.0,16.4,0.3,4.8,27.1,0.0,0.0,33.9
2023-07-27T00:30Z,5,194,40.2,0.0,37.1,0.0,0.0,0.1,0.0,0.0,22.6
2023-07-27T00:30Z,6,32,3.8,0.0,6.9,0.4,0.3,22.3,0.0,0.0,66.4
2023-07-27T00:30Z,7,176,0.4,0.2,44.0,0.0,0.0,0.6,0.0,0.0,54.7
2023-07-27T00:30Z,8,163,10.5,4.7,26.9,0.1,0.2,18.1,0.0,0.0,39.4
2023-07-27T00:30Z,9,298,15.4,10.4,46.1,0.0,0.0,0.1,0.0,0.0,27.9
2023-07-27T00:30Z,10,102,0.0,0.1,25.5,0.0,0.0,17.2,0.0,0.0,57.1
2023-07-27T00:30Z,11,273,2.4,1.7,64.4,0.0,0.0,1.7,0.0,0.0,29.8
2023-07-27T00:30Z,12,241,8.8,5.9,44.5,0.1,0.1,5.1,0.0,0.0,35.5
2023-07-27T00:30Z,13,124,0.0,0.1,31.2,0.1,0.0,13.7,0.0,0.0,54.8
2023-07-27T00:30Z,14,176,0.0,0.1,44.6,0.3,0.1,5.8,0.0,0.0,49.2
2023-07-27T00:30Z,15,164,9.9,2.3,33.0,0.1,1.8,13.5,0.0,0.0,39.4
2023-07-27T00:30Z,16,13,2.1,0.0,2.7,1.7,0.0,21.0,0.0,0.0,72.5
2023-07-27T00:30Z,17,153,0.1,0.0,38.7,0.1,0.1,1.3,0.0,0.0,59.7
2023-07-27T00:30Z,18,146,8.5,1.9,30.1,0.3,1.5,13.5,0.0,0.0,44.3
2023-07-27T01:00Z,1,0,0.0,0.0,0.0,2.8,0.0,0.0,0.0,0.0,97.2
2023-07-27T01:00Z,2,16,2.7,0.0,3.2,1.0,0.0,27.5,0.0,0.0,65.5
2023-07-27T01:00Z,3,79,8.1,0.0,17.7,0.2,0.1,39.3,0.0,0.0,34.6
2023-07-27T01:00Z,4,99,19.3,0.0,19.2,0.3,1.6,29.1,0.0,0.0,30.5
2023-07-27T01:00Z,5,202,39.7,0.0,39.1,0.0,0.0,0.0,0.0,0.0,21.2
2023-07-27T01:00Z,6,38,4.0,0.0,8.2,0.3,0.2,22.7,0.0,0.0,64.5
2023-07-27T01:00Z,7,174,0.7,0.3,43.2,0.0,0.0,0.8,0.0,0.0,55.0
2023-07-27T01:00Z,8,176,10.7,5.1,29.2,0.1,0.1,18.9,0.0,0.0,36.0
2023-07-27T01:00Z,9,313,15.3,11.2,48.0,0.0,0.0,0.0,0.0,0.0,25.4
2023-07-27T01:00Z,10,101,0.4,0.3,24.9,0.0,0.0,17.9,0.0,0.0,56.6
2023-07-27T01:00Z,11,279,2.2,1.6,66.2,0.0,0.0,1.7,0.0,0.0,28.2
2023-07-27T01:00Z,12,249,9.6,6.5,44.9,0.1,0.0,5.2,0.0,0.0,33.7
2023-07-27T01:00Z,13,117,0.3,0.2,29.0,0.1,0.0,14.6,0.0,0.0,55.7
2023-07-27T01:00Z,14,160,0.1,0.1,40.3,0.3,0.0,6.0,0.0,0.0,53.2
2023-07-27T01:00Z,15,168,10.2,2.4,33.9,0.1,0.2,14.3,0.0,0.0,38.9
2023-07-27T01:00Z,16,13,2.1,0.0,2.7,1.8,0.0,22.0,0.0,0.0,71.5
2023-07-27T01:00Z,17,147,0.2,0.0,37.1,0.1,0.1,1.6,0.0,0.0,60.9
2023-07-27T01:00Z,18,149,8.7,2.0,30.7,0.3,0.2,14.3,0.0,0.0,43.9
2023-07-27T01:30Z,1,0,0.0,0.0,0.0,2.6,0.0,0.0,0.0,0.0,97.4
2023-07-27T01:30Z,2,17,2.9,0.0,3.4,1.0,0.0,29.0,0.0,0.0,63.8
2023-07-27T01:30Z,3,80,8.2,0.0,17.9,0.2,0.1,40.9,0.0,0.0,32.8
2023-07-27T01:30Z,4,98,19.0,0.0,18.9,0.3,1.0,31.7,0.0,0.0,29.1
2023-07-27T01:30Z,5,201,39.5,0.0,39.0,0.0,0.0,0.0,0.0,0.0,21.6
2023-07-27T01:30Z,6,43,3.7,0.0,9.5,0.3,0.2,23.1,0.0,0.0,63.2
2023-07-27T01:30Z,7,185,0.6,0.3,46.1,0.0,0.0,1.2,0.0,0.0,51.8
2023-07-27T01:30Z,8,176,10.4,5.0,29.7,0.1,0.1,19.6,0.0,0.0,35.2
2023-07-27T01:30Z,9,314,15.0,11.0,48.8,0.0,0.0,0.0,0.0,0.0,25.2
2023-07-27T01:30Z,10,89,0.6,0.4,21.6,0.0,0.0,18.6,0.0,0.0,58.8
2023-07-27T01:30Z,11,277,2.4,1.8,65.4,0.0,0.0,1.7,0.0,0.0,28.7
2023-07-27T01:30Z,12,249,9.5,6.5,44.8,0.1,0.0,5.5,0.0,0.0,33.7
2023-07-27T01:30Z,13,107,0.5,0.3,26.4,0.1,0.0,15.3,0.0,0.0,57.4
2023-07-27T01:30Z,14,154,0.2,0.1,38.6,0.3,0.1,6.4,0.0,0.0,54.3
2023-07-27T01:30Z,15,168,10.0,2.4,33.8,0.1,1.0,14.9,0.0,0.0,37.7
2023-07-27T01:30Z,16,13,2.2,0.0,2.7,1.6,0.0,22.9,0.0,0.0,70.6
2023-07-27T01:30Z,17,151,0.2,0.0,38.2,0.1,0.1,1.8,0.0,0.0,59.7
2023-07-27T01:30Z,18,147,8.5,2.0,30.6,0.3,0.8,15.0,0.0,0.0,42.8
2023-07-27T02:00Z,1,0,0.0,0.0,0.0,2.2,0.0,0.0,0.0,0.0,97.8
2023-07-27T02:00Z,2,16,2.8,0.0,3.3,0.8,0.0,30.9,0.0,0.0,62.1
2023-07-27T02:00Z,3,79,7.5,0.0,17.6,0.1,0.1,41.7,0.0,0.0,32.9
2023-07-27T02:00Z,4,92,18.0,0.0,17.9,0.2,1.0,34.0,0.0,0.0,28.9
2023-07-27T02:00Z,5,202,39.7,0.0,39.2,0.0,0.0,0.0,0.0,0.0,21.1
2023-07-27T02:00Z,6,42,3.4,0.0,9.4,0.2,0.2,22.9,0.0,0.0,63.9
2023-07-27T02:00Z,7,196,0.5,0.3,48.8,0.0,0.0,1.8,0.0,0.0,48.6
2023-07-27T02:00Z,8,169,10.1,4.5,29.1,0.1,0.1,20.1,0.0,0.0,36.0
2023-07-27T02:00Z,9,309,15.4,10.4,49.1,0.0,0.0,0.0,0.0,0.0,25.0
2023-07-27T02:00Z,10,91,0.6,0.4,22.1,0.0,0.0,19.4,0.0,0.0,57.6
2023-07-27T02:00Z,11,264,3.4,1.9,61.5,0.0,0.0,1.7,0.0,0.0,31.5
2023-07-27T02:00Z,12,244,9.7,6.2,44.4,0.1,0.1,5.7,0.0,0.0,33.9
2023-07-27T02:00Z,13,108,0.5,0.3,26.4,0.1,0.1,15.9,0.0,0.0,56.7
2023-07-27T02:00Z,14,150,0.2,0.1,37.6,0.3,0.3,6.8,0.0,0.0,54.7
2023-07-27T02:00Z,15,165,10.1,2.3,33.2,0.1,0.2,15.3,0.0,0.0,38.7
2023-07-27T02:00Z,16,13,2.2,0.0,2.7,1.6,0.0,23.7,0.0,0.0,69.7
2023-07-27T02:00Z,17,156,0.2,0.0,39.5,0.1,0.0,1.9,0.0,0.0,58.2
2023-07-27T02:00Z,18,146,8.6,1.9,30.3,0.3,0.2,15.4,0.0,0.0,43.4
2023-07-27T02:30Z,1,0,0.0,0.0,0.0,1.6,0.0,0.0,0.0,0.0,98.4
2023-07-27T02:30Z,2,17,2.8,0.0,3.3,0.6,0.0,31.8,0.0,0.0,61.4
2023-07-27T02:30Z,3,84,6.2,0.0,19.4,0.1,0.2,42.3,0.0,0.0,31.8
2023-07-27T02:30Z,4,84,15.9,0.0,16.4,0.2,2.6,36.5,0.0,0.0,28.5
2023-07-27T02:30Z,5,204,39.1,0.0,39.9,0.0,0.0,0.0,0.0,0.0,21.0
2023-07-27T02:30Z,6,55,2.7,0.0,13.0,0.2,0.1,22.3,0.0,0.0,61.7
2023-07-27T02:30Z,7,163,1.3,0.5,39.8,0.0,0.0,2.7,0.0,0.0,55.7
2023-07-27T02:30Z,8,159,9.7,3.9,28.0,0.1,0.1,20.9,0.0,0.0,37.3
2023-07-27T02:30Z,9,295,17.1,9.8,46.2,0.0,0.0,0.0,0.0,0.0,26.8
2023-07-27T02:30Z,10,89,0.5,0.4,21.5,0.0,0.0,20.2,0.0,0.0,57.5
2023-07-27T02:30Z,11,267,3.3,1.8,62.3,0.0,0.0,1.8,0.0,0.0,30.6
2023-07-27T02:30Z,12,232,10.3,5.7,42.3,0.1,0.1,6.0,0.0,0.0,35.6
2023-07-27T02:30Z,13,105,0.4,0.3,25.7,0.1,0.1,16.4,0.0,0.0,57.0
2023-07-27T02:30Z,14,145,0.2,0.1,36.4,0.3,0.3,7.1,0.0,0.0,55.7
2023-07-27T02:30Z,15,163,9.3,2.2,33.3,0.1,1.0,15.8,0.0,0.0,38.3
2023-07-27T02:30Z,16,13,2.2,0.0,2.7,1.7,0.0,24.6,0.0,0.0,68.7
2023-07-27T02:30Z,17,152,0.2,0.0,38.4,0.2,0.0,2.1,0.0,0.0,59.1
2023-07-27T02:30Z,18,142,7.9,1.8,30.2,0.3,0.9,15.9,0.0,0.0,43.1
2023-07-27T03:00Z,1,0,0.0,0.0,0.0,0.6,0.0,0.0,0.0,0.0,99.4
2023-07-27T03:00Z,2,17,2.9,0.0,3.4,0.2,0.0,33.4,0.0,0.0,60.0
2023-07-27T03:00Z,3,76,5.8,0.0,17.4,0.0,0.5,43.7,0.0,0.0,32.5
2023-07-27T03:00Z,4,74,13.9,0.0,14.6,0.1,6.9,40.9,0.0,0.0,23.6
2023-07-27T03:00Z,5,209,39.3,0.0,41.0,0.0,0.0,0.0,0.0,0.0,19.7
2023-07-27T03:00Z,6,45,2.6,0.0,10.6,0.1,0.2,23.0,0.0,0.0,63.5
2023-07-27T03:00Z,7,150,1.9,0.6,36.1,0.0,0.1,3.7,0.0,0.0,57.6
2023-07-27T03:00Z,8,150,9.4,3.4,27.0,0.0,0.2,22.2,0.0,0.0,37.7
2023-07-27T03:00Z,9,298,17.3,9.2,48.4,0.0,0.0,0.0,0.0,0.0,25.1
2023-07-27T03:00Z,10,83,0.9,0.4,19.8,0.0,0.0,21.2,0.0,0.0,57.7
2023-07-27T03:00Z,11,274,3.2,1.7,64.7,0.0,0.0,2.1,0.0,0.0,28.3
2023-07-27T03:00Z,12,233,10.7,5.3,43.3,0.1,0.1,6.4,0.0,0.0,34.1
2023-07-27T03:00Z,13,101,0.7,0.3,24.6,0.1,0.0,17.0,0.0,0.0,57.3
2023-07-27T03:00Z,14,144,0.3,0.1,36.1,0.3,0.1,7.2,0.0,0.0,55.9
2023-07-27T03:00Z,15,159,9.3,1.9,33.2,0.1,1.1,16.4,0.0,0.0,37.9
2023-07-27T03:00Z,16,13,2.2,0.0,2.7,1.7,0.0,25.6,0.0,0.0,67.8
2023-07-27T03:00Z,17,153,0.2,0.0,38.6,0.2,0.0,2.4,0.0,0.0,58.6
2023-07-27T03:00Z,18,139,7.9,1.5,30.1,0.3,0.9,16.5,0.0,0.0,42.7
2023-07-27T03:30Z,1,0,0.0,0.0,0.0,0.7,0.0,0.0,0.0,0.0,99.3
2023-07-27T03:30Z,2,17,2.9,0.0,3.4,0.3,0.0,34.8,0.0,0.0,58.7
2023-07-27T03:30Z,3,67,4.2,0.0,15.7,0.0,2.3,44.9,0.0,0.0,32.9
2023-07-27T03:30Z,4,30,5.5,0.0,5.9,0.1,23.9,49.0,0.0,0.0,15.7
2023-07-27T03:30Z,5,211,39.6,0.0,41.6,0.0,0.0,0.0,0.0,0.0,18.9
2023-07-27T03:30Z,6,41,2.1,0.0,9.7,0.1,0.8,23.4,0.0,0.0,63.9
2023-07-27T03:30Z,7,150,2.0,0.6,36.0,0.0,0.3,4.7,0.0,0.0,56.4
2023-07-27T03:30Z,8,134,8.5,2.6,25.0,0.0,1.1,23.8,0.0,0.0,38.8
2023-07-27T03:30Z,9,285,18.7,7.4,49.1,0.0,0.0,0.0,0.0,0.0,24.8
2023-07-27T03:30Z,10,84,0.9,0.4,20.1,0.0,0.0,22.0,0.0,0.0,56.6
2023-07-27T03:30Z,11,274,3.5,1.3,65.2,0.0,0.1,2.2,0.0,0.0,27.6
2023-07-27T03:30Z,12,224,11.4,4.3,43.0,0.1,0.2,6.8,0.0,0.0,34.2
2023-07-27T03:30Z,13,101,0.8,0.3,24.6,0.1,0.0,17.7,0.0,0.0,56.5
2023-07-27T03:30Z,14,142,0.3,0.1,35.6,0.4,0.0,7.6,0.0,0.0,56.0
2023-07-27T03:30Z,15,152,9.4,1.4,32.3,0.2,1.5,17.1,0.0,0.0,38.1
2023-07-27T03:30Z,16,13,2.2,0.0,2.7,1.7,0.0,26.4,0.0,0.0,67.0
2023-07-27T03:30Z,17,146,0.2,0.0,36.9,0.2,0.0,2.7,0.0,0.0,60.1
2023-07-27T03:30Z,18,133,8.0,1.2,29.2,0.3,1.3,17.2,0.0,0.0,42.9
2023-07-27T04:00Z,1,0,0.0,0.0,0.0,0.8,0.0,0.0,0.0,0.0,99.2
2023-07-27T04:00Z,2,17,2.8,0.0,3.4,0.3,0.0,36.3,0.0,0.0,57.2
2023-07-27T04:00Z,3,53,3.9,0.0,12.3,0.0,2.7,46.0,0.0,0.0,35.0
2023-07-27T04:00Z,4,21,3.7,0.0,4.0,0.1,29.1,48.6,0.0,0.0,14.5
2023-07-27T04:00Z,5,213,40.3,0.0,41.8,0.0,0.0,0.2,0.0,0.0,17.7
2023-07-27T04:00Z,6,36,2.0,0.0,8.4,0.1,1.0,24.0,0.0,0.0,64.5
2023-07-27T04:00Z,7,152,2.3,0.4,36.7,0.0,0.4,6.0,0.0,0.0,54.2
2023-07-27T04:00Z,8,123,8.3,1.7,24.5,0.0,1.3,24.6,0.0,0.0,39.5
2023-07-27T04:00Z,9,279,18.5,5.3,52.6,0.0,0.0,0.1,0.0,0.0,23.5
2023-07-27T04:00Z,10,91,0.8,0.2,22.2,0.0,0.0,21.7,0.0,0.0,55.0
2023-07-27T04:00Z,11,276,3.6,1.0,66.6,0.0,0.2,2.4,0.0,0.3,25.9
2023-07-27T04:00Z,12,218,11.1,3.0,44.6,0.1,0.7,7.2,0.0,0.1,33.1
2023-07-27T04:00Z,13,105,0.6,0.2,26.1,0.2,0.0,18.4,0.0,0.0,54.5
2023-07-27T04:00Z,14,145,0.3,0.1,36.6,0.6,0.0,8.0,0.0,0.0,54.5
2023-07-27T04:00Z,15,150,9.4,0.9,33.1,0.2,1.6,17.3,0.0,0.0,37.6
2023-07-27T04:00Z,16,13,2.1,0.0,2.7,1.7,0.1,27.8,0.0,0.0,65.7
2023-07-27T04:00Z,17,145,0.2,0.0,36.6,0.2,0.1,3.0,0.0,0.0,60.0
2023-07-27T04:00Z,18,131,7.9,0.8,29.9,0.3,1.3,17.5,0.0,0.0,42.3
2023-07-27T04:30Z,1,0,0.0,0.0,0.0,1.9,0.0,0.0,0.0,0.0,98.1
2023-07-27T04:30Z,2,17,2.8,0.0,3.3,0.7,0.0,36.9,0.0,0.0,56.2
2023-07-27T04:30Z,3,48,3.3,0.0,11.2,0.1,2.3,45.2,0.0,0.0,38.0
2023-07-27T04:30Z,4,16,2.8,0.0,3.1,0.1,29.9,46.1,0.0,0.1,17.9
2023-07-27T04:30Z,5,217,40.1,0.0,42.8,0.0,0.0,0.7,0.0,0.0,16.4
2023-07-27T04:30Z,6,33,1.7,0.0,7.8,0.2,0.8,23.8,0.0,0.2,65.5
2023-07-27T04:30Z,7,163,2.1,0.3,40.2,0.0,0.3,6.6,0.0,0.2,50.4
2023-07-27T04:30Z,8,116,7.7,1.0,24.7,0.1,1.1,24.5,0.0,0.1,40.8
2023-07-27T04:30Z,9,271,18.2,2.8,56.5,0.0,0.0,0.3,0.0,0.1,22.1
2023-07-27T04:30Z,10,90,0.7,0.1,22.4,0.0,0.0,21.8,0.0,0.1,55.0
2023-07-27T04:30Z,11,270,3.6,0.6,66.1,0.1,0.7,2.9,0.0,0.8,25.3
2023-07-27T04:30Z,12,209,10.8,1.7,45.5,0.2,2.1,7.5,0.0,0.3,32.1
2023-07-27T04:30Z,13,103,0.5,0.1,25.8,0.2,0.0,17.8,0.0,0.1,55.5
2023-07-27T04:30Z,14,135,0.2,0.0,34.2,0.7,0.0,8.3,0.0,0.1,56.3
2023-07-27T04:30Z,15,146,9.2,0.6,32.7,0.2,3.2,16.6,0.0,0.1,37.4
2023-07-27T04:30Z,16,14,2.1,0.0,2.7,2.0,0.2,28.6,0.0,0.0,64.4
2023-07-27T04:30Z,17,147,0.3,0.0,37.3,0.2,0.0,3.3,0.0,0.1,58.8
2023-07-27T04:30Z,18,129,7.8,0.5,29.7,0.4,2.7,17.1,0.0,0.1,41.7
2023-07-27T05:00Z,1,0,0.0,0.0,0.0,2.7,0.0,0.0,0.0,0.0,97.3
2023-07-27T05:00Z,2,21,2.7,0.0,3.3,1.0,0.9,38.0,0.0,0.1,53.9
2023-07-27T05:00Z,3,43,2.7,0.0,9.8,0.1,5.5,44.7,0.0,0.0,37.1
2023-07-27T05:00Z,4,4,0.4,0.0,0.5,0.1,47.5,41.7,0.0,0.1,9.7
2023-07-27T05:00Z,5,214,40.0,0.0,42.2,0.0,1.3,1.2,0.0,0.1,15.1
2023-07-27T05:00Z,6,29,1.6,0.0,6.4,0.3,2.3,24.1,0.0,0.4,65.0
2023-07-27T05:00Z,7,173,2.2,0.1,42.8,0.0,0.9,6.0,0.0,0.3,47.7
2023-07-27T05:00Z,8,111,7.1,0.4,24.8,0.1,3.0,24.7,0.0,0.3,39.5
2023-07-27T05:00Z,9,270,17.3,1.5,59.7,0.0,0.6,0.6,0.0,0.3,20.0
2023-07-27T05:00Z,10,94,0.9,0.1,23.4,0.0,0.0,22.0,0.0,0.2,53.4
2023-07-27T05:00Z,11,266,4.1,0.3,65.4,0.1,1.2,3.3,0.0,1.6,24.0
2023-07-27T05:00Z,12,208,10.5,0.8,47.2,0.2,2.9,7.9,0.0,0.6,29.8
2023-07-27T05:00Z,13,106,0.7,0.1,26.5,0.2,0.0,17.7,0.0,0.2,54.5
2023-07-27T05:00Z,14,138,0.3,0.0,34.7,0.8,0.0,8.0,0.0,0.2,55.8
2023-07-27T05:00Z,15,150,8.4,0.4,34.5,0.2,6.3,16.5,0.0,0.3,33.4
2023-07-27T05:00Z,16,14,2.1,0.0,2.7,2.2,0.1,29.4,0.0,0.1,63.5
2023-07-27T05:00Z,17,165,0.2,0.0,41.9,0.3,0.0,3.1,0.0,0.3,54.2
2023-07-27T05:00Z,18,132,7.2,0.3,31.6,0.4,5.2,17.0,0.0,0.3,38.0
2023-07-27T05:30Z,1,0,0.0,0.0,0.0,4.2,0.0,0.0,0.0,0.0,95.8
2023-07-27T05:30Z,2,23,2.7,0.0,3.3,1.6,2.4,39.8,0.0,0.1,50.0
2023-07-27T05:30Z,3,39,1.1,0.0,9.4,0.2,11.9,46.1,0.0,0.1,31.3
2023-07-27T05:30Z,4,2,0.0,0.0,0.0,0.1,61.8,37.1,0.0,0.1,0.9
2023-07-27T05:30Z,5,208,36.7,0.0,41.4,0.0,7.5,1.8,0.0,0.2,12.5
2023-07-27T05:30Z,6,28,1.0,0.0,6.1,0.4,5.7,25.2,0.0,0.8,60.7
2023-07-27T05:30Z,7,197,1.6,0.1,49.3,0.0,2.3,5.1,0.0,0.5,41.1
2023-07-27T05:30Z,8,96,5.6,0.2,21.9,0.2,8.1,26.2,0.0,0.6,37.3
2023-07-27T05:30Z,9,259,17.6,0.7,58.9,0.0,3.6,0.7,0.0,0.5,18.0
2023-07-27T05:30Z,10,107,1.3,0.0,26.7,0.0,0.3,22.5,0.0,0.4,48.8
2023-07-27T05:30Z,11,250,5.3,0.2,61.3,0.1,2.8,3.7,0.0,2.9,23.7
2023-07-27T05:30Z,12,199,10.7,0.4,46.0,0.2,5.7,8.4,0.0,1.2,27.4
2023-07-27T05:30Z,13,117,1.1,0.0,29.3,0.2,0.4,18.0,0.0,0.4,50.6
2023-07-27T05:30Z,14,145,0.5,0.0,36.4,0.7,0.7,7.3,0.0,0.5,53.8
2023-07-27T05:30Z,15,146,8.0,0.3,33.9,0.2,7.5,16.3,0.0,0.6,33.3
2023-07-27T05:30Z,16,14,2.1,0.0,2.7,2.6,0.1,30.2,0.0,0.1,62.3
2023-07-27T05:30Z,17,162,0.3,0.0,40.8,0.3,0.1,3.0,0.0,0.6,55.0
2023-07-27T05:30Z,18,130,6.9,0.2,31.1,0.5,6.2,16.9,0.0,0.5,37.7
2023-07-27T06:00Z,1,0,0.0,0.0,0.0,4.8,0.0,0.0,0.0,0.0,95.2
2023-07-27T06:00Z,2,23,2.6,0.0,3.3,1.8,2.7,39.1,0.0,0.3,50.3
2023-07-27T06:00Z,3,39,1.2,0.0,9.4,0.2,12.2,44.4,0.0,0.1,32.5
2023-07-27T06:00Z,4,2,0.0,0.0,0.0,0.0,65.6,33.2,0.0,0.2,1.0
2023-07-27T06:00Z,5,202,38.0,0.0,39.6,0.0,7.7,2.2,0.0,0.3,12.3
2023-07-27T06:00Z,6,29,1.0,0.0,6.4,0.5,5.4,24.6,0.0,1.4,60.7
2023-07-27T06:00Z,7,266,0.5,0.0,67.3,0.0,0.7,3.5,0.0,0.7,27.4
2023-07-27T06:00Z,8,101,5.3,0.1,23.3,0.2,7.6,26.0,0.0,1.2,36.2
2023-07-27T06:00Z,9,265,15.8,0.4,61.4,0.0,3.2,1.0,0.0,1.0,17.2
2023-07-27T06:00Z,10,118,0.6,0.0,25.7,0.0,3.6,21.0,0.0,0.7,48.3
2023-07-27T06:00Z,11,238,4.7,0.1,58.2,0.1,3.0,4.0,0.0,5.1,24.8
2023-07-27T06:00Z,12,202,8.8,0.2,47.2,0.2,5.6,8.0,0.0,2.1,27.9
2023-07-27T06:00Z,13,130,0.5,0.0,29.4,0.2,3.2,17.5,0.0,0.8,48.3
2023-07-27T06:00Z,14,162,0.2,0.0,39.3,0.7,2.3,7.9,0.0,0.9,48.7
2023-07-27T06:00Z,15,148,7.7,0.2,33.4,0.2,8.5,16.5,0.0,1.1,32.4
2023-07-27T06:00Z,16,14,2.0,0.0,2.6,2.8,0.2,30.9,0.0,0.2,61.2
2023-07-27T06:00Z,17,202,0.2,0.0,51.2,0.2,0.0,2.7,0.0,0.9,44.7
2023-07-27T06:00Z,18,137,6.6,0.2,31.4,0.5,7.1,17.0,0.0,1.0,36.2
2023-07-27T06:30Z,1,0,0.0,0.0,0.0,4.7,0.0,0.0,0.0,0.0,95.3
2023-07-27T06:30Z,2,26,2.5,0.0,3.2,1.7,3.7,39.9,0.0,0.4,48.6
2023-07-27T06:30Z,3,39,1.3,0.0,9.0,0.2,12.1,45.2,0.0,0.3,31.9
2023-07-27T06:30Z,4,2,0.0,0.0,0.0,0.0,69.2,29.2,0.0,0.4,1.2
2023-07-27T06:30Z,5,200,38.7,0.0,38.9,0.0,7.4,2.7,0.0,0.6,11.8
2023-07-27T06:30Z,6,28,1.0,0.0,5.9,0.4,5.5,24.8,0.0,2.4,60.0
2023-07-27T06:30Z,7,304,0.0,0.0,77.3,0.0,0.0,2.3,0.0,0.7,19.6
2023-07-27T06:30Z,8,110,5.2,0.1,25.7,0.2,7.2,25.4,0.0,2.0,34.2
2023-07-27T06:30Z,9,270,14.4,0.3,63.4,0.0,2.8,1.4,0.0,1.6,16.2
2023-07-27T06:30Z,10,124,0.0,0.0,22.7,0.0,7.2,21.9,0.0,1.3,46.8
2023-07-27T06:30Z,11,235,4.0,0.1,57.5,0.1,3.3,4.1,0.0,8.2,22.8
2023-07-27T06:30Z,12,204,7.5,0.1,47.5,0.2,6.2,8.0,0.0,3.5,26.9
2023-07-27T06:30Z,13,138,0.0,0.0,27.8,0.2,6.5,17.0,0.0,1.4,47.2
2023-07-27T06:30Z,14,167,0.0,0.0,39.1,0.7,4.4,8.0,0.0,1.5,46.2
2023-07-27T06:30Z,15,149,7.5,0.2,33.3,0.2,9.1,16.3,0.0,1.8,31.5
2023-07-27T06:30Z,16,14,2.0,0.0,2.6,3.1,0.3,31.7,0.0,0.3,59.9
2023-07-27T06:30Z,17,214,0.1,0.0,54.2,0.2,0.0,2.6,0.0,1.4,41.4
2023-07-27T06:30Z,18,140,6.4,0.2,31.5,0.5,7.6,17.0,0.0,1.7,35.1
2023-07-27T07:00Z,1,0,0.0,0.0,0.0,4.5,0.0,0.0,0.0,0.0,95.5
2023-07-27T07:00Z,2,24,2.4,0.0,3.2,1.5,3.0,41.6,0.0,0.7,47.5
2023-07-27T07:00Z,3,39,1.2,0.0,9.1,0.2,11.9,45.5,0.0,0.4,31.7
2023-07-27T07:00Z,4,2,0.0,0.0,0.0,0.0,70.6,27.4,0.0,0.7,1.3
2023-07-27T07:00Z,5,194,39.1,0.0,37.4,0.0,7.7,2.9,0.0,0.9,12.1
2023-07-27T07:00Z,6,34,0.9,0.0,7.6,0.4,5.0,25.0,0.0,3.5,57.6
2023-07-27T07:00Z,7,315,0.0,0.0,80.0,0.0,0.0,1.4,0.0,1.1,17.5
2023-07-27T07:00Z,8,123,4.5,0.1,29.3,0.2,6.6,23.7,0.0,3.1,32.6
2023-07-27T07:00Z,9,267,12.9,0.3,62.6,0.0,2.8,1.8,0.0,2.7,16.8
2023-07-27T07:00Z,10,127,0.0,0.0,22.5,0.0,8.1,21.3,0.0,2.4,45.7
2023-07-27T07:00Z,11,216,3.3,0.1,52.2,0.1,4.8,4.0,0.0,13.2,22.3
2023-07-27T07:00Z,12,196,6.3,0.1,45.0,0.2,9.0,7.8,0.0,5.6,25.9
2023-07-27T07:00Z,13,135,0.0,0.0,25.8,0.2,10.2,16.5,0.0,2.4,44.9
2023-07-27T07:00Z,14,152,0.0,0.0,32.6,0.7,14.5,7.4,0.0,2.5,42.3
2023-07-27T07:00Z,15,155,7.0,0.2,34.4,0.2,9.9,16.1,0.0,2.9,29.3
2023-07-27T07:00Z,16,14,2.0,0.0,2.6,3.2,0.3,32.1,0.0,0.6,59.3
2023-07-27T07:00Z,17,214,0.1,0.0,54.3,0.2,0.0,2.5,0.0,2.1,40.8
2023-07-27T07:00Z,18,142,6.0,0.2,32.4,0.5,8.2,16.9,0.0,2.6,33.2
2023-07-27T07:30Z,1,0,0.0,0.0,0.0,4.2,0.0,0.0,0.0,0.0,95.8
2023-07-27T07:30Z,2,19,2.4,0.0,3.2,1.4,3.1,41.7,0.0,1.1,47.1
2023-07-27T07:30Z,3,41,1.3,0.0,9.9,0.1,11.6,46.4,0.0,0.6,30.1
2023-07-27T07:30Z,4,2,0.0,0.0,0.0,0.0,69.3,28.3,0.0,1.1,1.3
2023-07-27T07:30Z,5,197,38.6,0.0,38.2,0.0,7.2,2.8,0.0,1.3,11.8
2023-07-27T07:30Z,6,40,0.9,0.0,9.3,0.3,4.9,24.6,0.0,4.8,55.1
2023-07-27T07:30Z,7,321,0.0,0.0,81.6,0.0,0.0,0.4,0.0,1.7,16.4
2023-07-27T07:30Z,8,133,4.2,0.1,32.0,0.1,6.1,23.1,0.0,4.5,29.9
2023-07-27T07:30Z,9,263,11.9,0.3,61.7,0.0,2.8,2.0,0.0,4.3,17.1
2023-07-27T07:30Z,10,125,0.0,0.0,21.0,0.0,8.9,21.4,0.0,3.9,44.7
2023-07-27T07:30Z,11,190,2.8,0.1,45.3,0.1,6.6,3.8,0.0,20.0,21.4
2023-07-27T07:30Z,12,188,5.3,0.1,42.3,0.2,12.3,7.2,0.0,8.4,24.2
2023-07-27T07:30Z,13,133,0.0,0.0,24.1,0.2,12.8,16.3,0.0,3.9,42.7
2023-07-27T07:30Z,14,149,0.0,0.0,30.6,0.6,20.5,5.8,0.0,3.8,38.7
2023-07-27T07:30Z,15,156,6.6,0.2,35.0,0.2,9.6,15.9,0.0,4.4,28.1
2023-07-27T07:30Z,16,15,1.9,0.0,2.5,3.3,0.6,33.3,0.0,0.8,57.6
2023-07-27T07:30Z,17,215,0.1,0.0,54.5,0.2,0.0,1.8,0.0,2.9,40.3
2023-07-27T07:30Z,18,141,5.7,0.2,32.9,0.5,8.1,16.8,0.0,4.0,31.9
2023-07-27T08:00Z,1,0,0.0,0.0,0.0,5.0,0.0,0.0,0.0,0.0,95.0
2023-07-27T08:00Z,2,15,2.3,0.0,3.0,1.5,2.9,42.7,0.0,1.6,46.1
2023-07-27T08:00Z,3,52,1.7,0.0,12.6,0.1,10.8,46.3,0.0,0.8,27.6
2023-07-27T08:00Z,4,2,0.0,0.0,0.0,0.0,68.6,28.3,0.0,1.7,1.4
2023-07-27T08:00Z,5,200,38.4,0.0,39.0,0.0,6.3,2.6,0.0,1.8,11.9
2023-07-27T08:00Z,6,42,1.0,0.0,9.9,0.3,4.8,24.1,0.0,6.4,53.4
2023-07-27T08:00Z,7,329,0.0,0.0,83.4,0.0,0.0,0.0,0.0,2.2,14.4
2023-07-27T08:00Z,8,155,3.7,0.1,37.5,0.1,5.3,21.4,0.0,5.8,26.1
2023-07-27T08:00Z,9,264,9.5,0.3,62.2,0.0,2.6,2.3,0.0,6.1,17.0
2023-07-27T08:00Z,10,125,0.0,0.0,19.6,0.0,10.0,21.8,0.0,5.9,42.7
2023-07-27T08:00Z,11,175,1.9,0.1,40.8,0.1,8.7,3.4,0.0,26.6,18.5
2023-07-27T08:00Z,12,182,3.8,0.1,39.2,0.2,17.3,6.5,0.0,11.6,21.3
2023-07-27T08:00Z,13,132,0.0,0.0,21.6,0.2,19.3,15.6,0.0,5.4,37.8
2023-07-27T08:00Z,14,144,0.0,0.0,25.2,0.5,34.5,4.7,0.0,4.8,30.3
2023-07-27T08:00Z,15,153,6.4,0.2,33.0,0.2,13.2,15.8,0.0,6.1,25.3
2023-07-27T08:00Z,16,14,1.9,0.0,2.4,3.4,0.5,33.5,0.0,1.2,57.1
2023-07-27T08:00Z,17,220,0.1,0.0,55.6,0.1,0.1,1.4,0.0,3.8,38.8
2023-07-27T08:00Z,18,141,5.5,0.2,31.2,0.5,11.0,16.7,0.0,5.4,29.5
2023-07-27T08:30Z,1,0,0.0,0.0,0.0,5.0,0.0,0.0,0.0,0.0,95.0
2023-07-27T08:30Z,2,15,2.3,0.0,3.0,1.4,2.8,42.9,0.0,2.0,45.5
2023-07-27T08:30Z,3,50,1.8,0.0,12.1,0.1,10.8,46.8,0.0,1.1,27.3
2023-07-27T08:30Z,4,2,0.0,0.0,0.0,0.0,68.8,27.6,0.0,2.1,1.5
2023-07-27T08:30Z,5,203,37.9,0.0,39.9,0.0,5.9,2.5,0.0,2.1,11.8
2023-07-27T08:30Z,6,49,1.0,0.0,11.8,0.3,4.3,23.5,0.0,7.6,51.5
2023-07-27T08:30Z,7,334,0.0,0.0,84.7,0.0,0.0,0.0,0.0,2.7,12.6
2023-07-27T08:30Z,8,168,3.5,0.1,40.9,0.1,4.7,20.4,0.0,6.6,23.8
2023-07-27T08:30Z,9,262,9.7,0.3,61.4,0.0,2.6,2.5,0.0,7.5,16.0
2023-07-27T08:30Z,10,133,0.0,0.0,20.9,0.0,10.6,20.2,0.0,7.3,40.8
2023-07-27T08:30Z,11,143,2.1,0.1,32.3,0.1,10.0,3.0,0.0,33.4,19.0
2023-07-27T08:30Z,12,179,3.8,0.1,38.5,0.2,17.7,5.6,0.0,14.4,19.8
2023-07-27T08:30Z,13,133,0.0,0.0,21.6,0.2,21.5,14.7,0.0,6.7,35.4
2023-07-27T08:30Z,14,137,0.0,0.0,23.1,0.4,39.0,3.6,0.0,5.9,28.0
2023-07-27T08:30Z,15,159,6.2,0.2,32.5,0.2,14.3,15.6,0.0,7.3,23.7
2023-07-27T08:30Z,16,14,1.9,0.0,2.9,3.3,0.1,33.4,0.0,1.6,56.9
2023-07-27T08:30Z,17,252,0.0,0.0,63.7,0.1,0.3,1.1,0.0,4.1,30.8
2023-07-27T08:30Z,18,145,5.3,0.2,31.5,0.5,11.8,16.5,0.0,6.4,27.7
2023-07-27T09:00Z,1,0,0.0,0.0,0.0,5.6,0.0,0.0,0.0,0.0,94.4
2023-07-27T09:00Z,2,14,2.2,0.0,2.9,1.5,3.2,43.2,0.0,2.3,44.6
2023-07-27T09:00Z,3,52,2.3,0.0,12.5,0.1,10.9,46.7,0.0,1.4,26.1
2023-07-27T09:00Z,4,2,0.0,0.0,0.0,0.0,68.5,27.3,0.0,2.6,1.6
2023-07-27T09:00Z,5,207,37.4,0.0,41.1,0.0,5.0,2.2,0.0,2.4,11.9
2023-07-27T09:00Z,6,48,1.2,0.0,11.7,0.3,4.2,23.6,0.0,9.3,49.7
2023-07-27T09:00Z,7,329,0.0,0.0,83.6,0.0,0.0,0.0,0.0,3.7,12.7
2023-07-27T09:00Z,8,170,3.7,0.1,41.1,0.1,4.7,19.4,0.0,8.0,22.9
2023-07-27T09:00Z,9,263,8.9,0.4,61.4,0.0,2.5,2.7,0.0,8.5,15.6
2023-07-27T09:00Z,10,136,0.0,0.0,20.8,0.0,11.3,19.9,0.0,8.7,39.3
2023-07-27T09:00Z,11,131,1.9,0.1,28.9,0.1,12.2,2.5,0.0,36.8,17.5
2023-07-27T09:00Z,12,172,3.2,0.2,36.1,0.1,20.9,5.0,0.0,16.5,17.9
2023-07-27T09:00Z,13,133,0.0,0.0,21.1,0.2,24.2,14.0,0.0,7.7,32.9
2023-07-27T09:00Z,14,134,0.0,0.0,22.3,0.4,43.3,2.7,0.0,6.5,24.8
2023-07-27T09:00Z,15,159,6.0,0.2,32.2,0.1,15.1,15.2,0.0,8.4,22.8
2023-07-27T09:00Z,16,17,1.8,0.0,3.7,3.2,0.1,33.6,0.0,1.8,55.9
2023-07-27T09:00Z,17,260,0.0,0.0,65.7,0.0,0.2,0.7,0.0,5.0,28.3
2023-07-27T09:00Z,18,145,5.2,0.2,31.4,0.5,12.5,16.2,0.0,7.5,26.7
2023-07-27T09:30Z,1,0,0.0,0.0,0.0,5.7,0.0,0.0,0.0,0.0,94.3
2023-07-27T09:30Z,2,14,2.2,0.0,2.9,1.4,3.4,43.1,0.0,2.6,44.5
2023-07-27T09:30Z,3,58,2.6,0.0,13.8,0.1,10.9,46.2,0.0,1.6,24.8
2023-07-27T09:30Z,4,2,0.0,0.0,0.0,0.0,68.1,27.1,0.0,3.1,1.7
2023-07-27T09:30Z,5,206,37.9,0.0,40.7,0.0,4.6,2.1,0.0,2.7,12.1
2023-07-27T09:30Z,6,41,1.3,0.0,10.1,0.3,4.4,23.7,0.0,11.2,49.1
2023-07-27T09:30Z,7,326,0.0,0.0,82.6,0.0,0.0,0.0,0.0,4.7,12.7
2023-07-27T09:30Z,8,173,3.9,0.2,41.8,0.1,4.6,18.8,0.0,9.0,21.5
2023-07-27T09:30Z,9,265,9.1,0.6,61.4,0.0,2.4,2.6,0.0,9.2,14.6
2023-07-27T09:30Z,10,139,0.0,0.0,20.9,0.0,12.0,19.7,0.0,9.8,37.6
2023-07-27T09:30Z,11,114,1.9,0.1,24.8,0.1,11.3,2.3,0.0,43.0,16.5
2023-07-27T09:30Z,12,170,3.4,0.2,35.6,0.1,20.3,4.4,0.0,18.8,17.1
2023-07-27T09:30Z,13,133,0.0,0.0,20.4,0.2,25.2,13.4,0.0,8.8,32.0
2023-07-27T09:30Z,14,127,0.0,0.0,20.2,0.4,45.3,2.1,0.0,7.5,24.5
2023-07-27T09:30Z,15,158,6.3,0.2,31.5,0.1,15.4,14.8,0.0,9.6,22.0
2023-07-27T09:30Z,16,16,1.8,0.0,3.5,2.7,0.1,33.7,0.0,2.0,56.2
2023-07-27T09:30Z,17,258,0.0,0.0,65.2,0.0,0.2,0.3,0.0,6.4,27.9
2023-07-27T09:30Z,18,144,5.4,0.2,30.8,0.4,12.8,15.9,0.0,8.5,26.1
2023-07-27T10:00Z,1,0,0.0,0.0,0.0,5.3,0.0,0.0,0.0,0.0,94.7
2023-07-27T10:00Z,2,14,2.1,0.0,2.9,1.3,3.3,43.3,0.0,2.8,44.4
2023-07-27T10:00Z,3,59,2.4,0.0,14.2,0.1,10.7,46.6,0.0,1.9,24.2
2023-07-27T10:00Z,4,2,0.0,0.0,0.0,0.0,67.8,27.0,0.0,3.2,2.0
2023-07-27T10:00Z,5,202,37.6,0.0,39.7,0.0,4.7,2.0,0.0,3.1,12.8
2023-07-27T10:00Z,6,55,1.1,0.0,13.6,0.3,4.1,23.1,0.0,12.4,45.4
2023-07-27T10:00Z,7,323,0.0,0.0,81.9,0.0,0.0,0.0,0.0,5.6,12.6
2023-07-27T10:00Z,8,171,3.9,0.2,41.3,0.1,4.6,18.5,0.0,10.1,21.3
2023-07-27T10:00Z,9,263,9.7,0.7,60.6,0.0,2.3,2.4,0.0,10.1,14.1
2023-07-27T10:00Z,10,135,0.0,0.0,20.5,0.0,11.4,20.0,0.0,11.0,37.1
2023-07-27T10:00Z,11,105,1.9,0.1,22.9,0.1,9.9,2.1,0.0,47.5,15.5
2023-07-27T10:00Z,12,167,3.7,0.3,35.1,0.1,19.2,4.1,0.0,20.8,16.7
2023-07-27T10:00Z,13,129,0.0,0.0,19.6,0.2,25.2,13.0,0.0,10.0,32.1
2023-07-27T10:00Z,14,121,0.0,0.0,18.5,0.4,46.0,1.9,0.0,8.5,24.6
2023-07-27T10:00Z,15,155,6.3,0.2,31.3,0.1,14.9,14.8,0.0,10.7,21.7
2023-07-27T10:00Z,16,15,1.8,0.0,3.3,2.0,0.0,34.3,0.0,2.2,56.4
2023-07-27T10:00Z,17,256,0.0,0.0,64.8,0.0,0.2,0.0,0.0,7.7,27.3
2023-07-27T10:00Z,18,142,5.4,0.2,30.6,0.3,12.4,15.8,0.0,9.6,25.7
2023-07-27T10:30Z,1,0,0.0,0.0,0.0,4.8,0.0,0.0,0.0,0.0,95.2
2023-07-27T10:30Z,2,14,2.1,0.0,2.9,1.1,3.3,43.4,0.0,2.9,44.3
2023-07-27T10:30Z,3,57,2.3,0.0,13.6,0.1,10.9,47.0,0.0,2.2,23.9
2023-07-27T10:30Z,4,2,0.0,0.0,0.0,0.0,66.8,27.6,0.0,3.3,2.3
2023-07-27T10:30Z,5,198,37.4,0.0,38.8,0.0,5.0,2.0,0.0,3.4,13.5
2023-07-27T10:30Z,6,54,1.1,0.0,13.4,0.2,4.2,23.1,0.0,13.8,44.1
2023-07-27T10:30Z,7,321,0.0,0.0,81.4,0.0,0.0,0.0,0.0,6.1,12.5
2023-07-27T10:30Z,8,169,4.0,0.2,40.8,0.1,4.7,18.2,0.0,11.2,20.9
2023-07-27T10:30Z,9,261,10.3,0.6,60.7,0.0,2.2,2.2,0.0,10.8,13.3
2023-07-27T10:30Z,10,136,0.0,0.0,21.4,0.0,10.9,19.5,0.0,11.8,36.4
2023-07-27T10:30Z,11,97,1.9,0.1,21.5,0.1,8.0,1.9,0.0,52.2,14.2
2023-07-27T10:30Z,12,168,4.1,0.2,35.8,0.1,17.0,3.9,0.0,22.7,16.2
2023-07-27T10:30Z,13,130,0.0,0.0,20.2,0.2,23.8,12.7,0.0,10.9,32.2
2023-07-27T10:30Z,14,121,0.0,0.0,18.4,0.4,44.3,1.8,0.0,9.6,25.5
2023-07-27T10:30Z,15,154,6.2,0.2,31.3,0.1,14.3,14.6,0.0,11.8,21.5
2023-07-27T10:30Z,16,17,1.8,0.0,3.6,1.5,0.1,34.4,0.0,2.4,56.3
2023-07-27T10:30Z,17,261,0.0,0.0,65.9,0.0,0.2,0.0,0.0,8.3,25.5
2023-07-27T10:30Z,18,141,5.3,0.1,30.7,0.3,11.9,15.7,0.0,10.5,25.4
2023-07-27T11:00Z,1,0,0.0,0.0,0.0,4.8,0.0,0.0,0.0,0.0,95.2
2023-07-27T11:00Z,2,14,2.1,0.0,2.9,1.0,3.4,43.3,0.0,3.1,44.3
2023-07-27T11:00Z,3,56,2.3,0.0,13.4,0.1,11.4,46.8,0.0,2.6,23.5
2023-07-27T11:00Z,4,2,0.0,0.0,0.0,0.0,66.4,27.6,0.0,3.4,2.6
2023-07-27T11:00Z,5,197,35.6,0.0,39.1,0.0,5.0,1.9,0.0,3.7,14.7
2023-07-27T11:00Z,6,57,1.1,0.0,14.1,0.2,4.2,23.0,0.0,15.0,42.4
2023-07-27T11:00Z,7,319,0.0,0.0,81.1,0.0,0.0,0.0,0.0,6.4,12.5
2023-07-27T11:00Z,8,169,3.8,0.1,41.2,0.1,4.6,17.9,0.0,12.2,20.2
2023-07-27T11:00Z,9,258,10.1,0.5,60.4,0.0,2.0,1.9,0.0,11.6,13.5
2023-07-27T11:00Z,10,130,0.0,0.0,21.5,0.0,9.6,19.8,0.0,12.5,36.7
2023-07-27T11:00Z,11,92,1.8,0.1,20.7,0.1,7.2,1.7,0.0,54.9,13.5
2023-07-27T11:00Z,12,168,3.9,0.2,36.6,0.1,15.9,3.8,0.0,23.9,15.5
2023-07-27T11:00Z,13,133,0.0,0.0,22.4,0.2,21.4,12.6,0.0,11.4,32.0
2023-07-27T11:00Z,14,136,0.0,0.0,23.9,0.5,39.2,1.9,0.0,9.7,24.8
2023-07-27T11:00Z,15,154,6.2,0.1,32.2,0.1,12.9,14.5,0.0,12.6,21.3
2023-07-27T11:00Z,16,18,1.8,0.0,3.9,1.4,0.1,33.9,0.0,2.6,56.4
2023-07-27T11:00Z,17,260,0.0,0.0,65.7,0.0,0.2,0.0,0.0,9.0,25.2
2023-07-27T11:00Z,18,141,5.3,0.1,31.4,0.2,10.7,15.6,0.0,11.3,25.2
2023-07-27T11:30Z,1,0,0.0,0.0,0.0,5.5,0.0,0.0,0.0,0.0,94.5
2023-07-27T11:30Z,2,14,2.1,0.0,2.9,1.1,3.7,42.9,0.0,3.3,44.0
2023-07-27T11:30Z,3,57,2.6,0.0,13.6,0.1,11.6,46.9,0.0,3.0,22.3
2023-07-27T11:30Z,4,2,0.0,0.0,0.0,0.0,66.1,27.6,0.0,3.5,2.8
2023-07-27T11:30Z,5,196,35.2,0.0,38.9,0.0,4.5,1.9,0.0,4.0,15.5
2023-07-27T11:30Z,6,60,1.2,0.0,14.7,0.2,4.4,22.5,0.0,15.9,41.0
2023-07-27T11:30Z,7,318,0.0,0.0,80.7,0.0,0.0,0.0,0.0,6.7,12.5
2023-07-27T11:30Z,8,170,4.1,0.1,41.4,0.1,4.5,17.8,0.0,12.9,19.1
2023-07-27T11:30Z,9,260,10.3,0.4,61.5,0.0,1.6,1.7,0.0,11.8,12.7
2023-07-27T11:30Z,10,126,0.0,0.0,21.9,0.0,8.3,19.9,0.0,12.9,37.1
2023-07-27T11:30Z,11,85,1.8,0.1,19.1,0.1,6.5,1.6,0.0,57.8,13.0
2023-07-27T11:30Z,12,168,4.1,0.2,37.3,0.1,14.7,3.6,0.0,24.9,15.1
2023-07-27T11:30Z,13,128,0.0,0.0,22.5,0.2,20.8,12.8,0.0,11.6,32.1
2023-07-27T11:30Z,14,132,0.0,0.0,23.4,0.5,39.5,2.0,0.0,9.7,24.9
2023-07-27T11:30Z,15,147,6.3,0.1,30.8,0.1,13.3,14.6,0.0,13.4,21.3
2023-07-27T11:30Z,16,18,1.8,0.0,4.1,1.5,0.0,33.7,0.0,2.8,56.1
2023-07-27T11:30Z,17,262,0.0,0.0,66.6,0.0,0.0,0.0,0.0,9.3,24.1
2023-07-27T11:30Z,18,137,5.4,0.1,30.3,0.3,11.0,15.7,0.0,12.0,25.2
2023-07-27T12:00Z,1,0,0.0,0.0,0.0,6.3,0.0,0.0,0.0,0.0,93.7
2023-07-27T12:00Z,2,14,2.1,0.0,2.9,1.1,3.7,43.0,0.0,3.4,43.8
2023-07-27T12:00Z,3,64,2.4,0.0,15.4,0.1,11.1,46.7,0.0,3.2,21.1
2023-07-27T12:00Z,4,2,0.0,0.0,0.0,0.0,65.8,27.5,0.0,3.7,3.0
2023-07-27T12:00Z,5,192,35.3,0.0,38.0,0.0,4.6,1.9,0.0,4.3,15.9
2023-07-27T12:00Z,6,65,1.1,0.0,16.1,0.2,4.4,22.3,0.0,16.8,39.0
2023-07-27T12:00Z,7,317,0.0,0.0,80.5,0.0,0.0,0.0,0.0,7.2,12.3
2023-07-27T12:00Z,8,173,3.8,0.1,42.3,0.1,4.3,17.5,0.0,13.5,18.2
2023-07-27T12:00Z,9,260,10.1,0.4,61.5,0.0,1.6,1.4,0.0,12.6,12.4
2023-07-27T12:00Z,10,124,0.0,0.0,22.1,0.0,7.9,20.5,0.0,12.7,36.9
2023-07-27T12:00Z,11,94,1.6,0.1,21.7,0.1,6.0,1.5,0.0,57.4,11.7
2023-07-27T12:00Z,12,167,4.0,0.2,37.2,0.1,14.9,3.6,0.0,25.6,14.4
2023-07-27T12:00Z,13,129,0.0,0.0,23.0,0.2,20.6,12.7,0.0,11.3,32.1
2023-07-27T12:00Z,14,134,0.0,0.0,24.2,0.5,39.3,2.0,0.0,9.3,24.8
2023-07-27T12:00Z,15,149,6.3,0.1,31.5,0.1,12.6,14.5,0.0,13.8,21.0
2023-07-27T12:00Z,16,17,1.7,0.0,3.7,1.9,0.0,33.8,0.0,2.9,55.9
2023-07-27T12:00Z,17,262,0.0,0.0,66.5,0.0,0.1,0.0,0.0,10.1,23.4
2023-07-27T12:00Z,18,138,5.4,0.1,30.9,0.3,10.5,15.6,0.0,12.4,24.8
2023-07-27T12:30Z,1,0,0.0,0.0,0.0,6.9,0.0,0.0,0.0,0.0,93.1
2023-07-27T12:30Z,2,14,2.1,0.0,2.8,1.2,3.9,42.8,0.0,3.7,43.4
2023-07-27T12:30Z,3,65,2.7,0.0,15.5,0.1,11.1,46.7,0.0,3.5,20.3
2023-07-27T12:30Z,4,2,0.0,0.0,0.0,0.0,65.5,27.3,0.0,4.0,3.2
2023-07-27T12:30Z,5,189,36.7,0.0,36.9,0.0,4.2,1.9,0.0,4.5,15.9
2023-07-27T12:30Z,6,75,1.2,0.0,18.6,0.2,4.3,21.8,0.0,17.6,36.3
2023-07-27T12:30Z,7,313,0.0,0.0,79.5,0.0,0.0,0.0,0.0,8.0,12.5
2023-07-27T12:30Z,8,172,4.2,0.1,42.0,0.1,4.3,17.4,0.0,14.3,17.6
2023-07-27T12:30Z,9,255,10.6,0.4,60.3,0.0,1.5,1.2,0.0,13.5,12.5
2023-07-27T12:30Z,10,121,0.0,0.0,21.5,0.0,7.6,21.0,0.0,12.7,37.3
2023-07-27T12:30Z,11,95,1.6,0.1,22.1,0.1,6.5,1.3,0.0,57.3,11.1
2023-07-27T12:30Z,12,165,4.0,0.1,36.5,0.1,16.4,3.6,0.0,25.4,13.8
2023-07-27T12:30Z,13,132,0.0,0.0,24.3,0.2,20.7,12.9,0.0,10.7,31.2
2023-07-27T12:30Z,14,147,0.0,0.0,28.1,0.5,38.4,2.0,0.0,8.2,22.9
2023-07-27T12:30Z,15,148,6.5,0.1,31.6,0.1,12.3,14.4,0.0,14.2,20.8
2023-07-27T12:30Z,16,18,1.7,0.0,4.1,2.3,0.0,33.5,0.0,3.1,55.3
2023-07-27T12:30Z,17,263,0.0,0.0,66.6,0.0,0.2,0.0,0.0,10.8,22.4
2023-07-27T12:30Z,18,138,5.5,0.1,30.9,0.4,10.2,15.5,0.0,12.8,24.5
2023-07-27T13:00Z,1,0,0.0,0.0,0.0,7.8,0.0,0.0,0.0,0.0,92.2
2023-07-27T13:00Z,2,14,2.0,0.0,2.8,1.3,3.8,42.8,0.0,3.9,43.4
2023-07-27T13:00Z,3,67,2.6,0.0,16.1,0.1,11.1,46.9,0.0,3.8,19.5
2023-07-27T13:00Z,4,2,0.0,0.0,0.0,0.0,65.4,27.1,0.0,4.2,3.3
2023-07-27T13:00Z,5,188,36.7,0.0,36.4,0.0,4.2,1.8,0.0,4.7,16.1
2023-07-27T13:00Z,6,92,1.1,0.0,23.0,0.2,4.0,21.1,0.0,17.4,33.2
2023-07-27T13:00Z,7,311,0.0,0.0,78.9,0.0,0.0,0.0,0.0,8.7,12.4
2023-07-27T13:00Z,8,174,4.2,0.2,42.4,0.1,4.3,17.4,0.0,14.5,17.1
2023-07-27T13:00Z,9,259,10.9,0.5,61.0,0.0,1.4,0.9,0.0,13.6,11.7
2023-07-27T13:00Z,10,119,0.0,0.0,22.2,0.0,6.8,21.1,0.0,12.8,37.1
2023-07-27T13:00Z,11,95,1.6,0.1,22.3,0.0,5.3,1.2,0.0,59.1,10.3
2023-07-27T13:00Z,12,174,4.3,0.2,39.1,0.1,14.3,3.3,0.0,24.9,13.7
2023-07-27T13:00Z,13,135,0.0,0.0,25.9,0.2,20.0,12.8,0.0,10.5,30.6
2023-07-27T13:00Z,14,156,0.0,0.0,30.8,0.4,37.1,1.9,0.0,7.5,22.3
2023-07-27T13:00Z,15,148,6.3,0.1,32.0,0.1,12.2,14.5,0.0,14.4,20.3
2023-07-27T13:00Z,16,17,1.7,0.0,3.7,2.7,0.0,34.0,0.0,3.2,54.7
2023-07-27T13:00Z,17,264,0.0,0.0,66.8,0.0,0.1,0.0,0.0,11.5,21.6
2023-07-27T13:00Z,18,140,5.5,0.1,31.3,0.4,10.2,15.6,0.0,13.1,24.0
2023-07-27T13:30Z,1,0,0.0,0.0,0.0,8.1,0.0,0.0,0.0,0.0,91.9
2023-07-27T13:30Z,2,14,2.1,0.0,2.8,1.3,3.8,42.7,0.0,4.0,43.3
2023-07-27T13:30Z,3,67,2.6,0.0,16.2,0.1,11.2,47.0,0.0,4.0,18.9
2023-07-27T13:30Z,4,2,0.0,0.0,0.0,0.0,65.2,26.9,0.0,4.4,3.4
2023-07-27T13:30Z,5,186,36.2,0.0,36.2,0.0,4.3,1.8,0.0,4.9,16.6
2023-07-27T13:30Z,6,105,1.1,0.0,26.2,0.2,3.8,20.5,0.0,17.5,30.7
2023-07-27T13:30Z,7,308,0.0,0.0,78.2,0.0,0.0,0.0,0.0,9.4,12.3
2023-07-27T13:30Z,8,179,4.0,0.3,43.3,0.1,4.2,17.1,0.0,14.6,16.4
2023-07-27T13:30Z,9,269,10.2,1.1,62.5,0.0,1.2,0.8,0.0,13.4,10.8
2023-07-27T13:30Z,10,117,0.0,0.0,22.5,0.0,6.0,21.4,0.0,13.1,37.0
2023-07-27T13:30Z,11,95,1.3,0.1,22.2,0.0,5.4,1.1,0.0,60.4,9.5
2023-07-27T13:30Z,12,174,4.0,0.4,38.6,0.1,16.5,3.2,0.0,24.4,12.8
2023-07-27T13:30Z,13,132,0.0,0.0,25.6,0.2,19.8,12.9,0.0,10.6,31.0
2023-07-27T13:30Z,14,152,0.0,0.0,29.7,0.4,37.6,1.8,0.0,7.3,23.2
2023-07-27T13:30Z,15,149,6.5,0.2,32.3,0.1,11.6,14.4,0.0,14.8,20.2
2023-07-27T13:30Z,16,19,1.7,0.0,4.3,2.5,0.0,33.8,0.0,3.4,54.4
2023-07-27T13:30Z,17,267,0.0,0.0,67.7,0.0,0.1,0.0,0.0,11.7,20.4
2023-07-27T13:30Z,18,141,5.6,0.1,31.6,0.4,9.7,15.5,0.0,13.4,23.7
2023-07-27T14:00Z,1,0,0.0,0.0,0.0,8.2,0.0,0.0,0.0,0.0,91.8
2023-07-27T14:00Z,2,14,2.1,0.0,2.8,1.2,3.8,43.0,0.0,4.2,42.8
2023-07-27T14:00Z,3,69,2.8,0.0,16.5,0.1,11.4,47.1,0.0,4.1,18.1
2023-07-27T14:00Z,4,2,0.0,0.0,0.0,0.0,65.3,26.5,0.0,4.6,3.5
2023-07-27T14:00Z,5,190,35.8,0.0,37.3,0.0,4.1,1.7,0.0,5.0,16.2
2023-07-27T14:00Z,6,111,1.1,0.0,27.7,0.2,3.9,20.1,0.0,17.6,29.5
2023-07-27T14:00Z,7,307,0.0,0.0,77.9,0.0,0.0,0.0,0.0,10.0,12.1
2023-07-27T14:00Z,8,184,4.0,0.5,44.3,0.1,4.2,16.8,0.0,14.6,15.6
2023-07-27T14:00Z,9,276,10.1,1.5,63.4,0.0,1.1,0.7,0.0,13.0,10.0
2023-07-27T14:00Z,10,113,0.0,0.0,22.4,0.0,5.3,21.9,0.0,13.5,36.9
2023-07-27T14:00Z,11,95,1.2,0.2,22.3,0.0,4.8,0.9,0.0,61.6,8.9
2023-07-27T14:00Z,12,183,4.0,0.6,40.8,0.1,15.3,2.9,0.0,23.8,12.6
2023-07-27T14:00Z,13,138,0.0,0.0,27.5,0.2,19.6,12.5,0.0,10.2,30.0
2023-07-27T14:00Z,14,166,0.0,0.0,33.6,0.4,36.4,1.5,0.0,6.4,21.7
2023-07-27T14:00Z,15,149,6.5,0.2,32.3,0.1,11.6,14.4,0.0,15.0,19.9
2023-07-27T14:00Z,16,19,1.7,0.0,4.2,2.5,0.1,34.0,0.0,3.6,53.9
2023-07-27T14:00Z,17,269,0.0,0.0,68.2,0.0,0.0,0.0,0.0,12.0,19.8
2023-07-27T14:00Z,18,143,5.6,0.2,31.6,0.4,9.7,15.5,0.0,13.6,23.4
2023-07-27T14:30Z,1,0,0.0,0.0,0.0,8.8,0.0,0.0,0.0,0.0,91.2
2023-07-27T14:30Z,2,14,2.1,0.0,2.9,1.3,4.0,43.4,0.0,4.3,42.1
2023-07-27T14:30Z,3,70,2.9,0.0,16.7,0.1,11.7,47.4,0.0,4.0,17.1
2023-07-27T14:30Z,4,2,0.0,0.0,0.0,0.0,65.4,26.3,0.0,4.6,3.6
2023-07-27T14:30Z,5,191,35.7,0.0,37.6,0.0,4.0,1.6,0.0,5.0,16.1
2023-07-27T14:30Z,6,119,1.1,0.0,29.7,0.2,4.0,19.5,0.0,17.2,28.3
2023-07-27T14:30Z,7,308,0.0,0.0,78.1,0.0,0.0,0.0,0.0,10.2,11.7
2023-07-27T14:30Z,8,190,4.1,0.6,45.5,0.1,4.2,16.6,0.0,14.4,14.7
2023-07-27T14:30Z,9,284,10.1,1.9,64.5,0.0,1.1,0.7,0.0,12.4,9.3
2023-07-27T14:30Z,10,112,0.0,0.0,22.9,0.0,4.6,22.3,0.0,13.5,36.7
2023-07-27T14:30Z,11,105,1.0,0.2,24.9,0.0,4.6,0.8,0.0,60.7,7.8
2023-07-27T14:30Z,12,182,3.9,0.7,39.9,0.1,17.7,2.8,0.0,23.3,11.6
2023-07-27T14:30Z,13,137,0.0,0.0,27.7,0.2,20.2,12.3,0.0,9.9,29.6
2023-07-27T14:30Z,14,165,0.0,0.0,33.1,0.4,37.8,1.3,0.0,5.8,21.5
2023-07-27T14:30Z,15,154,6.6,0.4,33.2,0.1,11.4,14.2,0.0,14.8,19.2
2023-07-27T14:30Z,16,21,1.8,0.0,4.8,2.5,0.0,33.7,0.0,3.7,53.5
2023-07-27T14:30Z,17,275,0.0,0.0,69.7,0.0,0.0,0.0,0.0,11.5,18.7
2023-07-27T14:30Z,18,146,5.7,0.4,32.6,0.4,9.5,15.3,0.0,13.4,22.8
2023-07-27T15:00Z,1,0,0.0,0.0,0.0,10.0,0.0,0.0,0.0,0.0,90.0
2023-07-27T15:00Z,2,14,2.2,0.0,2.9,1.3,4.3,44.4,0.0,4.3,40.6
2023-07-27T15:00Z,3,68,3.0,0.0,16.3,0.1,12.2,48.2,0.0,3.7,16.5
2023-07-27T15:00Z,4,2,0.0,0.0,0.0,0.0,65.3,26.6,0.0,4.5,3.6
2023-07-27T15:00Z,5,191,36.0,0.0,37.5,0.0,4.1,1.6,0.0,4.8,16.0
2023-07-27T15:00Z,6,130,1.1,0.0,32.2,0.2,4.4,19.3,0.0,16.5,26.2
2023-07-27T15:00Z,7,309,0.0,0.0,78.4,0.0,0.0,0.0,0.0,9.8,11.8
2023-07-27T15:00Z,8,190,4.2,0.6,45.6,0.1,4.4,16.9,0.0,14.0,14.3
2023-07-27T15:00Z,9,279,10.9,1.9,63.1,0.0,1.3,0.7,0.0,12.1,10.1
2023-07-27T15:00Z,10,108,0.0,0.0,23.7,0.0,3.0,22.9,0.0,13.1,37.2
2023-07-27T15:00Z,11,118,0.9,0.1,28.5,0.0,4.1,0.6,0.0,58.5,7.3
2023-07-27T15:00Z,12,182,4.0,0.7,39.5,0.1,18.7,2.6,0.0,22.5,11.9
2023-07-27T15:00Z,13,135,0.0,0.0,27.7,0.2,22.4,12.3,0.0,9.0,28.4
2023-07-27T15:00Z,14,164,0.0,0.0,31.9,0.4,42.1,1.1,0.0,4.9,19.6
2023-07-27T15:00Z,15,154,6.6,0.6,33.2,0.1,13.1,14.4,0.0,13.8,18.2
2023-07-27T15:00Z,16,26,1.7,0.0,6.0,2.6,0.0,34.0,0.0,3.8,51.9
2023-07-27T15:00Z,17,282,0.0,0.0,71.5,0.0,0.0,0.0,0.0,10.9,17.6
2023-07-27T15:00Z,18,147,5.6,0.5,32.8,0.4,10.9,15.6,0.0,12.6,21.7
2023-07-27T15:30Z,1,0,0.0,0.0,0.0,10.9,0.0,0.0,0.0,0.0,89.1
2023-07-27T15:30Z,2,15,2.2,0.0,3.0,1.3,5.0,45.7,0.0,4.4,38.4
2023-07-27T15:30Z,3,75,3.2,0.0,17.9,0.1,12.2,48.2,0.0,3.3,15.1
2023-07-27T15:30Z,4,2,0.0,0.0,0.0,0.0,65.4,26.7,0.0,4.3,3.6
2023-07-27T15:30Z,5,198,35.5,0.0,39.5,0.0,3.7,1.6,0.0,4.3,15.4
2023-07-27T15:30Z,6,153,1.1,0.0,37.9,0.2,4.3,19.2,0.0,14.7,22.6
2023-07-27T15:30Z,7,311,0.0,0.0,78.9,0.0,0.0,0.0,0.0,9.0,12.1
2023-07-27T15:30Z,8,197,4.5,0.8,46.7,0.1,4.5,16.8,0.0,13.0,13.7
2023-07-27T15:30Z,9,287,11.0,2.6,63.3,0.0,1.2,0.8,0.0,11.1,10.0
2023-07-27T15:30Z,10,103,0.0,0.0,24.6,0.0,1.3,23.9,0.0,12.3,37.8
2023-07-27T15:30Z,11,151,0.5,0.1,37.5,0.0,2.6,0.5,0.0,52.9,6.0
2023-07-27T15:30Z,12,182,3.9,0.9,38.4,0.1,22.1,2.4,0.0,21.0,11.2
2023-07-27T15:30Z,13,135,0.0,0.0,28.2,0.2,23.5,12.2,0.0,8.1,27.8
2023-07-27T15:30Z,14,166,0.0,0.0,31.7,0.4,44.4,0.8,0.0,4.2,18.4
2023-07-27T15:30Z,15,162,6.6,0.8,35.0,0.1,12.8,14.4,0.0,12.7,17.7
2023-07-27T15:30Z,16,30,1.8,0.0,7.0,3.2,0.0,34.1,0.0,3.8,50.1
2023-07-27T15:30Z,17,293,0.0,0.0,74.3,0.0,0.1,0.0,0.0,9.5,16.1
2023-07-27T15:30Z,18,153,5.6,0.6,34.5,0.4,10.6,15.5,0.0,11.6,21.0
2023-07-27T16:00Z,1,0,0.0,0.0,0.0,15.0,0.0,0.0,0.0,0.0,85.0
2023-07-27T16:00Z,2,15,2.3,0.0,3.1,1.5,5.6,46.9,0.0,4.1,36.3
2023-07-27T16:00Z,3,81,3.1,0.0,19.4,0.1,12.2,48.6,0.0,2.8,13.7
2023-07-27T16:00Z,4,2,0.0,0.0,0.0,0.0,65.8,26.7,0.0,3.9,3.5
2023-07-27T16:00Z,5,203,35.4,0.0,40.6,0.0,3.7,1.5,0.0,3.9,14.8
2023-07-27T16:00Z,6,164,1.1,0.0,40.8,0.2,4.4,19.2,0.0,12.7,21.6
2023-07-27T16:00Z,7,318,0.0,0.0,80.8,0.0,0.0,0.0,0.0,7.6,11.6
2023-07-27T16:00Z,8,205,4.6,1.0,48.1,0.1,4.6,16.9,0.0,11.7,13.1
2023-07-27T16:00Z,9,293,11.6,3.2,63.1,0.0,1.3,0.9,0.0,10.1,9.9
2023-07-27T16:00Z,10,106,0.0,0.0,24.9,0.0,1.6,24.2,0.0,11.0,38.3
2023-07-27T16:00Z,11,178,0.4,0.1,44.5,0.0,1.9,0.3,0.0,47.2,5.6
2023-07-27T16:00Z,12,191,4.1,1.1,40.3,0.1,21.4,2.2,0.0,19.3,11.5
2023-07-27T16:00Z,13,140,0.0,0.0,29.3,0.2,23.8,12.1,0.0,7.2,27.4
2023-07-27T16:00Z,14,172,0.0,0.0,33.4,0.4,44.1,0.7,0.0,3.7,17.7
2023-07-27T16:00Z,15,165,6.7,0.9,35.4,0.2,13.3,14.5,0.0,11.5,17.5
2023-07-27T16:00Z,16,31,1.8,0.0,7.3,4.9,0.1,34.5,0.0,3.5,47.9
2023-07-27T16:00Z,17,298,0.0,0.0,75.6,0.0,0.0,0.0,0.0,8.2,16.2
2023-07-27T16:00Z,18,158,5.8,0.7,34.9,0.7,11.0,15.7,0.0,10.5,20.7
2023-07-27T16:30Z,1,0,0.0,0.0,0.0,20.0,0.0,0.0,0.0,0.0,80.0
2023-07-27T16:30Z,2,16,2.4,0.0,3.2,1.7,6.2,48.8,0.0,3.8,33.9
2023-07-27T16:30Z,3,84,3.2,0.0,20.2,0.1,12.2,49.4,0.0,2.4,12.5
2023-07-27T16:30Z,4,2,0.0,0.0,0.0,0.0,66.3,26.7,0.0,3.6,3.5
2023-07-27T16:30Z,5,206,35.6,0.0,41.4,0.0,3.5,1.5,0.0,3.4,14.6
2023-07-27T16:30Z,6,171,1.2,0.0,42.9,0.2,4.2,19.8,0.0,10.9,20.8
2023-07-27T16:30Z,7,326,0.0,0.0,82.7,0.0,0.0,0.0,0.0,6.1,11.2
2023-07-27T16:30Z,8,215,4.6,1.4,49.8,0.1,4.4,17.2,0.0,10.2,12.4
2023-07-27T16:30Z,9,308,11.1,4.5,63.9,0.0,1.2,1.0,0.0,8.8,9.5
2023-07-27T16:30Z,10,119,0.0,0.0,27.8,0.0,1.9,23.9,0.0,9.1,37.3
2023-07-27T16:30Z,11,202,0.3,0.1,50.5,0.0,2.0,0.2,0.0,41.6,5.3
2023-07-27T16:30Z,12,189,3.7,1.6,37.9,0.1,26.9,2.2,0.0,16.9,10.7
2023-07-27T16:30Z,13,143,0.0,0.0,29.9,0.2,24.5,12.3,0.0,6.1,27.0
2023-07-27T16:30Z,14,168,0.0,0.0,32.1,0.4,45.5,0.7,0.0,3.5,17.8
2023-07-27T16:30Z,15,171,6.6,1.0,36.4,0.2,13.9,14.6,0.0,10.0,17.1
2023-07-27T16:30Z,16,32,1.8,0.0,7.6,7.2,0.0,34.9,0.0,3.1,45.4
2023-07-27T16:30Z,17,303,0.0,0.0,76.8,0.0,0.1,0.0,0.0,6.8,16.2
2023-07-27T16:30Z,18,164,5.7,0.8,35.8,1.0,11.5,15.9,0.0,9.1,20.1
2023-07-27T17:00Z,1,0,0.0,0.0,0.0,24.8,0.0,0.0,0.0,0.0,75.2
2023-07-27T17:00Z,2,16,2.5,0.0,3.4,1.9,6.8,51.0,0.0,3.6,30.8
2023-07-27T17:00Z,3,82,3.4,0.0,19.7,0.1,12.6,50.4,0.0,2.1,11.6
2023-07-27T17:00Z,4,2,0.0,0.0,0.0,0.0,66.9,26.7,0.0,3.1,3.3
2023-07-27T17:00Z,5,209,35.9,0.0,42.2,0.0,3.5,1.4,0.0,3.0,14.1
2023-07-27T17:00Z,6,176,1.3,0.0,44.0,0.2,4.6,20.1,0.0,9.3,20.5
2023-07-27T17:00Z,7,332,0.0,0.0,84.4,0.0,0.0,0.0,0.0,5.0,10.6
2023-07-27T17:00Z,8,223,4.8,1.7,51.0,0.1,4.6,17.4,0.0,8.8,11.7
2023-07-27T17:00Z,9,318,11.6,5.2,64.7,0.0,1.1,1.2,0.0,7.5,8.7
2023-07-27T17:00Z,10,121,0.0,0.0,29.5,0.0,1.0,24.1,0.0,7.7,37.8
2023-07-27T17:00Z,11,232,0.1,0.1,58.6,0.0,0.3,0.1,0.0,36.1,4.7
2023-07-27T17:00Z,12,200,4.2,1.8,40.4,0.1,25.3,2.1,0.0,15.3,10.7
2023-07-27T17:00Z,13,144,0.0,0.0,30.7,0.2,23.7,12.2,0.0,5.4,27.7
2023-07-27T17:00Z,14,166,0.0,0.0,32.0,0.4,45.4,0.7,0.0,3.3,18.2
2023-07-27T17:00Z,15,182,6.7,1.1,39.5,0.2,12.8,14.6,0.0,8.5,16.5
2023-07-27T17:00Z,16,33,1.8,0.0,7.7,9.4,0.0,35.7,0.0,2.8,42.5
2023-07-27T17:00Z,17,308,0.0,0.0,77.9,0.0,0.2,0.0,0.0,5.8,16.1
2023-07-27T17:00Z,18,171,5.8,0.9,38.4,1.2,10.6,16.0,0.0,7.7,19.3
2023-07-27T17:30Z,1,0,0.0,0.0,0.0,27.4,0.0,0.2,0.0,0.0,72.4
2023-07-27T17:30Z,2,17,2.6,0.0,3.5,1.4,7.6,53.9,0.0,3.3,27.8
2023-07-27T17:30Z,3,88,3.6,0.0,21.0,0.1,12.8,50.3,0.0,1.8,10.5
2023-07-27T17:30Z,4,2,0.0,0.0,0.0,0.0,67.3,27.2,0.0,2.7,2.9
2023-07-27T17:30Z,5,211,36.5,0.0,42.4,0.0,3.5,1.3,0.0,2.5,13.8
2023-07-27T17:30Z,6,180,1.3,0.0,44.9,0.2,5.0,20.6,0.0,7.9,20.1
2023-07-27T17:30Z,7,338,0.0,0.0,85.7,0.0,0.0,0.0,0.0,4.1,10.2
2023-07-27T17:30Z,8,232,4.8,1.9,52.8,0.0,4.7,17.3,0.0,7.4,11.1
2023-07-27T17:30Z,9,328,10.8,5.5,66.9,0.0,1.0,1.3,0.0,6.1,8.3
2023-07-27T17:30Z,10,129,0.0,0.0,32.9,0.0,0.0,24.5,0.0,6.0,36.6
2023-07-27T17:30Z,11,242,0.2,0.0,60.9,0.0,1.3,0.1,0.0,32.2,5.3
2023-07-27T17:30Z,12,208,4.0,2.0,42.4,0.2,26.0,2.1,0.0,12.7,10.7
2023-07-27T17:30Z,13,151,0.0,0.0,33.7,0.2,21.7,12.3,0.0,4.5,27.7
2023-07-27T17:30Z,14,172,0.0,0.0,34.1,0.4,43.5,0.8,0.0,2.9,18.3
2023-07-27T17:30Z,15,187,6.9,1.2,41.0,0.2,12.6,14.7,0.0,7.2,16.2
2023-07-27T17:30Z,16,34,1.9,0.0,8.0,10.3,0.1,36.3,0.0,2.5,40.9
2023-07-27T17:30Z,17,310,0.0,0.0,78.4,0.0,0.3,0.0,0.0,4.9,16.4
2023-07-27T17:30Z,18,176,6.0,1.0,39.7,1.3,10.4,16.2,0.0,6.5,18.9
2023-07-27T18:00Z,1,0,0.0,0.0,0.0,30.2,0.0,0.7,0.0,0.0,69.1
2023-07-27T18:00Z,2,18,2.8,0.0,3.8,0.7,9.4,57.4,0.0,3.0,22.9
2023-07-27T18:00Z,3,92,4.2,0.0,22.0,0.0,12.7,50.4,0.0,1.4,9.3
2023-07-27T18:00Z,4,2,0.0,0.0,0.0,0.0,67.7,27.4,0.0,2.1,2.8
2023-07-27T18:00Z,5,219,36.7,0.0,44.4,0.0,2.7,1.2,0.0,1.9,13.0
2023-07-27T18:00Z,6,183,1.6,0.0,45.7,0.1,5.2,21.1,0.0,6.7,19.6
2023-07-27T18:00Z,7,344,0.0,0.0,87.3,0.0,0.0,0.0,0.0,3.1,9.5
2023-07-27T18:00Z,8,239,5.0,1.8,54.8,0.0,4.6,17.6,0.0,5.9,10.4
2023-07-27T18:00Z,9,335,9.3,4.8,70.6,0.0,0.8,1.2,0.0,4.7,8.6
2023-07-27T18:00Z,10,142,0.0,0.0,34.4,0.0,1.4,24.5,0.0,4.3,35.4
2023-07-27T18:00Z,11,281,0.0,0.0,71.2,0.0,0.0,0.1,0.0,24.6,4.1
2023-07-27T18:00Z,12,219,3.2,1.7,45.5,0.2,25.4,2.4,0.0,10.3,11.3
2023-07-27T18:00Z,13,159,0.0,0.0,34.4,0.2,23.0,12.9,0.0,3.2,26.2
2023-07-27T18:00Z,14,175,0.0,0.0,34.4,0.5,44.8,1.2,0.0,2.2,16.9
2023-07-27T18:00Z,15,201,6.8,1.2,43.7,0.2,13.1,14.9,0.0,5.3,14.8
2023-07-27T18:00Z,16,45,2.0,0.0,10.5,10.4,0.3,37.0,0.0,2.2,37.5
2023-07-27T18:00Z,17,319,0.0,0.0,80.3,0.0,0.4,0.0,0.0,3.9,15.4
2023-07-27T18:00Z,18,186,5.8,1.0,42.3,1.3,10.9,16.4,0.0,4.9,17.4
2023-07-27T18:30Z,1,0,0.1,0.0,0.1,33.5,0.2,1.6,0.0,0.0,64.6
2023-07-27T18:30Z,2,20,3.0,0.0,4.0,0.2,11.0,60.2,0.0,2.6,19.0
2023-07-27T18:30Z,3,98,4.3,0.0,23.6,0.0,12.3,50.7,0.0,1.0,8.1
2023-07-27T18:30Z,4,2,0.0,0.0,0.0,0.0,68.6,27.2,0.0,1.6,2.6
2023-07-27T18:30Z,5,229,36.5,0.0,46.9,0.0,2.3,1.2,0.0,1.3,11.8
2023-07-27T18:30Z,6,190,1.7,0.0,47.8,0.0,5.0,21.7,0.0,5.1,18.7
2023-07-27T18:30Z,7,351,0.0,0.0,89.1,0.0,0.0,0.0,0.0,2.3,8.7
2023-07-27T18:30Z,8,247,5.1,1.6,57.3,0.0,4.4,17.8,0.0,4.2,9.6
2023-07-27T18:30Z,9,339,9.5,4.1,73.1,0.0,0.8,1.1,0.0,3.3,8.0
2023-07-27T18:30Z,10,154,0.0,0.0,34.6,0.0,3.7,24.3,0.0,2.8,34.6
2023-07-27T18:30Z,11,309,0.0,0.0,78.3,0.0,0.0,0.0,0.0,18.0,3.7
2023-07-27T18:30Z,12,239,3.6,1.6,51.3,0.2,21.4,2.8,0.0,7.5,11.6
2023-07-27T18:30Z,13,171,0.0,0.0,37.1,0.2,20.1,13.6,0.0,2.3,26.7
2023-07-27T18:30Z,14,189,0.0,0.0,39.8,0.5,38.3,1.9,0.0,1.6,17.8
2023-07-27T18:30Z,15,210,7.0,1.1,46.9,0.2,11.1,15.0,0.0,3.9,14.9
2023-07-27T18:30Z,16,52,2.1,0.0,12.6,10.5,0.0,38.3,0.0,1.9,34.5
2023-07-27T18:30Z,17,327,0.0,0.0,82.5,0.0,0.3,0.0,0.0,2.8,14.4
2023-07-27T18:30Z,18,196,6.0,0.9,45.3,1.3,9.2,16.7,0.0,3.6,17.0
2023-07-27T19:00Z,1,1,0.2,0.0,0.2,36.1,0.6,2.6,0.0,0.1,60.3
2023-07-27T19:00Z,2,20,3.0,0.0,4.0,0.0,11.2,61.7,0.0,1.9,18.2
2023-07-27T19:00Z,3,98,4.2,0.0,23.6,0.0,12.7,51.1,0.0,0.7,7.7
2023-07-27T19:00Z,4,2,0.0,0.0,0.0,0.0,68.8,27.9,0.0,1.0,2.3
2023-07-27T19:00Z,5,230,36.9,0.0,47.2,0.0,2.7,1.3,0.0,0.8,11.2
2023-07-27T19:00Z,6,198,1.6,0.0,49.8,0.0,5.0,22.5,0.0,3.2,17.8
2023-07-27T19:00Z,7,356,0.0,0.0,90.5,0.0,0.0,0.0,0.0,1.5,8.0
2023-07-27T19:00Z,8,246,5.7,1.2,57.9,0.0,4.8,18.6,0.0,2.7,9.2
2023-07-27T19:00Z,9,338,11.7,3.4,74.1,0.0,0.9,1.1,0.0,2.0,6.9
2023-07-27T19:00Z,10,153,0.0,0.0,36.3,0.0,1.9,24.6,0.0,1.8,35.3
2023-07-27T19:00Z,11,334,0.0,0.0,84.8,0.0,0.0,0.0,0.0,11.7,3.5
2023-07-27T19:00Z,12,261,5.4,1.4,58.6,0.1,15.1,3.1,0.0,4.7,11.6
2023-07-27T19:00Z,13,174,0.0,0.0,40.0,0.2,15.4,14.2,0.0,1.5,28.6
2023-07-27T19:00Z,14,197,0.0,0.0,44.1,0.5,31.9,2.5,0.0,1.1,19.9
2023-07-27T19:00Z,15,213,7.4,1.0,48.7,0.2,9.6,15.3,0.0,2.5,15.2
2023-07-27T19:00Z,16,60,2.1,0.0,13.8,11.0,0.6,39.2,0.0,1.4,32.0
2023-07-27T19:00Z,17,335,0.0,0.0,84.9,0.0,0.2,0.0,0.0,1.7,13.2
2023-07-27T19:00Z,18,199,6.4,0.8,46.9,1.4,8.0,17.1,0.0,2.3,17.0
2023-07-27T19:30Z,1,2,0.2,0.0,0.3,37.5,0.9,4.1,0.0,0.1,56.9
2023-07-27T19:30Z,2,20,3.1,0.0,4.1,0.0,11.6,62.6,0.0,1.2,17.4
2023-07-27T19:30Z,3,105,3.8,0.0,25.4,0.0,12.7,50.7,0.0,0.4,7.0
2023-07-27T19:30Z,4,2,0.0,0.0,0.0,0.0,68.9,28.5,0.0,0.6,2.1
2023-07-27T19:30Z,5,227,38.0,0.0,46.1,0.0,3.3,1.3,0.0,0.4,10.8
2023-07-27T19:30Z,6,206,1.5,0.0,51.8,0.0,5.2,22.7,0.0,1.8,17.0
2023-07-27T19:30Z,7,363,0.0,0.0,92.0,0.0,0.0,0.0,0.0,0.7,7.3
2023-07-27T19:30Z,8,252,5.6,1.1,59.5,0.0,5.1,18.6,0.0,1.3,8.8
2023-07-27T19:30Z,9,340,12.3,3.3,74.7,0.0,1.1,1.0,0.0,1.0,6.7
2023-07-27T19:30Z,10,161,0.4,0.1,38.1,0.0,2.1,24.1,0.0,0.9,34.3
2023-07-27T19:30Z,11,358,0.0,0.0,90.9,0.0,0.0,0.0,0.0,6.0,3.0
2023-07-27T19:30Z,12,279,6.1,1.5,63.8,0.1,11.8,3.5,0.0,2.4,10.7
2023-07-27T19:30Z,13,190,0.3,0.1,45.2,0.2,9.6,14.6,0.0,0.8,29.3
2023-07-27T19:30Z,14,226,0.1,0.0,54.3,0.5,19.7,3.0,0.0,0.6,21.9
2023-07-27T19:30Z,15,219,7.6,1.0,50.0,0.2,9.3,15.6,0.0,1.3,15.2
2023-07-27T19:30Z,16,61,2.1,0.0,14.9,11.7,0.0,39.8,0.0,0.9,30.6
2023-07-27T19:30Z,17,341,0.0,0.0,86.5,0.0,0.0,0.0,0.0,0.9,12.6
2023-07-27T19:30Z,18,206,6.5,0.8,48.2,1.5,7.6,17.4,0.0,1.2,16.8
2023-07-27T20:00Z,1,2,0.3,0.0,0.4,36.6,1.1,5.9,0.0,0.1,55.5
2023-07-27T20:00Z,2,20,3.1,0.0,4.1,0.0,10.8,64.8,0.0,0.7,16.5
2023-07-27T20:00Z,3,107,3.5,0.0,26.0,0.0,12.9,50.9,0.0,0.2,6.4
2023-07-27T20:00Z,4,2,0.0,0.0,0.0,0.0,69.3,28.5,0.0,0.2,2.0
2023-07-27T20:00Z,5,228,38.1,0.0,46.2,0.0,3.8,1.3,0.0,0.2,10.4
2023-07-27T20:00Z,6,211,1.5,0.0,53.1,0.0,5.5,22.2,0.0,0.8,16.9
2023-07-27T20:00Z,7,365,0.0,0.0,92.6,0.0,0.0,0.0,0.0,0.3,7.1
2023-07-27T20:00Z,8,252,5.6,1.0,59.7,0.0,5.4,19.1,0.0,0.6,8.7
2023-07-27T20:00Z,9,340,12.8,3.1,75.1,0.0,1.3,0.7,0.0,0.3,6.7
2023-07-27T20:00Z,10,169,0.6,0.1,38.0,0.0,3.8,23.9,0.0,0.3,33.3
2023-07-27T20:00Z,11,372,0.0,0.0,94.4,0.0,0.0,0.2,0.0,2.3,3.1
2023-07-27T20:00Z,12,287,6.8,1.6,65.4,0.1,10.5,4.2,0.0,0.8,10.6
2023-07-27T20:00Z,13,200,0.4,0.1,46.6,0.2,7.6,15.0,0.0,0.3,29.8
2023-07-27T20:00Z,14,242,0.1,0.0,58.7,0.5,13.3,3.6,0.0,0.2,23.5
2023-07-27T20:00Z,15,222,7.6,1.0,51.0,0.2,9.3,15.6,0.0,0.4,15.0
2023-07-27T20:00Z,16,62,2.2,0.0,15.0,11.9,0.0,40.5,0.0,0.5,29.9
2023-07-27T20:00Z,17,342,0.0,0.0,86.7,0.0,0.2,0.0,0.0,0.4,12.7
2023-07-27T20:00Z,18,210,6.5,0.8,49.0,1.5,7.7,17.5,0.0,0.5,16.5
2023-07-27T20:30Z,1,3,0.4,0.0,0.6,34.7,1.7,7.6,0.0,0.0,54.9
2023-07-27T20:30Z,2,22,3.1,0.0,4.1,0.0,11.7,64.9,0.0,0.2,16.0
2023-07-27T20:30Z,3,107,3.5,0.0,26.1,0.0,13.1,51.4,0.0,0.1,5.8
2023-07-27T20:30Z,4,2,0.0,0.0,0.0,0.0,69.4,28.7,0.0,0.1,1.9
2023-07-27T20:30Z,5,231,37.5,0.0,47.2,0.0,3.8,1.4,0.0,0.0,10.0
2023-07-27T20:30Z,6,217,1.4,0.0,53.1,0.0,6.5,22.5,0.0,0.2,16.3
2023-07-27T20:30Z,7,367,0.0,0.0,93.2,0.0,0.0,0.0,0.0,0.0,6.7
2023-07-27T20:30Z,8,258,5.2,1.0,61.4,0.0,5.4,18.9,0.0,0.1,8.2
2023-07-27T20:30Z,9,344,12.3,3.0,76.3,0.0,1.2,0.5,0.0,0.0,6.5
2023-07-27T20:30Z,10,168,0.5,0.1,37.5,0.0,3.9,24.5,0.0,0.0,33.6
2023-07-27T20:30Z,11,376,0.2,0.1,95.0,0.0,0.4,0.4,0.0,0.3,3.7
2023-07-27T20:30Z,12,286,6.5,1.6,65.4,0.1,10.6,4.7,0.0,0.0,11.1
2023-07-27T20:30Z,13,199,0.3,0.1,46.3,0.2,7.2,16.2,0.0,0.0,29.7
2023-07-27T20:30Z,14,245,0.1,0.0,59.6,0.4,12.4,4.2,0.0,0.0,23.3
2023-07-27T20:30Z,15,228,7.2,0.8,52.9,0.1,8.7,15.8,0.0,0.0,14.3
2023-07-27T20:30Z,16,69,2.2,0.0,16.6,10.5,0.3,41.6,0.0,0.2,28.7
2023-07-27T20:30Z,17,347,0.0,0.0,85.6,0.0,2.0,0.0,0.0,0.1,12.3
2023-07-27T20:30Z,18,214,6.2,0.7,50.7,1.3,7.4,17.8,0.0,0.1,15.9
2023-07-27T21:00Z,1,5,0.6,0.0,0.8,32.8,2.4,9.4,0.0,0.0,54.1
2023-07-27T21:00Z,2,26,3.1,0.0,4.1,0.0,12.6,65.0,0.0,0.1,15.1
2023-07-27T21:00Z,3,104,3.9,0.0,25.1,0.0,13.1,52.3,0.0,0.0,5.5
2023-07-27T21:00Z,4,2,0.0,0.0,0.0,0.0,70.1,28.1,0.0,0.1,1.8
2023-07-27T21:00Z,5,233,38.2,0.0,47.5,0.0,3.4,1.5,0.0,0.0,9.5
2023-07-27T21:00Z,6,216,1.5,0.0,51.6,0.0,7.2,23.0,0.0,0.1,16.7
2023-07-27T21:00Z,7,369,0.0,0.0,93.6,0.0,0.0,0.0,0.0,0.0,6.4
2023-07-27T21:00Z,8,255,5.5,0.9,60.3,0.0,5.5,19.7,0.0,0.0,8.0
2023-07-27T21:00Z,9,344,12.6,2.9,76.8,0.0,1.1,0.5,0.0,0.0,6.2
2023-07-27T21:00Z,10,169,0.7,0.1,38.3,0.0,3.4,24.7,0.0,0.0,32.8
2023-07-27T21:00Z,11,360,1.4,0.2,90.1,0.0,2.0,0.8,0.0,0.0,5.5
2023-07-27T21:00Z,12,287,6.8,1.5,65.8,0.1,9.8,5.3,0.0,0.0,10.8
2023-07-27T21:00Z,13,198,0.5,0.1,46.6,0.2,7.2,16.7,0.0,0.0,28.8
2023-07-27T21:00Z,14,242,0.1,0.0,58.9,0.4,13.0,5.0,0.0,0.0,22.5
2023-07-27T21:00Z,15,227,7.3,0.8,52.8,0.1,9.0,16.2,0.0,0.0,13.9
2023-07-27T21:00Z,16,66,2.3,0.0,15.6,9.0,0.3,44.5,0.0,0.0,28.2
2023-07-27T21:00Z,17,344,0.0,0.0,85.1,0.0,2.0,0.0,0.0,0.0,12.9
2023-07-27T21:00Z,18,213,6.3,0.6,50.6,1.1,7.6,18.3,0.0,0.0,15.4
2023-07-27T21:30Z,1,6,0.5,0.0,0.7,32.5,2.4,11.2,0.0,0.0,52.8
2023-07-27T21:30Z,2,33,3.1,0.0,4.1,0.0,13.6,65.0,0.0,0.0,14.3
2023-07-27T21:30Z,3,87,4.6,0.0,20.5,0.0,14.4,55.0,0.0,0.0,5.5
2023-07-27T21:30Z,4,2,0.0,0.0,0.0,0.0,69.3,29.0,0.0,0.0,1.6
2023-07-27T21:30Z,5,229,40.3,0.0,45.9,0.0,3.4,1.6,0.0,0.0,8.9
2023-07-27T21:30Z,6,207,1.7,0.0,47.7,0.0,9.0,23.7,0.0,0.0,17.9
2023-07-27T21:30Z,7,371,0.0,0.0,94.1,0.0,0.0,0.0,0.0,0.0,5.9
2023-07-27T21:30Z,8,248,6.0,0.9,58.2,0.0,6.0,21.2,0.0,0.0,7.9
2023-07-27T21:30Z,9,342,13.5,2.7,76.1,0.0,1.1,0.6,0.0,0.0,5.9
2023-07-27T21:30Z,10,171,0.8,0.2,39.0,0.0,3.1,25.0,0.0,0.0,31.9
2023-07-27T21:30Z,11,358,1.6,0.4,89.0,0.0,1.8,1.5,0.0,0.0,5.7
2023-07-27T21:30Z,12,288,7.5,1.5,66.0,0.1,8.2,6.1,0.0,0.0,10.6
2023-07-27T21:30Z,13,196,0.6,0.1,46.2,0.1,7.1,17.7,0.0,0.0,28.1
2023-07-27T21:30Z,14,238,0.2,0.0,57.8,0.3,13.4,5.8,0.0,0.0,22.4
2023-07-27T21:30Z,15,225,7.9,0.7,52.5,0.1,8.5,16.6,0.0,0.0,13.7
2023-07-27T21:30Z,16,71,2.5,0.0,17.0,7.3,0.3,45.3,0.0,0.0,27.6
2023-07-27T21:30Z,17,343,0.0,0.0,85.3,0.0,1.4,0.0,0.0,0.0,13.2
2023-07-27T21:30Z,18,211,6.8,0.6,50.5,0.9,7.1,18.8,0.0,0.0,15.2
2023-07-27T22:00Z,1,6,0.6,0.0,0.8,30.7,2.6,12.3,0.0,0.0,53.0
2023-07-27T22:00Z,2,34,3.2,0.0,4.2,0.0,13.8,64.8,0.0,0.0,14.0
2023-07-27T22:00Z,3,84,3.9,0.0,19.8,0.0,14.3,56.6,0.0,0.0,5.4
2023-07-27T22:00Z,4,2,0.0,0.0,0.0,0.0,69.3,29.1,0.0,0.0,1.6
2023-07-27T22:00Z,5,228,40.0,0.0,45.7,0.0,4.0,1.7,0.0,0.0,8.7
2023-07-27T22:00Z,6,203,1.5,0.0,46.5,0.0,9.4,24.1,0.0,0.0,18.5
2023-07-27T22:00Z,7,370,0.0,0.0,94.0,0.0,0.0,0.0,0.0,0.0,6.0
2023-07-27T22:00Z,8,242,5.8,0.9,56.8,0.0,6.4,21.8,0.0,0.0,8.3
2023-07-27T22:00Z,9,336,14.9,2.9,73.9,0.0,1.5,0.6,0.0,0.0,6.2
2023-07-27T22:00Z,10,177,1.2,0.2,39.7,0.0,3.7,24.9,0.0,0.0,30.2
2023-07-27T22:00Z,11,338,3.8,0.6,82.7,0.0,2.1,2.3,0.0,0.0,8.4
2023-07-27T22:00Z,12,294,8.7,1.6,67.2,0.1,4.9,6.8,0.0,0.0,10.7
2023-07-27T22:00Z,13,204,0.9,0.2,47.5,0.1,4.8,18.0,0.0,0.0,28.6
2023-07-27T22:00Z,14,250,0.3,0.1,61.4,0.2,6.9,6.2,0.0,0.0,24.9
2023-07-27T22:00Z,15,224,8.1,0.8,51.8,0.0,8.5,17.3,0.0,0.0,13.4
2023-07-27T22:00Z,16,74,2.7,0.0,17.4,7.3,0.8,45.3,0.0,0.0,26.5
2023-07-27T22:00Z,17,339,0.0,0.0,82.5,0.0,3.1,0.0,0.0,0.0,14.4
2023-07-27T22:00Z,18,211,7.0,0.6,49.8,0.9,7.3,19.4,0.0,0.0,15.0
2023-07-27T22:30Z,1,9,0.6,0.0,0.9,29.1,2.8,13.6,0.0,0.0,53.0
2023-07-27T22:30Z,2,41,3.1,0.0,4.0,0.0,13.2,67.0,0.0,0.0,12.7
2023-07-27T22:30Z,3,70,3.6,0.0,16.3,0.0,15.5,59.0,0.0,0.0,5.6
2023-07-27T22:30Z,4,2,0.0,0.0,0.0,0.0,68.6,29.8,0.0,0.0,1.6
2023-07-27T22:30Z,5,224,40.5,0.0,44.4,0.0,4.9,1.7,0.0,0.0,8.5
2023-07-27T22:30Z,6,187,1.6,0.0,41.1,0.0,11.2,25.9,0.0,0.0,20.2
2023-07-27T22:30Z,7,372,0.0,0.0,94.4,0.0,0.0,0.0,0.0,0.0,5.6
2023-07-27T22:30Z,8,233,5.9,0.8,54.0,0.0,7.6,22.8,0.0,0.0,8.8
2023-07-27T22:30Z,9,330,16.2,3.0,71.8,0.0,2.0,0.7,0.0,0.0,6.4
2023-07-27T22:30Z,10,177,1.3,0.3,40.8,0.0,2.7,25.6,0.0,0.0,29.3
2023-07-27T22:30Z,11,332,4.6,0.8,80.5,0.0,2.3,3.0,0.0,0.0,8.8
2023-07-27T22:30Z,12,289,9.6,1.7,65.8,0.0,4.7,7.4,0.0,0.0,10.8
2023-07-27T22:30Z,13,201,1.0,0.2,47.6,0.1,4.2,18.7,0.0,0.0,28.2
2023-07-27T22:30Z,14,247,0.4,0.1,60.7,0.2,7.2,6.4,0.0,0.0,25.1
2023-07-27T22:30Z,15,226,8.0,0.9,52.3,0.0,8.4,17.3,0.0,0.0,13.1
2023-07-27T22:30Z,16,78,2.9,0.0,18.1,7.4,1.2,44.9,0.0,0.0,25.6
2023-07-27T22:30Z,17,337,0.0,0.0,81.5,0.0,3.3,0.0,0.0,0.0,15.1
2023-07-27T22:30Z,18,210,6.9,0.7,50.2,0.9,7.3,19.4,0.0,0.0,14.7
2023-07-27T23:00Z,1,12,0.7,0.0,0.9,25.1,3.5,15.1,0.0,0.0,54.6
2023-07-27T23:00Z,2,55,3.2,0.0,4.2,0.0,15.5,64.5,0.0,0.0,12.6
2023-07-27T23:00Z,3,75,3.9,0.0,17.4,0.0,14.1,59.2,0.0,0.0,5.5
2023-07-27T23:00Z,4,2,0.0,0.0,0.0,0.0,67.8,30.6,0.0,0.0,1.6
2023-07-27T23:00Z,5,222,42.2,0.0,43.5,0.0,4.0,1.8,0.0,0.0,8.5
2023-07-27T23:00Z,6,186,1.6,0.0,41.8,0.0,9.5,26.2,0.0,0.0,20.9
2023-07-27T23:00Z,7,372,0.0,0.0,94.4,0.0,0.0,0.0,0.0,0.0,5.6
2023-07-27T23:00Z,8,234,6.0,0.8,54.6,0.0,6.6,23.2,0.0,0.0,8.8
2023-07-27T23:00Z,9,330,16.8,2.9,71.8,0.0,1.6,0.7,0.0,0.0,6.2
2023-07-27T23:00Z,10,180,1.5,0.3,42.3,0.0,2.1,25.5,0.0,0.0,28.3
2023-07-27T23:00Z,11,325,5.1,0.8,78.8,0.0,2.3,3.6,0.0,0.2,9.2
2023-07-27T23:00Z,12,289,9.8,1.6,65.9,0.0,4.4,7.9,0.0,0.0,10.3
2023-07-27T23:00Z,13,208,1.2,0.2,50.2,0.0,2.4,19.0,0.0,0.0,27.0
2023-07-27T23:00Z,14,263,0.5,0.1,65.5,0.2,2.8,6.9,0.0,0.0,24.0
2023-07-27T23:00Z,15,228,8.4,0.9,53.0,0.0,7.7,17.3,0.0,0.0,12.6
2023-07-27T23:00Z,16,82,2.6,0.0,13.9,6.9,5.3,46.3,0.0,0.0,24.8
2023-07-27T23:00Z,17,332,0.0,0.0,81.0,0.0,2.9,0.0,0.0,0.0,16.1
2023-07-27T23:00Z,18,213,7.2,0.8,50.4,0.8,7.1,19.5,0.0,0.0,14.2
2023-07-27T23:30Z,1,16,0.9,0.0,1.1,20.0,4.3,17.3,0.0,0.0,56.4
2023-07-27T23:30Z,2,59,3.2,0.0,4.2,0.0,15.8,64.5,0.0,0.0,12.2
2023-07-27T23:30Z,3,72,3.4,0.0,16.7,0.0,14.0,60.5,0.0,0.0,5.3
2023-07-27T23:30Z,4,2,0.0,0.0,0.0,0.0,67.3,31.1,0.0,0.0,1.6
2023-07-27T23:30Z,5,224,41.7,0.0,44.1,0.0,4.2,1.8,0.0,0.0,8.2
2023-07-27T23:30Z,6,183,1.4,0.0,38.9,0.0,11.1,26.9,0.0,0.0,21.5
2023-07-27T23:30Z,7,372,0.0,0.0,94.3,0.0,0.0,0.0,0.0,0.0,5.7
2023-07-27T23:30Z,8,226,6.1,0.8,52.0,0.0,7.4,24.5,0.0,0.0,9.3
2023-07-27T23:30Z,9,324,18.3,2.8,69.9,0.0,1.8,0.7,0.0,0.0,6.4
2023-07-27T23:30Z,10,180,1.7,0.3,43.7,0.0,0.8,25.8,0.0,0.0,27.7
2023-07-27T23:30Z,11,332,4.8,0.8,80.6,0.0,1.6,3.9,0.0,0.0,8.3
2023-07-27T23:30Z,12,288,10.6,1.6,65.4,0.0,3.7,8.3,0.0,0.0,10.4
2023-07-27T23:30Z,13,208,1.3,0.2,51.2,0.1,1.9,19.6,0.0,0.0,25.8
2023-07-27T23:30Z,14,263,0.5,0.1,65.8,0.2,4.1,7.2,0.0,0.0,22.2
2023-07-27T23:30Z,15,226,8.8,0.9,52.4,0.1,8.0,17.7,0.0,0.0,12.3
2023-07-27T23:30Z,16,90,2.6,0.0,12.3,5.8,8.3,47.3,0.0,0.0,23.7
2023-07-27T23:30Z,17,331,0.0,0.0,82.7,0.0,1.1,0.0,0.0,0.0,16.1
2023-07-27T23:30Z,18,213,7.5,0.7,50.1,0.7,7.5,19.7,0.0,0.0,13.8
2023-07-28T00:00Z,1,21,1.0,0.0,1.4,15.6,5.4,20.0,0.0,0.0,56.5
2023-07-28T00:00Z,2,64,3.0,0.0,4.2,0.0,16.4,64.5,0.0,0.1,11.8
2023-07-28T00:00Z,3,74,4.2,0.0,17.0,0.0,12.7,60.4,0.0,0.0,5.7
2023-07-28T00:00Z,4,2,0.0,0.0,0.0,0.0,66.4,32.0,0.0,0.0,1.6
2023-07-28T00:00Z,5,227,43.0,0.0,44.4,0.0,2.9,1.7,0.0,0.0,7.9
2023-07-28T00:00Z,6,180,1.7,0.0,39.2,0.0,9.7,26.8,0.0,0.1,22.4
2023-07-28T00:00Z,7,371,0.0,0.0,94.2,0.0,0.0,0.0,0.0,0.0,5.8
2023-07-28T00:00Z,8,230,6.3,0.7,53.5,0.0,6.1,24.2,0.0,0.0,9.0
2023-07-28T00:00Z,9,334,16.7,2.6,73.4,0.0,1.1,0.7,0.0,0.0,5.5
2023-07-28T00:00Z,10,185,1.7,0.3,45.9,0.0,0.1,26.6,0.0,0.0,25.5
2023-07-28T00:00Z,11,331,5.0,0.6,80.7,0.0,1.4,3.7,0.0,0.0,8.5
2023-07-28T00:00Z,12,295,9.9,1.4,67.9,0.0,2.8,8.4,0.0,0.0,9.5
2023-07-28T00:00Z,13,216,1.3,0.2,53.8,0.1,1.2,19.7,0.0,0.0,23.7
2023-07-28T00:00Z,14,272,0.5,0.1,68.4,0.3,3.3,7.2,0.0,0.1,20.2
2023-07-28T00:00Z,15,227,8.8,0.8,52.6,0.1,8.1,17.9,0.0,0.0,11.7
2023-07-28T00:00Z,16,90,2.5,0.0,11.8,4.5,9.0,48.8,0.0,0.1,23.3
2023-07-28T00:00Z,17,329,0.0,0.0,83.5,0.0,0.0,0.0,0.0,0.0,16.5
2023-07-28T00:00Z,18,217,7.5,0.7,50.6,0.5,7.6,19.9,0.0,0.0,13.3
2023-07-28T00:30Z,1,21,1.2,0.0,1.6,13.3,5.6,22.4,0.0,0.0,55.9
2023-07-28T00:30Z,2,57,3.1,0.0,4.3,0.0,15.0,66.0,0.0,0.0,11.7
2023-07-28T00:30Z,3,63,4.2,0.0,14.3,0.0,13.0,62.1,0.0,0.0,6.4
2023-07-28T00:30Z,4,2,0.0,0.0,0.0,0.0,65.3,33.2,0.0,0.0,1.5
2023-07-28T00:30Z,5,224,43.7,0.0,43.6,0.0,3.2,1.7,0.0,0.0,7.8
2023-07-28T00:30Z,6,167,1.7,0.0,37.0,0.0,9.1,27.9,0.0,0.0,24.2
2023-07-28T00:30Z,7,372,0.0,0.0,94.3,0.0,0.0,0.0,0.0,0.0,5.6
2023-07-28T00:30Z,8,228,6.3,0.6,53.5,0.0,6.0,24.1,0.0,0.0,9.5
2023-07-28T00:30Z,9,327,17.9,2.2,72.3,0.0,1.3,0.7,0.0,0.0,5.6
2023-07-28T00:30Z,10,192,1.8,0.2,47.1,0.0,0.6,26.5,0.0,0.0,23.8
2023-07-28T00:30Z,11,343,3.9,0.5,84.4,0.0,0.9,3.4,0.0,0.0,6.8
2023-07-28T00:30Z,12,294,10.5,1.3,68.0,0.1,2.5,8.4,0.0,0.0,9.3
2023-07-28T00:30Z,13,223,1.3,0.2,55.3,0.1,1.0,20.1,0.0,0.0,22.1
2023-07-28T00:30Z,14,282,0.5,0.1,70.9,0.3,1.7,7.3,0.0,0.0,19.2
2023-07-28T00:30Z,15,221,9.0,0.8,51.1,0.1,8.8,18.6,0.0,0.0,11.5
2023-07-28T00:30Z,16,93,2.6,0.0,11.6,4.5,9.7,49.0,0.0,0.0,22.7
2023-07-28T00:30Z,17,329,0.0,0.0,81.8,0.0,1.4,0.0,0.0,0.0,16.8
2023-07-28T00:30Z,18,214,7.8,0.6,49.2,0.5,8.4,20.4,0.0,0.0,13.0
2023-07-28T01:00Z,1,18,1.3,0.0,1.8,12.8,4.9,24.5,0.0,0.0,54.8
2023-07-28T01:00Z,2,46,3.4,0.0,4.6,0.0,12.7,67.2,0.0,0.1,12.0
2023-07-28T01:00Z,3,60,4.3,0.0,13.6,0.0,12.3,62.8,0.0,0.0,7.0
2023-07-28T01:00Z,4,2,0.0,0.0,0.0,0.0,64.5,34.0,0.0,0.0,1.5
2023-07-28T01:00Z,5,224,45.3,0.0,43.1,0.0,2.9,1.6,0.0,0.0,7.1
2023-07-28T01:00Z,6,162,1.7,0.0,37.0,0.0,7.5,28.6,0.0,0.1,25.1
2023-07-28T01:00Z,7,370,0.0,0.0,94.0,0.0,0.0,0.0,0.0,0.0,6.0
2023-07-28T01:00Z,8,225,6.7,0.5,53.1,0.0,5.4,24.2,0.0,0.1,10.0
2023-07-28T01:00Z,9,318,20.5,1.9,70.0,0.0,1.3,0.7,0.0,0.0,5.6
2023-07-28T01:00Z,10,191,1.6,0.2,46.8,0.0,0.8,27.5,0.0,0.0,23.1
2023-07-28T01:00Z,11,344,3.5,0.4,85.3,0.0,0.9,3.1,0.0,0.0,6.7
2023-07-28T01:00Z,12,286,11.6,1.1,66.0,0.1,3.0,8.6,0.0,0.1,9.5
2023-07-28T01:00Z,13,221,1.2,0.1,54.9,0.1,0.9,20.9,0.0,0.0,21.8
2023-07-28T01:00Z,14,280,0.5,0.0,70.5,0.3,1.3,7.8,0.0,0.1,19.5
2023-07-28T01:00Z,15,218,9.5,0.7,50.1,0.1,8.6,19.2,0.0,0.0,11.7
2023-07-28T01:00Z,16,100,2.7,0.0,9.1,4.5,13.2,49.0,0.0,0.0,21.4
2023-07-28T01:00Z,17,324,0.0,0.0,81.1,0.0,0.9,0.0,0.0,0.0,18.0
2023-07-28T01:00Z,18,211,8.1,0.6,48.2,0.5,8.5,20.8,0.0,0.0,13.1
2023-07-28T01:30Z,1,14,1.5,0.0,1.9,11.9,4.7,26.8,0.0,0.0,53.3
2023-07-28T01:30Z,2,36,3.6,0.0,4.7,0.0,11.8,68.0,0.0,0.0,11.9
2023-07-28T01:30Z,3,61,4.6,0.0,13.8,0.0,12.1,62.2,0.0,0.0,7.3
2023-07-28T01:30Z,4,2,0.0,0.0,0.0,0.0,63.8,34.8,0.0,0.0,1.4
2023-07-28T01:30Z,5,224,46.7,0.0,42.5,0.0,2.7,1.5,0.0,0.0,6.5
2023-07-28T01:30Z,6,132,2.2,0.0,31.2,0.0,7.0,31.1,0.0,0.0,28.6
2023-07-28T01:30Z,7,371,0.0,0.0,94.1,0.0,0.0,0.0,0.0,0.0,5.9
2023-07-28T01:30Z,8,225,7.1,0.3,54.1,0.0,5.0,23.9,0.0,0.0,9.7
2023-07-28T01:30Z,9,315,21.0,1.1,70.9,0.0,1.2,0.7,0.0,0.0,5.1
2023-07-28T01:30Z,10,190,1.8,0.1,46.8,0.0,0.6,28.6,0.0,0.0,22.1
2023-07-28T01:30Z,11,347,3.4,0.2,86.5,0.0,0.7,2.8,0.0,0.0,6.4
2023-07-28T01:30Z,12,286,12.0,0.6,67.4,0.1,2.4,8.6,0.0,0.0,9.0
2023-07-28T01:30Z,13,222,1.4,0.1,55.2,0.1,1.0,21.4,0.0,0.0,20.9
2023-07-28T01:30Z,14,281,0.5,0.0,70.6,0.3,1.7,8.2,0.0,0.0,18.6
2023-07-28T01:30Z,15,214,10.1,0.6,49.0,0.1,9.0,19.6,0.0,0.0,11.5
2023-07-28T01:30Z,16,93,2.9,0.0,6.9,4.8,13.7,50.8,0.0,0.0,21.0
2023-07-28T01:30Z,17,317,0.0,0.0,76.7,0.0,3.2,0.0,0.0,0.0,20.0
2023-07-28T01:30Z,18,208,8.7,0.5,46.9,0.6,9.1,21.2,0.0,0.0,13.0
2023-07-28T02:00Z,1,13,1.6,0.0,2.0,11.3,4.4,28.9,0.0,0.0,51.9
2023-07-28T02:00Z,2,30,3.7,0.0,4.7,0.0,10.4,69.1,0.0,0.0,12.1
2023-07-28T02:00Z,3,60,4.2,0.0,13.7,0.0,11.7,62.6,0.0,0.0,7.7
2023-07-28T02:00Z,4,2,0.0,0.0,0.0,0.0,63.5,35.2,0.0,0.0,1.3
2023-07-28T02:00Z,5,222,47.9,0.0,41.7,0.0,3.0,1.6,0.0,0.0,5.9
2023-07-28T02:00Z,6,115,2.3,0.0,27.3,0.0,7.2,32.9,0.0,0.0,30.4
2023-07-28T02:00Z,7,371,0.0,0.0,94.0,0.0,0.0,0.0,0.0,0.0,6.0
2023-07-28T02:00Z,8,223,7.1,0.2,53.6,0.0,5.0,24.2,0.0,0.0,9.9
2023-07-28T02:00Z,9,309,22.6,0.9,69.5,0.0,1.4,0.7,0.0,0.0,4.8
2023-07-28T02:00Z,10,193,2.2,0.1,48.0,0.0,0.3,29.2,0.0,0.0,20.3
2023-07-28T02:00Z,11,346,3.6,0.1,86.3,0.0,0.9,2.5,0.0,0.1,6.4
2023-07-28T02:00Z,12,280,13.3,0.5,65.6,0.1,3.4,8.7,0.0,0.0,8.4
2023-07-28T02:00Z,13,221,1.7,0.1,55.2,0.1,1.1,21.8,0.0,0.0,20.0
2023-07-28T02:00Z,14,275,0.7,0.0,69.0,0.3,2.6,8.3,0.0,0.0,19.0
2023-07-28T02:00Z,15,211,10.1,0.4,48.6,0.1,9.6,20.2,0.0,0.0,10.9
2023-07-28T02:00Z,16,89,3.0,0.0,6.2,4.7,13.3,52.3,0.0,0.0,20.5
2023-07-28T02:00Z,17,316,0.0,0.0,76.5,0.0,3.2,0.0,0.0,0.0,20.3
2023-07-28T02:00Z,18,205,8.8,0.4,46.7,0.6,9.5,21.7,0.0,0.0,12.5
2023-07-28T02:30Z,1,11,1.7,0.0,2.1,10.3,4.2,31.0,0.0,0.0,50.6
2023-07-28T02:30Z,2,24,3.8,0.0,4.8,0.0,9.3,69.7,0.0,0.0,12.5
2023-07-28T02:30Z,3,59,5.2,0.0,13.2,0.0,11.5,61.7,0.0,0.0,8.5
2023-07-28T02:30Z,4,2,0.0,0.0,0.0,0.0,63.2,35.6,0.0,0.0,1.3
2023-07-28T02:30Z,5,233,46.8,0.0,44.8,0.0,2.0,1.5,0.0,0.0,4.9
2023-07-28T02:30Z,6,92,2.9,0.0,21.3,0.0,7.6,34.7,0.0,0.0,33.4
2023-07-28T02:30Z,7,368,0.0,0.0,93.4,0.0,0.0,0.0,0.0,0.0,6.6
2023-07-28T02:30Z,8,219,8.2,0.2,52.4,0.0,4.9,24.1,0.0,0.0,10.2
2023-07-28T02:30Z,9,313,22.6,0.8,70.7,0.0,1.0,0.7,0.0,0.0,4.2
2023-07-28T02:30Z,10,194,2.5,0.1,48.3,0.0,0.1,29.7,0.0,0.0,19.3
2023-07-28T02:30Z,11,349,3.5,0.1,87.1,0.0,0.8,2.3,0.0,0.0,6.2
2023-07-28T02:30Z,12,283,13.8,0.4,66.3,0.1,3.0,8.5,0.0,0.0,7.9
2023-07-28T02:30Z,13,221,1.9,0.1,55.2,0.1,1.5,22.3,0.0,0.0,18.8
2023-07-28T02:30Z,14,273,0.7,0.0,68.4,0.3,4.3,8.4,0.0,0.0,17.8
2023-07-28T02:30Z,15,210,9.9,0.2,48.7,0.1,10.3,20.4,0.0,0.0,10.2
2023-07-28T02:30Z,16,93,2.9,0.0,9.8,4.3,11.2,51.0,0.0,0.0,20.7
2023-07-28T02:30Z,17,321,0.0,0.0,78.2,0.0,2.8,0.0,0.0,0.0,19.0
2023-07-28T02:30Z,18,204,8.6,0.2,47.2,0.5,9.9,21.8,0.0,0.0,11.8
2023-07-28T03:00Z,1,10,1.6,0.0,2.1,13.7,4.6,31.2,0.0,0.0,46.8
2023-07-28T03:00Z,2,23,3.7,0.0,4.7,0.0,10.2,68.5,0.0,0.0,13.0
2023-07-28T03:00Z,3,59,4.6,0.0,13.4,0.0,12.6,60.3,0.0,0.0,9.0
2023-07-28T03:00Z,4,2,0.0,0.0,0.0,0.0,64.2,34.7,0.0,0.0,1.1
2023-07-28T03:00Z,5,232,46.1,0.0,44.9,0.0,2.9,1.5,0.0,0.0,4.6
2023-07-28T03:00Z,6,93,2.6,0.0,21.2,0.0,8.4,35.5,0.0,0.0,32.4
2023-07-28T03:00Z,7,369,0.0,0.0,93.8,0.0,0.0,0.0,0.0,0.0,6.2
2023-07-28T03:00Z,8,215,7.9,0.3,51.2,0.0,5.7,24.3,0.0,0.0,10.6
2023-07-28T03:00Z,9,312,22.9,1.0,69.9,0.0,1.5,0.7,0.0,0.0,4.1
2023-07-28T03:00Z,10,196,2.6,0.1,48.7,0.0,0.2,29.7,0.0,0.0,18.6
2023-07-28T03:00Z,11,349,3.3,0.2,87.3,0.0,0.9,2.3,0.0,0.0,6.1
2023-07-28T03:00Z,12,282,13.6,0.6,65.8,0.1,3.6,8.4,0.0,0.0,7.9
2023-07-28T03:00Z,13,225,1.9,0.1,56.0,0.1,1.8,22.3,0.0,0.0,17.8
2023-07-28T03:00Z,14,277,0.7,0.0,69.4,0.3,4.5,8.5,0.0,0.0,16.5
2023-07-28T03:00Z,15,209,10.1,0.2,48.9,0.1,10.5,20.2,0.0,0.0,10.0
2023-07-28T03:00Z,16,89,3.1,0.0,9.8,4.3,10.1,51.0,0.0,0.0,21.8
2023-07-28T03:00Z,17,320,0.0,0.0,78.1,0.0,2.7,0.0,0.0,0.0,19.3
2023-07-28T03:00Z,18,204,8.8,0.1,47.4,0.5,9.9,21.6,0.0,0.0,11.7
2023-07-28T03:30Z,1,11,1.7,0.0,2.2,18.1,5.1,30.8,0.0,0.0,42.1
2023-07-28T03:30Z,2,22,3.5,0.0,4.5,0.0,10.7,67.9,0.0,0.0,13.4
2023-07-28T03:30Z,3,63,5.1,0.0,14.3,0.0,13.0,58.1,0.0,0.0,9.4
2023-07-28T03:30Z,4,2,0.0,0.0,0.0,0.0,65.4,33.6,0.0,0.0,1.0
2023-07-28T03:30Z,5,235,45.9,0.0,45.6,0.0,2.8,1.5,0.0,0.0,4.2
2023-07-28T03:30Z,6,88,2.8,0.0,19.9,0.0,8.7,36.1,0.0,0.0,32.5
2023-07-28T03:30Z,7,371,0.0,0.0,94.2,0.0,0.0,0.0,0.0,0.0,5.8
2023-07-28T03:30Z,8,226,7.4,0.3,54.1,0.0,5.4,23.2,0.0,0.0,9.6
2023-07-28T03:30Z,9,331,18.0,1.0,76.0,0.0,1.1,0.7,0.0,0.0,3.3
2023-07-28T03:30Z,10,206,2.3,0.1,51.3,0.0,0.1,29.4,0.0,0.0,16.7
2023-07-28T03:30Z,11,350,3.2,0.2,87.3,0.0,0.9,2.4,0.0,0.0,6.1
2023-07-28T03:30Z,12,296,11.2,0.6,70.1,0.1,3.1,8.0,0.0,0.0,7.0
2023-07-28T03:30Z,13,231,1.7,0.1,57.8,0.1,1.7,22.4,0.0,0.0,16.3
2023-07-28T03:30Z,14,281,0.7,0.0,70.4,0.3,4.5,8.5,0.0,0.0,15.6
2023-07-28T03:30Z,15,208,10.0,0.1,48.9,0.1,10.8,20.2,0.0,0.0,9.9
2023-07-28T03:30Z,16,81,3.2,0.0,10.0,4.7,8.3,51.0,0.0,0.0,22.7
2023-07-28T03:30Z,17,320,0.0,0.0,78.2,0.0,2.5,0.0,0.0,0.0,19.3
2023-07-28T03:30Z,18,207,8.7,0.0,47.5,0.5,10.0,21.5,0.0,0.0,11.7
2023-07-28T04:00Z,1,10,1.6,0.0,2.0,24.4,5.1,28.6,0.0,0.1,38.2
2023-07-28T04:00Z,2,22,3.5,0.0,4.4,0.0,11.2,66.7,0.0,0.1,14.0
2023-07-28T04:00Z,3,82,4.2,0.0,19.4,0.0,12.2,56.0,0.0,0.1,8.2
2023-07-28T04:00Z,4,2,0.0,0.0,0.0,0.0,65.9,33.0,0.0,0.2,1.0
2023-07-28T04:00Z,5,234,45.8,0.0,45.5,0.0,3.3,1.5,0.0,0.1,3.9
2023-07-28T04:00Z,6,89,2.6,0.0,20.2,0.0,9.0,37.7,0.0,0.4,30.2
2023-07-28T04:00Z,7,371,0.0,0.0,94.2,0.0,0.0,0.0,0.0,0.0,5.7
2023-07-28T04:00Z,8,226,7.0,0.3,54.2,0.0,5.6,23.4,0.0,0.2,9.3
2023-07-28T04:00Z,9,330,18.0,1.1,75.7,0.0,1.3,0.6,0.0,0.2,3.1
2023-07-28T04:00Z,10,209,2.7,0.2,52.0,0.0,0.2,29.1,0.0,0.2,15.6
2023-07-28T04:00Z,11,344,4.1,0.2,85.3,0.0,1.3,2.4,0.0,0.4,6.3
2023-07-28T04:00Z,12,295,11.3,0.7,69.7,0.1,3.5,7.7,0.0,0.4,6.7
2023-07-28T04:00Z,13,231,2.0,0.1,57.5,0.1,2.8,22.1,0.0,0.2,15.2
2023-07-28T04:00Z,14,275,0.7,0.0,68.3,0.3,7.6,8.3,0.0,0.2,14.5
2023-07-28T04:00Z,15,212,10.0,0.0,50.0,0.2,10.5,20.0,0.0,0.2,9.1
2023-07-28T04:00Z,16,78,3.0,0.0,8.1,5.6,9.3,52.1,0.0,0.1,21.8
2023-07-28T04:00Z,17,323,0.0,0.0,79.2,0.0,2.3,0.0,0.0,0.1,18.4
2023-07-28T04:00Z,18,209,8.7,0.0,48.4,0.6,9.8,21.4,0.0,0.2,10.9
2023-07-28T04:30Z,1,9,1.4,0.0,1.8,29.4,4.6,27.0,0.0,0.1,35.7
2023-07-28T04:30Z,2,22,3.4,0.0,4.4,0.0,11.0,66.3,0.0,0.3,14.6
2023-07-28T04:30Z,3,92,4.2,0.0,21.9,0.0,12.6,53.5,0.0,0.2,7.7
2023-07-28T04:30Z,4,2,0.0,0.0,0.0,0.0,67.3,31.4,0.0,0.3,1.0
2023-07-28T04:30Z,5,234,45.5,0.0,45.4,0.0,3.5,1.7,0.0,0.2,3.6
2023-07-28T04:30Z,6,73,2.9,0.0,16.5,0.0,9.8,39.0,0.0,1.0,30.8
2023-07-28T04:30Z,7,371,0.0,0.0,94.2,0.0,0.0,0.0,0.0,0.2,5.7
2023-07-28T04:30Z,8,229,7.2,0.4,54.9,0.0,5.8,22.5,0.0,0.5,8.7
2023-07-28T04:30Z,9,332,17.4,1.2,76.1,0.0,1.3,0.6,0.0,0.5,2.9
2023-07-28T04:30Z,10,210,2.6,0.2,52.2,0.0,0.2,29.2,0.0,0.8,14.8
2023-07-28T04:30Z,11,338,3.9,0.3,83.8,0.0,1.5,2.2,0.0,2.4,6.0
2023-07-28T04:30Z,12,295,11.1,0.7,69.4,0.1,4.2,7.3,0.0,1.1,6.0
2023-07-28T04:30Z,13,230,2.0,0.1,56.9,0.1,4.4,21.1,0.0,0.8,14.5
2023-07-28T04:30Z,14,261,0.7,0.1,64.3,0.4,11.9,8.3,0.0,0.8,13.5
2023-07-28T04:30Z,15,217,10.0,0.0,51.4,0.2,10.2,19.0,0.0,0.7,8.6
2023-07-28T04:30Z,16,76,3.0,0.0,8.8,6.8,8.2,50.4,0.0,0.3,22.5
2023-07-28T04:30Z,17,324,0.0,0.0,79.2,0.0,2.5,0.0,0.0,0.3,17.9
2023-07-28T04:30Z,18,210,8.7,0.0,49.5,0.8,9.5,20.5,0.0,0.6,10.4
2023-07-28T05:00Z,1,8,1.3,0.0,1.7,32.1,4.3,25.8,0.0,0.3,34.4
2023-07-28T05:00Z,2,21,3.4,0.0,4.3,0.0,10.9,65.7,0.0,0.7,15.0
2023-07-28T05:00Z,3,97,3.9,0.0,23.4,0.0,13.5,51.5,0.0,0.4,7.3
2023-07-28T05:00Z,4,2,0.0,0.0,0.0,0.0,67.9,30.4,0.0,0.7,0.9
2023-07-28T05:00Z,5,232,44.9,0.0,45.1,0.0,4.4,1.6,0.0,0.5,3.5
2023-07-28T05:00Z,6,75,2.8,0.0,17.4,0.0,10.2,36.9,0.0,2.5,30.3
2023-07-28T05:00Z,7,371,0.0,0.0,94.1,0.0,0.0,0.0,0.0,0.5,5.4
2023-07-28T05:00Z,8,234,6.7,0.4,56.3,0.0,6.1,20.9,0.0,1.3,8.3
2023-07-28T05:00Z,9,331,16.7,1.3,75.9,0.0,1.6,0.6,0.0,1.0,2.9
2023-07-28T05:00Z,10,208,2.7,0.2,51.5,0.0,0.3,29.1,0.0,1.7,14.5
2023-07-28T05:00Z,11,321,3.5,0.2,79.8,0.0,1.8,2.0,0.0,7.0,5.7
2023-07-28T05:00Z,12,290,10.8,0.8,68.1,0.1,5.5,6.4,0.0,2.7,5.7
2023-07-28T05:00Z,13,223,2.1,0.1,55.0,0.2,5.8,20.4,0.0,1.8,14.5
2023-07-28T05:00Z,14,243,0.8,0.1,59.1,0.5,16.5,7.1,0.0,1.9,14.0
2023-07-28T05:00Z,15,217,9.8,0.0,51.4,0.2,10.6,18.5,0.0,1.6,8.0
2023-07-28T05:00Z,16,80,2.9,0.0,10.1,7.8,7.9,47.9,0.0,0.6,22.8
2023-07-28T05:00Z,17,324,0.0,0.0,78.9,0.0,2.8,0.0,0.0,0.8,17.5
2023-07-28T05:00Z,18,209,8.5,0.0,49.4,0.9,9.8,20.0,0.0,1.4,10.0
2023-07-28T05:30Z,1,9,1.4,0.0,1.8,33.0,5.0,24.6,0.0,0.5,33.7
2023-07-28T05:30Z,2,22,3.5,0.0,4.6,0.0,12.4,62.4,0.0,1.3,15.9
2023-07-28T05:30Z,3,105,4.0,0.0,25.2,0.0,12.7,50.7,0.0,0.6,6.7
2023-07-28T05:30Z,4,2,0.0,0.0,0.0,0.0,68.3,29.6,0.0,1.2,1.0
2023-07-28T05:30Z,5,231,45.8,0.0,44.8,0.0,3.8,1.5,0.0,0.8,3.3
2023-07-28T05:30Z,6,81,2.8,0.0,18.3,0.0,10.1,35.2,0.0,4.4,29.2
2023-07-28T05:30Z,7,369,0.0,0.0,93.7,0.0,0.0,0.0,0.0,1.0,5.3
2023-07-28T05:30Z,8,240,6.8,0.5,57.6,0.0,5.6,19.4,0.0,2.3,7.7
2023-07-28T05:30Z,9,329,17.0,1.4,74.8,0.0,1.4,0.5,0.0,1.9,2.9
2023-07-28T05:30Z,10,209,2.3,0.1,49.5,0.0,2.3,28.8,0.0,3.0,14.0
2023-07-28T05:30Z,11,307,2.2,0.2,76.5,0.0,1.8,1.5,0.0,12.9,4.9
2023-07-28T05:30Z,12,278,10.4,0.8,64.7,0.1,8.5,5.4,0.0,5.0,5.2
2023-07-28T05:30Z,13,226,1.8,0.1,53.9,0.2,7.4,19.3,0.0,3.2,13.9
2023-07-28T05:30Z,14,247,0.6,0.0,59.4,0.6,16.8,5.9,0.0,3.3,13.3
2023-07-28T05:30Z,15,216,9.7,0.0,51.1,0.2,11.4,17.1,0.0,2.9,7.7
2023-07-28T05:30Z,16,81,2.8,0.0,11.0,9.6,7.4,45.5,0.0,1.1,22.6
2023-07-28T05:30Z,17,324,0.0,0.0,77.7,0.0,3.8,0.0,0.0,1.7,16.8
2023-07-28T05:30Z,18,209,8.4,0.0,49.0,1.1,10.5,18.7,0.0,2.6,9.7
2023-07-28T06:00Z,1,9,1.3,0.0,1.9,32.0,5.2,25.1,0.0,0.8,33.8
2023-07-28T06:00Z,2,22,3.3,0.0,4.6,0.0,12.7,60.6,0.0,1.9,16.9
2023-07-28T06:00Z,3,107,4.6,0.0,25.7,0.0,13.0,49.3,0.0,0.9,6.4
2023-07-28T06:00Z,4,2,0.0,0.0,0.0,0.0,68.9,28.4,0.0,1.6,1.1
2023-07-28T06:00Z,5,233,45.6,0.0,45.1,0.0,3.4,1.2,0.0,1.2,3.5
2023-07-28T06:00Z,6,92,2.7,0.0,21.8,0.0,8.8,32.6,0.0,6.3,27.8
2023-07-28T06:00Z,7,365,0.0,0.0,92.7,0.0,0.0,0.0,0.0,1.8,5.6
2023-07-28T06:00Z,8,245,7.3,0.6,58.4,0.0,5.3,17.5,0.0,3.8,7.3
2023-07-28T06:00Z,9,327,16.0,1.6,74.2,0.0,1.2,0.6,0.0,3.1,3.2
2023-07-28T06:00Z,10,210,0.7,0.1,46.8,0.0,5.1,28.4,0.0,4.7,14.3
2023-07-28T06:00Z,11,269,2.1,0.2,66.2,0.0,5.3,1.1,0.0,20.0,5.0
2023-07-28T06:00Z,12,248,7.5,0.8,55.6,0.2,18.7,4.4,0.0,7.9,5.0
2023-07-28T06:00Z,13,210,0.4,0.1,46.2,0.3,18.4,18.3,0.0,4.3,12.0
2023-07-28T06:00Z,14,210,0.1,0.0,45.7,0.7,35.6,5.1,0.0,3.8,9.0
2023-07-28T06:00Z,15,211,9.1,0.1,48.6,0.1,14.5,16.4,0.0,4.4,6.8
2023-07-28T06:00Z,16,76,2.8,0.0,12.6,10.5,5.1,42.8,0.0,1.7,24.5
2023-07-28T06:00Z,17,315,0.0,0.0,77.6,0.0,2.1,0.0,0.0,2.9,17.4
2023-07-28T06:00Z,18,202,7.8,0.1,47.0,1.2,12.7,17.9,0.0,4.0,9.3
2023-07-28T06:30Z,1,12,1.4,0.0,2.0,30.9,5.7,25.4,0.0,1.1,33.5
2023-07-28T06:30Z,2,27,3.2,0.0,4.6,0.0,13.2,59.1,0.0,2.6,17.4
2023-07-28T06:30Z,3,113,5.4,0.0,27.0,0.0,12.5,47.8,0.0,1.4,6.0
2023-07-28T06:30Z,4,2,0.0,0.0,0.0,0.0,68.9,27.6,0.0,2.3,1.2
2023-07-28T06:30Z,5,235,45.8,0.0,45.6,0.0,2.4,1.0,0.0,1.7,3.6
2023-07-28T06:30Z,6,104,2.7,0.0,21.4,0.0,10.5,29.7,0.0,8.9,26.7
2023-07-28T06:30Z,7,361,0.0,0.0,91.5,0.0,0.0,0.0,0.0,2.8,5.7
2023-07-28T06:30Z,8,253,7.2,0.8,59.6,0.0,4.7,15.6,0.0,5.5,6.6
2023-07-28T06:30Z,9,329,14.4,2.1,74.0,0.0,0.7,1.0,0.0,4.5,3.3
2023-07-28T06:30Z,10,200,0.3,0.0,46.8,0.0,3.2,28.4,0.0,6.9,14.3
2023-07-28T06:30Z,11,240,1.5,0.2,58.8,0.1,7.7,0.8,0.0,26.6,4.4
2023-07-28T06:30Z,12,216,5.5,0.8,46.7,0.2,28.4,3.5,0.0,11.0,3.8
2023-07-28T06:30Z,13,197,0.1,0.0,43.8,0.3,22.9,16.2,0.0,5.8,10.8
2023-07-28T06:30Z,14,195,0.0,0.0,40.8,0.6,43.1,3.7,0.0,4.6,7.2
2023-07-28T06:30Z,15,211,8.5,0.3,48.1,0.1,15.5,15.4,0.0,5.9,6.2
2023-07-28T06:30Z,16,77,2.7,0.0,14.3,10.5,4.1,41.6,0.0,2.5,24.2
2023-07-28T06:30Z,17,310,0.0,0.0,76.9,0.0,1.6,0.0,0.0,4.2,17.2
2023-07-28T06:30Z,18,199,7.3,0.2,46.6,1.2,13.4,17.0,0.0,5.5,8.8
2023-07-28T07:00Z,1,12,1.4,0.0,2.0,28.8,5.6,25.3,0.0,1.5,35.4
2023-07-28T07:00Z,2,26,3.0,0.0,4.5,0.0,12.5,57.4,0.0,3.3,19.4
2023-07-28T07:00Z,3,120,5.9,0.0,28.6,0.0,11.6,46.0,0.0,1.8,6.1
2023-07-28T07:00Z,4,2,0.0,0.0,0.0,0.0,68.5,27.1,0.0,2.9,1.5
2023-07-28T07:00Z,5,237,45.6,0.0,46.2,0.0,1.4,0.7,0.0,2.2,3.8
2023-07-28T07:00Z,6,103,3.1,0.0,23.5,0.0,8.2,27.3,0.0,11.9,26.0
2023-07-28T07:00Z,7,354,0.0,0.0,89.9,0.0,0.0,0.0,0.0,3.8,6.4
2023-07-28T07:00Z,8,258,6.4,1.0,60.8,0.0,4.9,13.8,0.0,7.4,5.7
2023-07-28T07:00Z,9,330,11.6,2.4,74.0,0.0,0.7,1.3,0.0,6.2,3.7
2023-07-28T07:00Z,10,218,0.0,0.0,41.3,0.0,12.4,25.5,0.0,8.4,12.4
2023-07-28T07:00Z,11,220,0.9,0.2,53.6,0.1,8.2,0.5,0.0,32.1,4.5
2023-07-28T07:00Z,12,203,3.6,0.7,42.7,0.2,32.2,2.6,0.0,14.3,3.6
2023-07-28T07:00Z,13,202,0.0,0.0,39.5,0.4,29.9,14.9,0.0,6.7,8.6
2023-07-28T07:00Z,14,195,0.0,0.0,39.5,0.7,46.4,2.4,0.0,5.4,5.6
2023-07-28T07:00Z,15,209,7.7,0.4,43.9,0.1,20.3,14.8,0.0,7.3,5.4
2023-07-28T07:00Z,16,81,3.1,0.0,18.5,8.6,2.7,38.5,0.0,3.8,24.7
2023-07-28T07:00Z,17,303,0.0,0.0,76.0,0.0,0.8,0.1,0.0,5.8,17.3
2023-07-28T07:00Z,18,198,6.7,0.3,43.3,1.0,17.0,16.4,0.0,6.8,8.4
2023-07-28T07:30Z,1,12,1.6,0.0,2.6,26.4,5.5,25.0,0.0,1.9,37.0
2023-07-28T07:30Z,2,25,3.3,0.0,5.4,0.0,11.5,54.7,0.0,4.1,21.0
2023-07-28T07:30Z,3,122,7.3,0.0,28.7,0.0,10.0,45.5,0.0,2.3,6.2
2023-07-28T07:30Z,4,9,1.4,0.0,1.4,0.0,64.8,27.1,0.0,3.7,1.8
2023-07-28T07:30Z,5,239,46.2,0.0,46.5,0.0,0.0,0.4,0.0,2.8,4.0
2023-07-28T07:30Z,6,122,3.4,0.0,27.9,0.0,6.8,24.7,0.0,14.4,22.7
2023-07-28T07:30Z,7,347,0.0,0.0,88.1,0.0,0.0,0.0,0.0,4.9,7.0
2023-07-28T07:30Z,8,259,4.2,1.1,59.6,0.0,7.7,12.4,0.0,10.1,4.8
2023-07-28T07:30Z,9,337,6.3,2.5,75.0,0.0,2.3,1.7,0.0,8.0,4.2
2023-07-28T07:30Z,10,235,0.0,0.0,36.4,0.0,21.2,23.4,0.0,9.1,9.9
2023-07-28T07:30Z,11,203,0.2,0.1,49.7,0.0,7.5,0.4,0.0,37.7,4.2
2023-07-28T07:30Z,12,178,1.3,0.6,35.3,0.2,40.0,1.9,0.0,17.5,3.1
2023-07-28T07:30Z,13,201,0.0,0.0,35.5,0.4,36.4,13.8,0.0,7.3,6.8
2023-07-28T07:30Z,14,189,0.0,0.0,37.1,0.6,50.0,1.0,0.0,6.4,4.9
2023-07-28T07:30Z,15,208,7.3,0.5,41.2,0.1,22.7,14.3,0.0,8.9,5.1
2023-07-28T07:30Z,16,82,3.0,0.1,18.6,7.1,3.1,37.9,0.0,4.7,25.6
2023-07-28T07:30Z,17,301,0.1,0.0,76.1,0.0,0.5,0.1,0.0,7.1,16.0
2023-07-28T07:30Z,18,198,6.3,0.4,41.0,0.9,19.0,16.0,0.0,8.3,8.1
2023-07-28T08:00Z,1,11,1.5,0.0,2.2,23.1,4.9,24.4,0.0,2.3,41.6
2023-07-28T08:00Z,2,22,3.1,0.0,4.7,0.0,10.6,53.6,0.0,4.8,23.2
2023-07-28T08:00Z,3,116,7.7,0.0,27.1,0.0,10.3,45.6,0.0,2.8,6.4
2023-07-28T08:00Z,4,10,1.6,0.0,1.6,0.0,63.8,26.7,0.0,4.3,2.0
2023-07-28T08:00Z,5,236,46.3,0.0,45.7,0.0,0.0,0.2,0.0,3.6,4.2
2023-07-28T08:00Z,6,116,3.5,0.0,28.0,0.0,5.5,23.1,0.0,17.5,22.3
2023-07-28T08:00Z,7,339,0.0,0.0,86.2,0.0,0.0,0.0,0.0,6.2,7.6
2023-07-28T08:00Z,8,252,3.9,0.9,58.2,0.0,8.4,10.9,0.0,12.6,5.0
2023-07-28T08:00Z,9,326,5.6,2.0,73.5,0.0,2.5,2.2,0.0,9.7,4.4
2023-07-28T08:00Z,10,231,0.0,0.0,35.5,0.0,21.3,23.0,0.0,10.8,9.3
2023-07-28T08:00Z,11,173,0.2,0.1,42.3,0.0,6.9,0.3,0.0,45.7,4.4
2023-07-28T08:00Z,12,163,1.1,0.4,31.8,0.2,41.2,1.4,0.0,21.1,2.9
2023-07-28T08:00Z,13,197,0.0,0.0,33.6,0.3,39.1,11.6,0.0,8.8,6.5
2023-07-28T08:00Z,14,178,0.0,0.0,33.3,0.6,53.5,0.4,0.0,7.7,4.5
2023-07-28T08:00Z,15,203,7.0,0.5,40.2,0.1,22.7,13.7,0.0,10.8,5.0
2023-07-28T08:00Z,16,73,2.9,0.1,16.5,6.0,2.8,37.5,0.0,5.6,28.6
2023-07-28T08:00Z,17,291,0.1,0.0,73.7,0.0,0.5,0.1,0.0,9.0,16.7
2023-07-28T08:00Z,18,191,6.1,0.4,39.8,0.8,19.0,15.4,0.0,10.1,8.4
2023-07-28T08:30Z,1,10,1.4,0.0,2.1,18.4,4.2,23.9,0.0,2.6,47.5
2023-07-28T08:30Z,2,23,3.1,0.0,4.7,0.0,9.3,51.6,0.0,5.7,25.6
2023-07-28T08:30Z,3,119,7.6,0.0,27.9,0.0,9.4,45.3,0.0,3.4,6.5
2023-07-28T08:30Z,4,16,2.7,0.0,2.9,0.0,60.7,26.2,0.0,5.0,2.4
2023-07-28T08:30Z,5,239,44.0,0.0,47.3,0.0,0.0,0.1,0.0,4.3,4.4
2023-07-28T08:30Z,6,116,3.2,0.0,28.3,0.0,4.8,22.0,0.0,20.3,21.4
2023-07-28T08:30Z,7,334,0.0,0.0,84.7,0.0,0.0,0.0,0.0,7.2,8.1
2023-07-28T08:30Z,8,247,3.2,0.7,57.5,0.0,8.6,9.7,0.0,15.1,5.2
2023-07-28T08:30Z,9,315,4.6,1.6,72.1,0.0,2.7,2.8,0.0,11.5,4.7
2023-07-28T08:30Z,10,223,0.0,0.0,34.4,0.0,21.0,22.8,0.0,12.8,9.0
2023-07-28T08:30Z,11,156,0.1,0.0,38.3,0.0,6.2,0.3,0.0,50.6,4.5
2023-07-28T08:30Z,12,144,0.8,0.3,27.0,0.2,42.6,1.3,0.0,25.1,2.7
2023-07-28T08:30Z,13,181,0.0,0.0,28.9,0.3,44.0,10.0,0.0,10.5,6.2
2023-07-28T08:30Z,14,153,0.0,0.0,25.2,0.6,60.8,0.1,0.0,9.1,4.2
2023-07-28T08:30Z,15,196,7.0,0.5,38.2,0.1,23.0,13.3,0.0,12.8,5.1
2023-07-28T08:30Z,16,66,2.6,0.0,15.2,4.8,2.0,37.2,0.0,6.4,31.7
2023-07-28T08:30Z,17,289,0.0,0.0,73.3,0.0,0.0,0.1,0.0,10.1,16.5
2023-07-28T08:30Z,18,185,6.1,0.4,38.1,0.6,19.2,15.0,0.0,11.9,8.8
2023-07-28T09:00Z,1,9,1.3,0.0,1.8,14.6,3.3,22.2,0.0,2.8,53.9
2023-07-28T09:00Z,2,21,3.0,0.0,4.2,0.0,7.5,49.6,0.0,6.5,29.1
2023-07-28T09:00Z,3,113,7.8,0.0,26.3,0.0,8.5,45.4,0.0,4.0,8.1
2023-07-28T09:00Z,4,22,3.8,0.0,4.0,0.0,57.2,26.2,0.0,5.9,3.0
2023-07-28T09:00Z,5,233,43.6,0.0,45.9,0.0,0.0,0.1,0.0,4.6,5.8
2023-07-28T09:00Z,6,111,2.9,0.0,27.1,0.0,3.9,20.9,0.0,22.2,23.0
2023-07-28T09:00Z,7,329,0.0,0.0,83.4,0.0,0.0,0.0,0.0,7.8,8.8
2023-07-28T09:00Z,8,236,2.9,0.6,54.7,0.0,9.0,9.2,0.0,17.4,6.2
2023-07-28T09:00Z,9,300,4.0,1.3,68.1,0.0,3.7,3.2,0.0,13.8,5.9
2023-07-28T09:00Z,10,218,0.0,0.0,32.7,0.0,21.4,22.0,0.0,13.9,10.0
2023-07-28T09:00Z,11,94,0.2,0.0,21.6,0.0,10.9,0.3,0.0,61.7,5.3
2023-07-28T09:00Z,12,137,0.6,0.2,25.4,0.2,41.9,1.3,0.0,27.4,3.1
2023-07-28T09:00Z,13,181,0.0,0.0,29.2,0.3,43.1,9.2,0.0,11.3,6.9
2023-07-28T09:00Z,14,157,0.0,0.0,27.1,0.4,57.7,0.3,0.0,9.6,4.9
2023-07-28T09:00Z,15,189,6.7,0.5,36.9,0.1,22.4,13.1,0.0,14.4,6.0
2023-07-28T09:00Z,16,59,2.4,0.0,13.6,3.6,1.6,36.4,0.0,7.0,35.4
2023-07-28T09:00Z,17,281,0.0,0.0,71.0,0.0,0.1,0.1,0.0,11.3,17.5
2023-07-28T09:00Z,18,177,5.8,0.4,36.6,0.5,18.6,14.7,0.0,13.4,10.0
2023-07-28T09:30Z,1,7,1.0,0.0,1.3,12.3,2.9,19.8,0.0,2.8,59.9
2023-07-28T09:30Z,2,17,2.5,0.0,3.4,0.0,7.4,47.1,0.0,7.2,32.5
2023-07-28T09:30Z,3,102,6.8,0.0,23.7,0.0,9.4,46.1,0.0,4.4,9.6
2023-07-28T09:30Z,4,8,1.1,0.0,1.1,0.0,60.8,27.8,0.0,6.1,3.1
2023-07-28T09:30Z,5,221,44.4,0.0,42.6,0.0,0.0,0.2,0.0,5.1,7.5
2023-07-28T09:30Z,6,91,2.6,0.0,21.9,0.0,4.3,21.1,0.0,24.5,25.6
2023-07-28T09:30Z,7,323,0.0,0.0,82.1,0.0,0.0,0.0,0.0,8.4,9.5
2023-07-28T09:30Z,8,220,3.0,0.6,50.4,0.0,9.4,9.7,0.0,19.6,7.2
2023-07-28T09:30Z,9,285,4.8,1.5,63.0,0.0,4.2,3.1,0.0,16.1,7.4
2023-07-28T09:30Z,10,208,0.0,0.0,30.5,0.0,21.3,21.8,0.0,15.2,11.3
2023-07-28T09:30Z,11,76,0.1,0.0,17.2,0.0,10.1,0.3,0.0,66.3,5.8
2023-07-28T09:30Z,12,124,0.6,0.2,22.2,0.1,41.8,1.2,0.0,30.4,3.5
2023-07-28T09:30Z,13,170,0.0,0.0,27.0,0.2,43.8,9.1,0.0,12.1,7.8
2023-07-28T09:30Z,14,148,0.0,0.0,25.2,0.3,58.2,0.3,0.0,10.3,5.6
2023-07-28T09:30Z,15,181,6.6,0.6,34.7,0.1,22.4,13.0,0.0,15.7,6.9
2023-07-28T09:30Z,16,50,2.2,0.0,11.5,3.0,1.3,35.6,0.0,7.5,38.8
2023-07-28T09:30Z,17,269,0.0,0.0,68.3,0.0,0.0,0.0,0.0,12.5,19.1
2023-07-28T09:30Z,18,167,5.7,0.5,34.4,0.4,18.6,14.7,0.0,14.6,11.2
2023-07-28T10:00Z,1,5,0.7,0.0,1.0,11.6,2.4,16.1,0.0,2.5,65.8
2023-07-28T10:00Z,2,16,2.1,0.0,2.9,0.0,7.1,44.9,0.0,7.5,35.5
2023-07-28T10:00Z,3,97,5.3,0.0,22.9,0.0,10.8,46.1,0.0,4.7,10.2
2023-07-28T10:00Z,4,2,0.0,0.0,0.0,0.0,63.5,27.6,0.0,6.0,2.9
2023-07-28T10:00Z,5,212,44.0,0.0,40.3,0.0,1.5,0.5,0.0,5.6,8.2
2023-07-28T10:00Z,6,82,2.2,0.0,20.0,0.0,4.8,21.3,0.0,24.9,26.9
2023-07-28T10:00Z,7,317,0.0,0.0,80.5,0.0,0.0,0.0,0.0,8.8,10.7
2023-07-28T10:00Z,8,217,3.7,0.8,50.0,0.0,7.7,10.0,0.0,19.9,7.9
2023-07-28T10:00Z,9,282,6.4,1.9,62.1,0.0,3.0,3.0,0.0,16.3,7.4
2023-07-28T10:00Z,10,203,0.0,0.0,29.8,0.0,20.5,21.2,0.0,16.5,11.9
2023-07-28T10:00Z,11,89,0.2,0.1,21.0,0.0,6.2,0.3,0.0,66.6,5.7
2023-07-28T10:00Z,12,126,1.0,0.3,23.7,0.1,36.4,1.1,0.0,33.7,3.8
2023-07-28T10:00Z,13,170,0.0,0.0,27.2,0.2,41.8,9.0,0.0,13.3,8.6
2023-07-28T10:00Z,14,148,0.0,0.0,25.6,0.3,56.2,0.3,0.0,11.3,6.4
2023-07-28T10:00Z,15,178,6.5,0.6,34.1,0.0,21.5,13.2,0.0,16.8,7.3
2023-07-28T10:00Z,16,37,2.0,0.0,8.7,2.8,0.5,34.8,0.0,7.2,44.0
2023-07-28T10:00Z,17,265,0.0,0.0,66.9,0.0,0.2,0.0,0.0,13.1,19.8
2023-07-28T10:00Z,18,163,5.6,0.5,33.5,0.3,17.8,14.6,0.0,15.5,12.2
2023-07-28T10:30Z,1,4,0.5,0.0,0.7,11.4,1.4,12.2,0.0,2.0,71.7
2023-07-28T10:30Z,2,15,2.1,0.0,2.8,0.0,5.6,42.8,0.0,7.7,39.0
2023-07-28T10:30Z,3,89,4.9,0.0,21.1,0.0,10.6,46.7,0.0,5.1,11.6
2023-07-28T10:30Z,4,2,0.0,0.0,0.0,0.0,62.9,27.5,0.0,6.4,3.2
2023-07-28T10:30Z,5,199,45.0,0.0,36.9,0.0,2.1,0.8,0.0,6.1,9.1
2023-07-28T10:30Z,6,67,2.0,0.0,16.2,0.0,4.7,21.9,0.0,26.2,29.0
2023-07-28T10:30Z,7,312,0.0,0.0,79.1,0.0,0.0,0.0,0.0,9.1,11.8
2023-07-28T10:30Z,8,213,3.6,0.9,49.1,0.0,6.9,10.6,0.0,20.2,8.7
2023-07-28T10:30Z,9,283,6.4,2.4,61.8,0.0,2.5,2.9,0.0,16.6,7.4
2023-07-28T10:30Z,10,205,0.0,0.0,28.8,0.0,21.2,20.6,0.0,17.0,12.3
2023-07-28T10:30Z,11,80,0.2,0.1,18.8,0.0,6.5,0.3,0.0,68.3,5.9
2023-07-28T10:30Z,12,124,1.1,0.4,23.3,0.1,34.1,1.0,0.0,36.0,3.9
2023-07-28T10:30Z,13,171,0.0,0.0,26.5,0.2,40.7,8.8,0.0,14.4,9.5
2023-07-28T10:30Z,14,146,0.0,0.0,24.6,0.3,55.1,0.3,0.0,12.4,7.3
2023-07-28T10:30Z,15,167,6.6,0.7,31.0,0.1,21.5,13.5,0.0,18.3,8.4
2023-07-28T10:30Z,16,26,1.8,0.0,5.6,2.7,0.3,34.2,0.0,6.9,48.4
2023-07-28T10:30Z,17,256,0.0,0.0,64.6,0.0,0.3,0.0,0.0,14.0,21.2
2023-07-28T10:30Z,18,155,5.7,0.5,30.5,0.4,17.7,14.9,0.0,16.8,13.6
2023-07-28T11:00Z,1,2,0.3,0.0,0.5,11.2,0.7,8.4,0.0,1.3,77.5
2023-07-28T11:00Z,2,15,2.0,0.0,2.6,0.0,4.4,40.5,0.0,7.8,42.6
2023-07-28T11:00Z,3,84,4.1,0.0,20.1,0.0,10.4,47.1,0.0,5.3,13.0
2023-07-28T11:00Z,4,2,0.0,0.0,0.0,0.0,62.4,27.5,0.0,6.6,3.5
2023-07-28T11:00Z,5,194,44.3,0.0,35.7,0.0,2.9,1.2,0.0,6.3,9.7
2023-07-28T11:00Z,6,64,1.8,0.0,15.6,0.0,4.5,21.7,0.0,26.4,29.9
2023-07-28T11:00Z,7,306,0.0,0.0,77.7,0.0,0.0,0.0,0.0,9.4,12.9
2023-07-28T11:00Z,8,203,4.1,1.0,46.7,0.0,6.0,11.8,0.0,20.3,10.2
2023-07-28T11:00Z,9,273,8.4,2.6,58.6,0.0,2.4,2.6,0.0,17.3,8.1
2023-07-28T11:00Z,10,200,0.0,0.0,28.6,0.0,20.3,20.9,0.0,17.4,12.8
2023-07-28T11:00Z,11,43,0.4,0.1,8.9,0.0,8.3,0.3,0.0,75.4,6.7
2023-07-28T11:00Z,12,122,1.5,0.5,22.8,0.1,32.5,1.0,0.0,37.4,4.2
2023-07-28T11:00Z,13,172,0.0,0.0,26.8,0.2,39.2,8.9,0.0,14.8,10.1
2023-07-28T11:00Z,14,148,0.0,0.0,25.1,0.3,53.5,0.3,0.0,12.8,7.9
2023-07-28T11:00Z,15,155,6.9,0.7,27.6,0.1,20.9,13.8,0.0,20.0,9.9
2023-07-28T11:00Z,16,15,1.8,0.0,2.8,2.6,0.3,33.1,0.0,6.6,52.9
2023-07-28T11:00Z,17,236,0.0,0.0,59.0,0.0,0.8,0.0,0.0,15.9,24.3
2023-07-28T11:00Z,18,146,5.9,0.6,26.9,0.4,17.4,15.0,0.0,18.3,15.6
2023-07-28T11:30Z,1,1,0.1,0.0,0.1,12.4,0.1,5.4,0.0,0.3,81.6
2023-07-28T11:30Z,2,13,1.9,0.0,2.6,0.0,2.6,38.5,0.0,7.8,46.5
2023-07-28T11:30Z,3,74,3.4,0.0,17.7,0.0,10.6,47.1,0.0,5.7,15.4
2023-07-28T11:30Z,4,2,0.0,0.0,0.0,0.0,61.4,27.8,0.0,6.9,3.8
2023-07-28T11:30Z,5,175,46.2,0.0,30.4,0.0,4.2,1.6,0.0,6.8,10.9
2023-07-28T11:30Z,6,58,1.5,0.0,14.0,0.0,4.2,21.8,0.0,26.9,31.6
2023-07-28T11:30Z,7,301,0.0,0.0,76.4,0.0,0.0,0.0,0.0,9.7,14.0
2023-07-28T11:30Z,8,192,4.1,0.9,44.5,0.0,5.2,12.8,0.0,20.5,12.1
2023-07-28T11:30Z,9,265,9.6,2.8,55.9,0.0,2.4,2.3,0.0,18.1,8.8
2023-07-28T11:30Z,10,198,0.0,0.0,26.9,0.0,21.4,20.6,0.0,17.7,13.5
2023-07-28T11:30Z,11,42,0.5,0.1,8.5,0.0,8.4,0.2,0.0,75.2,7.0
2023-07-28T11:30Z,12,121,1.9,0.5,22.4,0.1,30.3,0.9,0.0,39.2,4.6
2023-07-28T11:30Z,13,167,0.0,0.0,25.4,0.2,39.1,9.3,0.0,15.3,10.8
2023-07-28T11:30Z,14,145,0.0,0.0,24.4,0.4,52.8,0.2,0.0,13.5,8.7
2023-07-28T11:30Z,15,146,7.0,0.7,25.4,0.1,20.2,14.1,0.0,21.2,11.4
2023-07-28T11:30Z,16,11,1.6,0.0,2.2,2.4,0.2,31.2,0.0,6.4,56.0
2023-07-28T11:30Z,17,235,0.0,0.0,59.0,0.0,0.5,0.1,0.0,15.8,24.5
2023-07-28T11:30Z,18,138,5.9,0.5,25.0,0.4,16.6,15.1,0.0,19.2,17.3
2023-07-28T12:00Z,1,0,0.0,0.0,0.0,12.6,0.0,3.1,0.0,0.0,84.3
2023-07-28T12:00Z,2,15,1.8,0.0,2.5,0.1,2.6,37.4,0.0,7.7,48.0
2023-07-28T12:00Z,3,63,2.7,0.0,15.1,0.0,11.2,48.5,0.0,5.9,16.6
2023-07-28T12:00Z,4,2,0.0,0.0,0.0,0.0,60.7,28.5,0.0,6.7,4.1
2023-07-28T12:00Z,5,171,44.5,0.0,29.7,0.0,5.4,2.0,0.0,7.0,11.3
2023-07-28T12:00Z,6,59,1.2,0.0,13.8,0.0,4.5,21.7,0.0,26.3,32.5
2023-07-28T12:00Z,7,301,0.0,0.0,76.4,0.0,0.0,0.0,0.0,9.6,14.0
2023-07-28T12:00Z,8,188,3.8,0.8,43.9,0.0,4.5,13.4,0.0,20.0,13.6
2023-07-28T12:00Z,9,259,10.3,2.8,54.4,0.0,2.7,2.1,0.0,18.5,9.2
2023-07-28T12:00Z,10,196,0.0,0.0,27.3,0.0,20.3,20.7,0.0,17.5,14.2
2023-07-28T12:00Z,11,48,0.5,0.1,10.3,0.0,6.6,0.2,0.0,75.2,6.9
2023-07-28T12:00Z,12,124,2.2,0.6,23.9,0.1,26.5,0.9,0.0,40.7,5.2
2023-07-28T12:00Z,13,168,0.0,0.0,26.4,0.2,37.1,9.3,0.0,15.3,11.7
2023-07-28T12:00Z,14,146,0.0,0.0,25.7,0.4,50.7,0.0,0.0,13.6,9.6
2023-07-28T12:00Z,15,142,6.8,0.6,24.5,0.1,19.9,14.4,0.0,21.4,12.2
2023-07-28T12:00Z,16,13,1.5,0.0,2.5,2.2,0.3,30.2,0.0,6.3,57.0
2023-07-28T12:00Z,17,242,0.0,0.0,60.2,0.0,1.0,0.2,0.0,14.9,23.7
2023-07-28T12:00Z,18,136,5.8,0.5,24.3,0.3,16.4,15.3,0.0,19.3,18.0
2023-07-28T12:30Z,1,0,0.0,0.0,0.0,12.0,0.0,1.4,0.0,0.0,86.6
2023-07-28T12:30Z,2,16,1.8,0.0,2.4,0.3,2.1,36.2,0.0,7.4,49.9
2023-07-28T12:30Z,3,62,2.6,0.0,14.7,0.0,10.8,48.4,0.0,5.9,17.5
2023-07-28T12:30Z,4,2,0.0,0.0,0.0,0.0,60.2,28.6,0.0,6.9,4.4
2023-07-28T12:30Z,5,168,44.3,0.0,29.2,0.0,5.4,2.4,0.0,7.0,11.7
2023-07-28T12:30Z,6,58,1.1,0.0,13.4,0.1,4.2,21.3,0.0,25.6,34.3
2023-07-28T12:30Z,7,295,0.0,0.0,74.9,0.0,0.0,0.0,0.0,10.3,14.8
2023-07-28T12:30Z,8,180,3.7,0.8,42.0,0.0,4.4,14.7,0.0,20.1,14.3
2023-07-28T12:30Z,9,257,10.4,2.8,53.7,0.0,2.7,2.0,0.0,18.8,9.5
2023-07-28T12:30Z,10,193,0.0,0.0,27.7,0.0,19.0,21.0,0.0,17.3,15.0
2023-07-28T12:30Z,11,55,0.5,0.1,12.1,0.0,6.4,0.3,0.0,73.6,7.1
2023-07-28T12:30Z,12,125,2.1,0.6,24.1,0.1,26.8,1.0,0.0,39.9,5.4
2023-07-28T12:30Z,13,174,0.0,0.0,28.3,0.2,34.4,9.3,0.0,15.2,12.5
2023-07-28T12:30Z,14,157,0.0,0.0,28.7,0.4,47.2,0.0,0.0,13.5,10.3
2023-07-28T12:30Z,15,137,6.7,0.6,23.5,0.1,20.0,14.8,0.0,21.4,12.9
2023-07-28T12:30Z,16,10,1.5,0.0,2.0,2.0,0.1,29.6,0.0,6.0,58.8
2023-07-28T12:30Z,17,227,0.0,0.0,56.8,0.0,0.7,0.5,0.0,15.5,26.4
2023-07-28T12:30Z,18,133,5.7,0.5,23.2,0.3,16.5,15.6,0.0,19.2,18.9
2023-07-28T13:00Z,1,0,0.0,0.0,0.0,10.9,0.0,0.3,0.0,0.0,88.8
2023-07-28T13:00Z,2,16,1.7,0.0,2.3,0.5,1.1,34.3,0.0,6.9,53.2
2023-07-28T13:00Z,3,60,1.7,0.0,14.5,0.1,9.4,49.0,0.0,6.0,19.3
2023-07-28T13:00Z,4,2,0.0,0.0,0.0,0.0,58.0,28.9,0.0,7.6,5.5
2023-07-28T13:00Z,5,169,41.8,0.0,30.2,0.0,5.5,2.7,0.0,7.2,12.5
2023-07-28T13:00Z,6,75,0.8,0.0,17.8,0.1,3.2,20.6,0.0,23.2,34.3
2023-07-28T13:00Z,7,290,0.0,0.0,73.7,0.0,0.0,0.0,0.0,10.9,15.4
2023-07-28T13:00Z,8,173,3.0,0.6,41.0,0.0,3.5,15.8,0.0,19.7,16.3
2023-07-28T13:00Z,9,249,10.7,2.3,52.8,0.0,2.7,1.9,0.0,19.4,10.1
2023-07-28T13:00Z,10,190,0.0,0.0,27.3,0.0,18.6,20.7,0.0,17.3,16.1
2023-07-28T13:00Z,11,53,0.6,0.1,11.6,0.0,6.6,0.3,0.0,73.2,7.6
2023-07-28T13:00Z,12,135,2.3,0.5,27.3,0.1,24.0,1.3,0.0,38.4,6.1
2023-07-28T13:00Z,13,184,0.0,0.0,32.4,0.2,30.2,9.3,0.0,14.7,13.2
2023-07-28T13:00Z,14,181,0.0,0.0,36.6,0.3,39.6,0.0,0.0,12.6,10.8
2023-07-28T13:00Z,15,138,6.6,0.5,24.1,0.1,20.0,15.0,0.0,20.5,13.2
2023-07-28T13:00Z,16,11,1.4,0.0,1.9,1.8,0.3,28.4,0.0,5.8,60.4
2023-07-28T13:00Z,17,223,0.0,0.0,56.0,0.1,0.6,0.8,0.0,15.4,27.1
2023-07-28T13:00Z,18,133,5.6,0.4,23.7,0.3,16.5,15.6,0.0,18.4,19.5
2023-07-28T13:30Z,1,0,0.0,0.0,0.0,10.2,0.0,0.0,0.0,0.0,89.8
2023-07-28T13:30Z,2,15,1.7,0.0,2.2,0.7,1.0,32.4,0.0,6.4,55.5
2023-07-28T13:30Z,3,56,1.3,0.0,13.5,0.1,9.8,49.5,0.0,5.8,20.0
2023-07-28T13:30Z,4,2,0.0,0.0,0.0,0.0,57.8,28.8,0.0,7.3,6.0
2023-07-28T13:30Z,5,172,39.9,0.0,31.6,0.0,6.2,2.9,0.0,6.9,12.5
2023-07-28T13:30Z,6,70,0.7,0.0,16.4,0.2,3.6,20.5,0.0,21.7,36.9
2023-07-28T13:30Z,7,287,0.0,0.0,72.9,0.0,0.0,0.0,0.0,11.3,15.8
2023-07-28T13:30Z,8,165,3.0,0.5,39.4,0.1,3.8,16.3,0.0,18.9,18.0
2023-07-28T13:30Z,9,248,11.9,2.3,53.1,0.0,2.5,1.7,0.0,18.3,10.1
2023-07-28T13:30Z,10,183,0.0,0.0,27.3,0.0,16.9,21.0,0.0,17.3,17.5
2023-07-28T13:30Z,11,64,0.7,0.1,14.5,0.0,5.2,0.4,0.0,70.9,8.1
2023-07-28T13:30Z,12,142,2.9,0.6,29.4,0.1,21.5,1.5,0.0,37.1,7.1
2023-07-28T13:30Z,13,184,0.0,0.0,32.9,0.2,28.1,9.3,0.0,14.8,14.7
2023-07-28T13:30Z,14,183,0.0,0.0,37.5,0.3,37.6,0.0,0.0,12.5,12.1
2023-07-28T13:30Z,15,137,6.7,0.4,24.2,0.1,19.6,14.9,0.0,19.8,14.3
2023-07-28T13:30Z,16,11,1.4,0.0,1.9,1.8,0.4,27.3,0.0,5.4,61.9
2023-07-28T13:30Z,17,212,0.1,0.0,53.4,0.1,0.4,1.0,0.0,15.5,29.5
2023-07-28T13:30Z,18,132,5.6,0.3,23.6,0.3,16.2,15.4,0.0,17.9,20.7
2023-07-28T14:00Z,1,0,0.0,0.0,0.0,9.5,0.0,0.0,0.0,0.0,90.5
2023-07-28T14:00Z,2,15,1.6,0.0,2.1,0.8,1.0,31.5,0.0,5.9,57.1
2023-07-28T14:00Z,3,50,1.3,0.0,11.9,0.1,9.6,49.8,0.0,5.8,21.5
2023-07-28T14:00Z,4,2,0.1,0.0,0.1,0.0,55.8,28.8,0.0,7.4,7.8
2023-07-28T14:00Z,5,171,40.0,0.0,31.2,0.0,6.1,3.1,0.0,6.6,12.9
2023-07-28T14:00Z,6,75,0.7,0.0,18.1,0.2,3.0,19.8,0.0,19.8,38.4
2023-07-28T14:00Z,7,284,0.0,0.0,72.1,0.0,0.0,0.0,0.0,11.4,16.5
2023-07-28T14:00Z,8,157,3.1,0.5,37.7,0.1,3.7,17.7,0.0,18.1,19.2
2023-07-28T14:00Z,9,250,12.6,2.3,54.1,0.0,2.1,1.6,0.0,17.3,10.0
2023-07-28T14:00Z,10,178,0.0,0.0,27.1,0.0,15.9,21.2,0.0,16.7,19.1
2023-07-28T14:00Z,11,74,0.9,0.2,17.1,0.0,4.8,0.5,0.0,67.6,8.9
2023-07-28T14:00Z,12,152,3.4,0.6,32.4,0.1,18.7,1.7,0.0,34.8,8.2
2023-07-28T14:00Z,13,185,0.0,0.0,33.9,0.2,26.4,9.7,0.0,14.1,15.8
2023-07-28T14:00Z,14,190,0.0,0.0,39.7,0.3,35.4,0.0,0.0,11.8,12.8
2023-07-28T14:00Z,15,138,6.5,0.4,24.8,0.1,19.2,15.2,0.0,18.7,15.1
2023-07-28T14:00Z,16,11,1.4,0.0,1.8,1.7,0.4,26.3,0.0,5.0,63.4
2023-07-28T14:00Z,17,207,0.1,0.0,52.0,0.1,0.4,1.2,0.0,14.9,31.3
2023-07-28T14:00Z,18,132,5.5,0.3,24.0,0.3,15.8,15.6,0.0,16.8,21.7
2023-07-28T14:30Z,1,0,0.0,0.0,0.0,8.7,0.0,0.0,0.0,0.0,91.3
2023-07-28T14:30Z,2,14,1.5,0.0,2.0,0.8,0.9,30.6,0.0,5.4,58.7
2023-07-28T14:30Z,3,47,1.1,0.0,11.2,0.1,9.6,49.6,0.0,5.6,22.7
2023-07-28T14:30Z,4,2,0.1,0.0,0.1,0.0,54.8,28.8,0.0,7.1,9.1
2023-07-28T14:30Z,5,172,39.4,0.0,31.7,0.0,6.4,3.2,0.0,6.1,13.2
2023-07-28T14:30Z,6,90,0.6,0.0,22.1,0.2,2.7,18.2,0.0,17.5,38.6
2023-07-28T14:30Z,7,281,0.0,0.0,71.3,0.0,0.0,0.0,0.0,11.3,17.4
2023-07-28T14:30Z,8,156,3.1,0.7,36.9,0.1,3.8,18.2,0.0,17.0,20.3
2023-07-28T14:30Z,9,261,12.7,3.2,54.9,0.0,2.1,1.5,0.0,15.8,9.9
2023-07-28T14:30Z,10,170,0.1,0.0,23.4,0.0,17.2,21.8,0.0,16.2,21.3
2023-07-28T14:30Z,11,81,1.0,0.2,18.6,0.0,5.9,0.5,0.0,64.2,9.5
2023-07-28T14:30Z,12,157,3.5,0.9,32.9,0.1,20.2,2.0,0.0,32.0,8.4
2023-07-28T14:30Z,13,185,0.1,0.0,33.9,0.2,25.6,10.1,0.0,13.2,16.9
2023-07-28T14:30Z,14,199,0.0,0.0,42.6,0.4,32.6,0.0,0.0,11.0,13.5
2023-07-28T14:30Z,15,138,6.5,0.6,24.4,0.1,18.9,15.2,0.0,17.7,16.6
2023-07-28T14:30Z,16,10,1.3,0.0,1.7,1.6,0.4,25.8,0.0,4.6,64.6
2023-07-28T14:30Z,17,215,0.1,0.0,54.3,0.1,0.1,1.3,0.0,13.4,30.7
2023-07-28T14:30Z,18,133,5.5,0.5,23.7,0.3,15.5,15.5,0.0,15.9,23.0
2023-07-28T15:00Z,1,0,0.0,0.0,0.0,8.3,0.0,0.0,0.0,0.0,91.7
2023-07-28T15:00Z,2,15,1.6,0.0,2.1,0.8,1.0,30.4,0.0,5.3,58.8
2023-07-28T15:00Z,3,52,0.9,0.0,12.6,0.1,9.2,48.1,0.0,5.2,23.9
2023-07-28T15:00Z,4,3,0.1,0.0,0.1,0.0,54.9,28.7,0.0,7.0,9.1
2023-07-28T15:00Z,5,176,38.5,0.0,32.9,0.0,6.5,3.3,0.0,5.8,13.0
2023-07-28T15:00Z,6,100,0.5,0.0,24.7,0.2,2.5,17.8,0.0,15.9,38.5
2023-07-28T15:00Z,7,284,0.0,0.0,72.2,0.0,0.0,0.0,0.0,10.8,17.0
2023-07-28T15:00Z,8,162,2.8,0.8,38.2,0.1,3.6,17.7,0.0,15.8,21.1
2023-07-28T15:00Z,9,270,12.5,3.9,55.4,0.0,2.1,1.3,0.0,15.0,9.8
2023-07-28T15:00Z,10,167,0.1,0.0,27.1,0.0,13.2,22.3,0.0,14.7,22.6
2023-07-28T15:00Z,11,82,1.0,0.3,18.7,0.0,5.1,0.6,0.0,64.0,10.1
2023-07-28T15:00Z,12,167,3.7,1.1,35.2,0.1,18.1,2.4,0.0,30.4,9.1
2023-07-28T15:00Z,13,185,0.0,0.0,35.2,0.2,24.4,9.9,0.0,12.3,17.8
2023-07-28T15:00Z,14,199,0.0,0.0,42.0,0.4,34.0,0.0,0.0,10.2,13.5
2023-07-28T15:00Z,15,145,6.4,0.9,26.3,0.1,17.3,15.4,0.0,16.5,17.1
2023-07-28T15:00Z,16,10,1.3,0.0,1.8,1.6,0.3,25.7,0.0,4.4,64.9
2023-07-28T15:00Z,17,222,0.1,0.0,56.1,0.1,0.2,1.3,0.0,12.4,29.9
2023-07-28T15:00Z,18,139,5.4,0.7,25.4,0.3,14.3,15.6,0.0,14.8,23.4
2023-07-28T15:30Z,1,0,0.0,0.0,0.0,8.2,0.0,0.0,0.0,0.0,91.8
2023-07-28T15:30Z,2,15,1.6,0.0,2.1,0.8,1.1,30.6,0.0,5.0,58.8
2023-07-28T15:30Z,3,54,0.8,0.0,13.2,0.1,9.1,47.4,0.0,4.6,24.7
2023-07-28T15:30Z,4,3,0.1,0.0,0.1,0.0,56.2,28.7,0.0,6.4,8.4
2023-07-28T15:30Z,5,177,39.4,0.0,32.9,0.0,6.5,3.4,0.0,5.2,12.6
2023-07-28T15:30Z,6,102,0.5,0.0,25.0,0.2,2.7,17.5,0.0,14.5,39.6
2023-07-28T15:30Z,7,288,0.0,0.0,73.2,0.0,0.0,0.0,0.0,10.1,16.7
2023-07-28T15:30Z,8,163,2.9,1.0,37.8,0.1,3.8,18.2,0.0,14.7,21.7
2023-07-28T15:30Z,9,279,12.7,5.2,54.1,0.0,2.4,1.2,0.0,14.2,10.1
2023-07-28T15:30Z,10,173,0.0,0.1,28.9,0.0,12.9,22.4,0.0,12.6,23.0
2023-07-28T15:30Z,11,123,0.7,0.4,29.4,0.0,4.0,0.7,0.0,56.0,8.9
2023-07-28T15:30Z,12,171,3.5,1.6,34.1,0.1,20.5,2.9,0.0,28.3,8.9
2023-07-28T15:30Z,13,188,0.0,0.0,35.9,0.2,24.5,10.4,0.0,10.9,18.0
2023-07-28T15:30Z,14,201,0.0,0.0,42.0,0.4,34.7,0.1,0.0,9.4,13.5
2023-07-28T15:30Z,15,154,6.3,1.1,29.0,0.2,15.6,15.3,0.0,15.0,17.5
2023-07-28T15:30Z,16,10,1.3,0.0,1.8,2.0,0.3,25.5,0.0,4.1,65.0
2023-07-28T15:30Z,17,229,0.1,0.0,57.9,0.1,0.3,1.2,0.0,11.2,29.3
2023-07-28T15:30Z,18,145,5.3,0.9,27.8,0.4,12.9,15.6,0.0,13.5,23.6
2023-07-28T16:00Z,1,0,0.0,0.0,0.0,10.2,0.0,0.0,0.0,0.0,89.8
2023-07-28T16:00Z,2,15,1.6,0.0,2.1,1.0,1.1,30.7,0.0,4.6,58.8
2023-07-28T16:00Z,3,57,0.5,0.0,14.0,0.2,9.1,46.8,0.0,3.9,25.5
2023-07-28T16:00Z,4,2,0.1,0.0,0.1,0.1,58.1,28.7,0.0,5.5,7.5
2023-07-28T16:00Z,5,182,38.6,0.0,34.4,0.0,7.2,3.5,0.0,4.4,11.8
2023-07-28T16:00Z,6,98,0.4,0.0,24.0,0.2,3.0,17.6,0.0,12.9,41.9
2023-07-28T16:00Z,7,296,0.0,0.0,75.2,0.0,0.0,0.0,0.0,8.7,16.1
2023-07-28T16:00Z,8,164,2.8,1.1,37.7,0.1,4.1,18.7,0.0,12.4,23.0
2023-07-28T16:00Z,9,295,13.3,6.1,56.3,0.0,2.5,1.3,0.0,11.5,9.1
2023-07-28T16:00Z,10,177,0.4,0.2,29.4,0.0,12.9,21.6,0.0,11.3,24.2
2023-07-28T16:00Z,11,138,1.1,0.5,32.6,0.0,4.5,0.8,0.0,50.9,9.6
2023-07-28T16:00Z,12,187,4.4,2.0,37.9,0.1,17.2,3.4,0.0,24.6,10.2
2023-07-28T16:00Z,13,189,0.2,0.1,36.1,0.2,23.1,11.1,0.0,10.0,19.2
2023-07-28T16:00Z,14,202,0.0,0.0,42.9,0.5,33.3,0.3,0.0,8.7,14.3
2023-07-28T16:00Z,15,160,6.3,1.2,31.2,0.2,14.3,15.4,0.0,13.2,18.1
2023-07-28T16:00Z,16,9,1.3,0.0,1.8,2.9,0.1,25.3,0.0,3.8,64.7
2023-07-28T16:00Z,17,239,0.0,0.0,60.3,0.1,0.3,1.0,0.0,9.6,28.5
2023-07-28T16:00Z,18,151,5.3,1.0,29.8,0.5,11.8,15.6,0.0,12.0,24.0
2023-07-28T16:30Z,1,0,0.0,0.0,0.0,12.8,0.0,0.0,0.0,0.0,87.2
2023-07-28T16:30Z,2,15,1.6,0.0,2.1,1.4,1.0,31.0,0.0,4.2,58.7
2023-07-28T16:30Z,3,46,0.3,0.0,11.3,0.2,9.3,46.9,0.0,3.4,28.5
2023-07-28T16:30Z,4,3,0.1,0.0,0.1,0.1,58.5,28.6,0.0,4.7,7.9
2023-07-28T16:30Z,5,188,37.9,0.0,36.1,0.0,7.4,3.7,0.0,3.7,11.3
2023-07-28T16:30Z,6,100,0.4,0.0,24.3,0.3,2.9,17.5,0.0,11.0,43.6
2023-07-28T16:30Z,7,302,0.0,0.0,76.7,0.0,0.0,0.0,0.0,7.3,16.0
2023-07-28T16:30Z,8,159,2.7,1.2,36.4,0.2,4.3,19.6,0.0,10.5,25.3
2023-07-28T16:30Z,9,302,14.0,6.6,56.6,0.0,2.7,1.5,0.0,9.6,9.0
2023-07-28T16:30Z,10,174,0.7,0.3,30.2,0.0,10.9,22.2,0.0,10.0,25.7
2023-07-28T16:30Z,11,161,1.3,0.6,38.3,0.0,3.5,1.0,0.0,45.1,10.1
2023-07-28T16:30Z,12,199,5.3,2.4,40.7,0.2,14.0,4.0,0.0,21.5,12.1
2023-07-28T16:30Z,13,187,0.4,0.2,36.4,0.3,21.2,11.5,0.0,9.0,21.1
2023-07-28T16:30Z,14,200,0.0,0.0,43.0,0.6,32.5,0.6,0.0,7.8,15.6
2023-07-28T16:30Z,15,163,6.5,1.3,31.9,0.3,13.9,15.6,0.0,11.5,19.1
2023-07-28T16:30Z,16,10,1.3,0.0,1.8,3.6,0.2,25.3,0.0,3.4,64.4
2023-07-28T16:30Z,17,236,0.0,0.0,59.5,0.1,0.4,1.0,0.0,8.4,30.5
2023-07-28T16:30Z,18,153,5.5,1.0,30.3,0.6,11.5,15.8,0.0,10.4,24.9
2023-07-28T17:00Z,1,0,0.0,0.0,0.0,17.7,0.0,0.0,0.0,0.0,82.3
2023-07-28T17:00Z,2,13,1.6,0.0,2.2,2.0,0.5,31.2,0.0,3.7,58.8
2023-07-28T17:00Z,3,46,0.3,0.0,11.6,0.3,8.9,46.3,0.0,2.8,29.8
2023-07-28T17:00Z,4,2,0.1,0.0,0.1,0.1,59.7,28.6,0.0,4.0,7.4
2023-07-28T17:00Z,5,187,38.3,0.0,35.8,0.0,7.8,4.0,0.0,3.1,11.0
2023-07-28T17:00Z,6,99,0.4,0.0,24.4,0.5,2.7,17.9,0.0,9.1,45.0
2023-07-28T17:00Z,7,308,0.0,0.0,78.2,0.0,0.0,0.0,0.0,5.9,15.9
2023-07-28T17:00Z,8,155,2.7,1.1,35.6,0.2,4.4,20.2,0.0,8.6,27.1
2023-07-28T17:00Z,9,306,14.6,6.6,57.5,0.0,3.0,1.6,0.0,7.8,8.8
2023-07-28T17:00Z,10,167,1.1,0.5,32.4,0.0,7.3,22.8,0.0,8.6,27.3
2023-07-28T17:00Z,11,183,1.4,0.7,43.7,0.0,4.1,1.3,0.0,38.5,10.4
2023-07-28T17:00Z,12,200,5.7,2.6,40.3,0.2,16.5,4.8,0.0,17.6,12.3
2023-07-28T17:00Z,13,184,0.6,0.3,37.8,0.3,18.8,12.0,0.0,7.7,22.5
2023-07-28T17:00Z,14,200,0.1,0.0,43.3,0.6,31.8,1.1,0.0,6.6,16.6
2023-07-28T17:00Z,15,164,6.6,1.4,32.7,0.3,12.9,16.0,0.0,9.7,20.4
2023-07-28T17:00Z,16,9,1.4,0.0,1.8,4.3,0.2,25.5,0.0,3.0,63.8
2023-07-28T17:00Z,17,239,0.0,0.0,60.3,0.2,0.4,0.9,0.0,6.9,31.3
2023-07-28T17:00Z,18,153,5.6,1.1,30.9,0.8,10.7,16.1,0.0,8.8,26.0
2023-07-28T17:30Z,1,0,0.0,0.0,0.0,20.5,0.0,0.0,0.0,0.0,79.5
2023-07-28T17:30Z,2,13,1.7,0.0,2.2,2.4,0.5,31.4,0.0,3.1,58.6
2023-07-28T17:30Z,3,47,0.3,0.0,11.7,0.4,8.7,45.6,0.0,2.2,31.1
2023-07-28T17:30Z,4,2,0.1,0.0,0.1,0.1,61.2,28.5,0.0,3.1,6.9
2023-07-28T17:30Z,5,190,37.6,0.0,36.7,0.0,8.2,4.3,0.0,2.5,10.8
2023-07-28T17:30Z,6,94,0.4,0.0,23.4,0.6,2.5,18.3,0.0,7.5,47.2
2023-07-28T17:30Z,7,316,0.0,0.0,80.1,0.0,0.0,0.0,0.0,4.4,15.5
2023-07-28T17:30Z,8,152,2.5,1.0,35.4,0.3,4.4,20.7,0.0,6.9,28.8
2023-07-28T17:30Z,9,307,15.2,6.4,58.1,0.0,3.3,1.8,0.0,6.4,8.8
2023-07-28T17:30Z,10,166,1.3,0.6,33.8,0.0,5.8,22.9,0.0,7.0,28.7
2023-07-28T17:30Z,11,202,1.7,0.7,48.5,0.1,4.3,1.7,0.0,31.9,11.2
2023-07-28T17:30Z,12,206,6.1,2.6,41.6,0.2,15.8,5.8,0.0,14.3,13.6
2023-07-28T17:30Z,13,182,0.7,0.4,37.9,0.3,18.4,12.8,0.0,6.2,23.3
2023-07-28T17:30Z,14,198,0.1,0.1,42.5,0.6,32.9,1.8,0.0,5.1,16.9
2023-07-28T17:30Z,15,162,6.8,1.3,33.7,0.4,11.8,16.2,0.0,8.1,21.8
2023-07-28T17:30Z,16,12,1.3,0.0,1.8,4.6,0.8,26.0,0.0,2.5,63.0
2023-07-28T17:30Z,17,235,0.1,0.0,59.3,0.2,0.2,0.8,0.0,5.6,33.8
2023-07-28T17:30Z,18,153,5.8,1.0,31.7,0.8,9.8,16.3,0.0,7.3,27.2
2023-07-28T18:00Z,1,0,0.0,0.0,0.0,22.2,0.0,0.0,0.0,0.0,77.8
2023-07-28T18:00Z,2,13,1.7,0.0,2.2,2.7,0.4,32.2,0.0,2.6,58.1
2023-07-28T18:00Z,3,49,0.3,0.0,12.3,0.4,8.8,44.4,0.0,1.7,32.2
2023-07-28T18:00Z,4,2,0.1,0.0,0.1,0.1,62.5,28.6,0.0,2.4,6.2
2023-07-28T18:00Z,5,187,37.5,0.0,35.9,0.0,8.7,4.7,0.0,1.9,11.2
2023-07-28T18:00Z,6,95,0.4,0.0,23.6,0.6,2.7,18.6,0.0,6.1,48.0
2023-07-28T18:00Z,7,324,0.0,0.0,82.1,0.0,0.0,0.0,0.0,3.2,14.7
2023-07-28T18:00Z,8,150,2.4,0.8,35.4,0.3,4.5,21.2,0.0,5.4,30.0
2023-07-28T18:00Z,9,298,16.6,5.7,57.1,0.0,3.9,2.0,0.0,5.0,9.7
2023-07-28T18:00Z,10,170,1.9,0.6,35.4,0.0,5.3,22.6,0.0,5.4,28.7
2023-07-28T18:00Z,11,219,2.1,0.7,52.7,0.1,3.9,2.1,0.0,26.3,12.0
2023-07-28T18:00Z,12,208,7.2,2.4,43.1,0.2,13.5,6.8,0.0,11.4,15.5
2023-07-28T18:00Z,13,189,1.4,0.4,40.9,0.3,13.2,13.4,0.0,5.3,25.2
2023-07-28T18:00Z,14,210,0.3,0.1,47.8,0.6,23.9,2.5,0.0,4.6,20.1
2023-07-28T18:00Z,15,163,7.1,1.1,35.4,0.4,11.0,16.5,0.0,6.3,22.1
2023-07-28T18:00Z,16,9,1.4,0.0,1.8,5.4,0.1,26.3,0.0,2.1,62.9
2023-07-28T18:00Z,17,247,0.0,0.0,61.7,0.2,0.7,0.7,0.0,4.3,32.3
2023-07-28T18:00Z,18,155,6.0,0.9,33.2,1.0,9.1,16.7,0.0,5.7,27.5
2023-07-28T18:30Z,1,0,0.0,0.0,0.0,21.9,0.0,0.0,0.0,0.0,78.1
2023-07-28T18:30Z,2,14,1.8,0.0,2.3,2.8,0.6,32.8,0.0,2.1,57.6
2023-07-28T18:30Z,3,56,0.2,0.0,14.1,0.4,8.1,43.7,0.0,1.3,32.3
2023-07-28T18:30Z,4,2,0.1,0.0,0.1,0.1,63.6,28.9,0.0,1.9,5.4
2023-07-28T18:30Z,5,184,37.2,0.0,35.2,0.0,9.0,5.1,0.0,1.5,12.0
2023-07-28T18:30Z,6,98,0.4,0.0,24.6,0.6,2.5,18.7,0.0,4.6,48.5
2023-07-28T18:30Z,7,328,0.0,0.0,83.3,0.0,0.0,0.0,0.0,2.3,14.4
2023-07-28T18:30Z,8,148,2.2,0.6,35.3,0.3,4.4,22.3,0.0,4.0,30.8
2023-07-28T18:30Z,9,292,17.4,5.0,56.8,0.0,4.2,2.2,0.0,3.7,10.7
2023-07-28T18:30Z,10,164,2.2,0.6,37.8,0.0,1.9,23.2,0.0,4.0,30.2
2023-07-28T18:30Z,11,226,2.8,0.8,54.0,0.1,4.5,2.7,0.0,21.3,13.9
2023-07-28T18:30Z,12,210,7.7,2.3,44.2,0.2,12.2,7.8,0.0,8.5,17.1
2023-07-28T18:30Z,13,183,1.6,0.5,42.2,0.3,10.0,14.8,0.0,4.0,26.6
2023-07-28T18:30Z,14,209,0.4,0.1,48.5,0.6,22.2,3.1,0.0,3.5,21.6
2023-07-28T18:30Z,15,162,7.4,0.9,36.1,0.4,10.4,16.9,0.0,4.8,23.1
2023-07-28T18:30Z,16,9,1.4,0.0,1.9,5.8,0.0,26.5,0.0,1.7,62.7
2023-07-28T18:30Z,17,257,0.0,0.0,65.2,0.1,0.0,0.6,0.0,3.1,31.0
2023-07-28T18:30Z,18,154,6.2,0.7,33.9,1.0,8.5,17.0,0.0,4.3,28.3
2023-07-28T19:00Z,1,0,0.0,0.0,0.0,23.3,0.0,0.0,0.0,0.0,76.7
2023-07-28T19:00Z,2,13,1.8,0.0,2.4,3.0,0.2,33.9,0.0,1.5,57.2
2023-07-28T19:00Z,3,55,0.2,0.0,13.8,0.4,8.3,43.1,0.0,0.8,33.4
2023-07-28T19:00Z,4,2,0.0,0.0,0.1,0.1,64.7,29.6,0.0,1.2,4.2
2023-07-28T19:00Z,5,183,38.0,0.0,34.7,0.0,9.1,5.1,0.0,0.9,12.2
2023-07-28T19:00Z,6,98,0.4,0.0,24.6,0.7,2.5,19.4,0.0,3.1,49.3
2023-07-28T19:00Z,7,332,0.0,0.0,84.2,0.0,0.0,0.0,0.0,1.5,14.2
2023-07-28T19:00Z,8,145,2.5,0.6,34.7,0.4,4.6,22.8,0.0,2.6,31.9
2023-07-28T19:00Z,9,289,18.1,4.6,56.6,0.0,4.3,2.4,0.0,2.3,11.5
2023-07-28T19:00Z,10,160,2.4,0.6,38.0,0.0,1.0,24.1,0.0,2.5,31.4
2023-07-28T19:00Z,11,240,3.5,0.9,57.4,0.1,4.0,3.3,0.0,15.1,15.6
2023-07-28T19:00Z,12,217,8.6,2.1,46.5,0.2,9.8,8.6,0.0,5.4,18.8
2023-07-28T19:00Z,13,181,1.7,0.4,42.8,0.3,9.4,15.2,0.0,2.4,27.7
2023-07-28T19:00Z,14,209,0.4,0.1,49.2,0.6,22.0,3.8,0.0,2.2,21.7
2023-07-28T19:00Z,15,166,7.6,0.9,37.2,0.5,9.3,17.3,0.0,3.1,24.1
2023-07-28T19:00Z,16,9,1.5,0.0,1.9,6.5,0.0,26.8,0.0,1.2,62.1
2023-07-28T19:00Z,17,261,0.0,0.0,66.3,0.0,0.1,0.5,0.0,2.1,31.0
2023-07-28T19:00Z,18,155,6.4,0.8,34.8,1.2,7.6,17.4,0.0,2.8,29.1
2023-07-28T19:30Z,1,0,0.0,0.0,0.0,24.9,0.0,0.0,0.0,0.0,75.1
2023-07-28T19:30Z,2,12,1.9,0.0,2.4,3.4,0.1,34.6,0.0,1.0,56.6
2023-07-28T19:30Z,3,49,0.2,0.0,12.2,0.4,7.9,43.5,0.0,0.5,35.1
2023-07-28T19:30Z,4,2,0.1,0.0,0.1,0.1,64.5,30.2,0.0,0.8,4.3
2023-07-28T19:30Z,5,186,37.2,0.0,35.8,0.0,8.5,5.2,0.0,0.5,12.8
2023-07-28T19:30Z,6,97,0.4,0.0,24.5,0.8,2.4,19.9,0.0,1.8,50.2
2023-07-28T19:30Z,7,337,0.0,0.0,85.6,0.0,0.0,0.0,0.0,0.8,13.6
2023-07-28T19:30Z,8,144,2.4,0.6,34.3,0.4,4.3,23.4,0.0,1.5,33.1
2023-07-28T19:30Z,9,291,18.1,4.8,56.8,0.0,4.2,2.5,0.0,1.2,12.3
2023-07-28T19:30Z,10,165,2.4,0.7,39.2,0.0,1.0,23.4,0.0,1.3,32.1
2023-07-28T19:30Z,11,254,4.0,1.0,60.5,0.1,3.9,4.0,0.0,8.8,17.6
2023-07-28T19:30Z,12,224,8.8,2.3,47.8,0.2,8.5,9.3,0.0,2.8,20.2
2023-07-28T19:30Z,13,186,1.8,0.5,44.2,0.2,8.0,15.8,0.0,1.2,28.4
2023-07-28T19:30Z,14,215,0.5,0.1,51.5,0.6,18.8,5.0,0.0,1.1,22.4
2023-07-28T19:30Z,15,168,7.7,1.0,37.6,0.5,9.3,17.7,0.0,1.6,24.6
2023-07-28T19:30Z,16,10,1.5,0.0,2.2,6.8,0.0,27.6,0.0,0.8,61.1
2023-07-28T19:30Z,17,265,0.0,0.0,67.4,0.0,0.0,0.4,0.0,1.2,31.0
2023-07-28T19:30Z,18,158,6.4,0.8,35.2,1.2,7.6,17.8,0.0,1.5,29.5
2023-07-28T20:00Z,1,0,0.0,0.0,0.0,26.2,0.0,0.0,0.0,0.0,73.8
2023-07-28T20:00Z,2,13,1.9,0.0,2.5,3.6,0.1,35.1,0.0,0.6,56.2
2023-07-28T20:00Z,3,43,0.2,0.0,10.7,0.5,8.1,43.7,0.0,0.3,36.4
2023-07-28T20:00Z,4,2,0.0,0.0,0.1,0.1,64.5,31.6,0.0,0.4,3.2
2023-07-28T20:00Z,5,193,36.1,0.0,38.0,0.0,7.9,5.0,0.0,0.2,12.8
2023-07-28T20:00Z,6,78,0.5,0.0,19.5,0.9,2.8,20.7,0.0,0.9,54.8
2023-07-28T20:00Z,7,339,0.0,0.0,86.0,0.0,0.0,0.0,0.0,0.5,13.5
2023-07-28T20:00Z,8,138,2.8,0.6,32.8,0.5,4.6,23.7,0.0,0.7,34.4
2023-07-28T20:00Z,9,294,17.6,4.7,58.1,0.0,3.9,2.5,0.0,0.4,12.8
2023-07-28T20:00Z,10,170,2.4,0.7,39.9,0.0,1.4,22.9,0.0,0.4,32.4
2023-07-28T20:00Z,11,279,3.8,1.0,67.1,0.1,2.8,4.5,0.0,3.3,17.3
2023-07-28T20:00Z,12,229,9.2,2.4,49.0,0.2,6.7,10.2,0.0,1.0,21.2
2023-07-28T20:00Z,13,190,1.8,0.6,44.8,0.2,5.8,16.8,0.0,0.4,29.5
2023-07-28T20:00Z,14,223,0.6,0.2,53.8,0.7,13.8,6.0,0.0,0.4,24.6
2023-07-28T20:00Z,15,169,7.9,0.8,38.1,0.5,8.2,18.0,0.0,0.6,25.8
2023-07-28T20:00Z,16,14,1.5,0.0,2.0,7.0,0.9,28.3,0.0,0.4,59.8
2023-07-28T20:00Z,17,259,0.0,0.0,65.5,0.1,0.1,0.5,0.0,0.5,33.2
2023-07-28T20:00Z,18,159,6.6,0.7,35.5,1.3,6.8,18.1,0.0,0.6,30.4
2023-07-28T20:30Z,1,0,0.0,0.0,0.0,25.0,0.0,0.0,0.0,0.0,75.0
2023-07-28T20:30Z,2,15,1.9,0.0,2.5,3.6,0.6,37.2,0.0,0.2,54.0
2023-07-28T20:30Z,3,35,0.3,0.0,8.5,0.5,7.6,44.0,0.0,0.1,39.0
2023-07-28T20:30Z,4,3,0.1,0.0,0.2,0.2,61.1,32.8,0.0,0.1,5.6
2023-07-28T20:30Z,5,192,35.6,0.0,37.8,0.0,7.7,4.8,0.0,0.0,14.0
2023-07-28T20:30Z,6,76,0.5,0.0,18.9,0.9,2.6,21.8,0.0,0.2,55.1
2023-07-28T20:30Z,7,342,0.0,0.0,86.8,0.0,0.0,0.0,0.0,0.1,13.1
2023-07-28T20:30Z,8,128,2.5,0.6,30.1,0.5,4.4,25.0,0.0,0.1,36.7
2023-07-28T20:30Z,9,290,17.8,4.6,57.3,0.0,3.9,2.4,0.0,0.0,14.0
2023-07-28T20:30Z,10,167,3.0,0.7,38.9,0.0,1.4,23.2,0.0,0.0,32.8
2023-07-28T20:30Z,11,291,4.1,1.1,69.8,0.1,1.7,4.8,0.0,0.4,18.0
2023-07-28T20:30Z,12,226,10.0,2.6,48.1,0.2,4.2,10.9,0.0,0.1,23.8
2023-07-28T20:30Z,13,190,2.9,0.7,45.1,0.2,1.7,17.2,0.0,0.0,32.3
2023-07-28T20:30Z,14,237,1.1,0.2,58.6,0.6,1.9,6.4,0.0,0.0,31.2
2023-07-28T20:30Z,15,165,7.9,0.7,37.8,0.5,6.8,18.5,0.0,0.1,27.9
2023-07-28T20:30Z,16,16,1.5,0.0,2.0,6.4,1.4,29.1,0.0,0.2,59.4
2023-07-28T20:30Z,17,255,0.1,0.0,64.2,0.2,0.4,1.1,0.0,0.1,34.0
2023-07-28T20:30Z,18,158,6.6,0.5,35.2,1.2,5.8,18.6,0.0,0.1,32.1
