from,regions.regionid,regions.intensity.forecast,biomass,coal,gas,hydro,imports,nuclear,other,solar,wind
2023-04-04T06:30Z,1,76,0.0,0.0,19.3,11.7,0.0,0.0,0.0,0.0,69.0
2023-04-04T06:30Z,2,46,0.3,0.0,8.8,3.1,7.3,28.9,0.0,0.0,51.6
2023-04-04T06:30Z,3,68,0.9,0.0,16.4,0.6,6.6,48.9,0.0,0.0,26.6
2023-04-04T06:30Z,4,11,0.1,0.0,1.5,0.5,50.2,36.5,0.0,0.1,11.1
2023-04-04T06:30Z,5,256,37.7,0.0,53.4,0.0,3.1,3.0,0.0,0.0,2.6
2023-04-04T06:30Z,6,118,0.4,0.0,26.5,2.0,10.5,26.8,0.0,0.1,33.7
2023-04-04T06:30Z,7,386,0.0,0.0,97.9,0.0,0.0,0.0,0.0,0.1,2.1
2023-04-04T06:30Z,8,251,2.2,0.0,62.4,0.4,3.6,17.8,0.0,0.1,13.6
2023-04-04T06:30Z,9,356,8.8,0.0,87.5,0.0,0.7,0.9,0.0,0.1,1.9
2023-04-04T06:30Z,10,363,3.6,0.0,88.7,0.0,2.0,0.4,0.0,0.2,5.1
2023-04-04T06:30Z,11,387,0.0,0.0,98.1,0.0,0.0,0.1,0.0,0.4,1.4
2023-04-04T06:30Z,12,368,2.1,0.0,92.7,0.0,1.0,2.2,0.0,0.2,1.7
2023-04-04T06:30Z,13,364,2.5,0.0,90.6,0.2,1.7,1.0,0.0,0.2,3.8
2023-04-04T06:30Z,14,362,1.1,0.0,91.1,0.8,1.8,0.6,0.0,0.2,4.4
2023-04-04T06:30Z,15,277,6.7,0.0,67.4,0.8,5.2,10.7,0.0,0.1,9.1
2023-04-04T06:30Z,16,69,0.2,0.0,14.9,7.6,6.7,20.0,0.0,0.0,50.6
2023-04-04T06:30Z,17,336,0.0,0.0,82.5,1.5,7.3,1.0,0.0,0.1,7.5
2023-04-04T06:30Z,18,259,5.6,0.0,62.2,1.6,5.5,11.3,0.0,0.1,13.8
2023-04-04T07:00Z,1,77,0.0,0.0,19.5,10.5,0.0,0.0,0.0,0.0,70.1
2023-04-04T07:00Z,2,46,0.3,0.0,8.8,2.9,7.3,28.4,0.0,0.1,52.3
2023-04-04T07:00Z,3,85,0.7,0.0,20.8,0.5,6.1,47.5,0.0,0.1,24.3
2023-04-04T07:00Z,4,10,0.1,0.0,1.5,0.5,50.1,36.4,0.0,0.1,11.2
2023-04-04T07:00Z,5,261,36.0,0.0,55.2,0.0,3.2,2.6,0.0,0.1,2.9
2023-04-04T07:00Z,6,123,0.3,0.0,27.7,1.1,10.4,26.3,0.0,0.4,33.8
2023-04-04T07:00Z,7,386,0.0,0.0,98.0,0.0,0.0,0.0,0.0,0.2,1.9
2023-04-04T07:00Z,8,262,1.8,0.0,65.4,0.3,3.1,16.9,0.0,0.3,12.2
2023-04-04T07:00Z,9,359,7.6,0.0,88.7,0.0,0.7,0.7,0.0,0.2,2.1
2023-04-04T07:00Z,10,363,3.0,0.0,87.6,0.0,2.9,0.3,0.0,0.5,5.6
2023-04-04T07:00Z,11,384,0.0,0.0,97.4,0.0,0.0,0.0,0.0,1.0,1.6
2023-04-04T07:00Z,12,369,1.9,0.0,92.9,0.0,1.4,1.7,0.0,0.5,1.6
2023-04-04T07:00Z,13,363,2.1,0.0,90.0,0.2,2.3,0.8,0.0,0.5,4.0
2023-04-04T07:00Z,14,358,0.8,0.0,90.1,0.8,2.6,0.5,0.0,0.5,4.7
2023-04-04T07:00Z,15,278,6.3,0.0,67.6,0.7,5.6,10.7,0.0,0.4,8.8
2023-04-04T07:00Z,16,69,0.2,0.0,14.9,7.0,6.8,20.2,0.0,0.0,50.8
2023-04-04T07:00Z,17,338,0.0,0.0,83.0,0.9,7.5,1.0,0.0,0.2,7.4
2023-04-04T07:00Z,18,260,5.2,0.0,62.4,1.4,5.8,11.3,0.0,0.3,13.6
2023-04-04T07:30Z,1,95,0.0,0.0,24.2,10.6,0.0,0.0,0.0,0.0,65.1
2023-04-04T07:30Z,2,52,0.3,0.0,10.4,3.0,6.9,27.5,0.0,0.1,51.8
2023-04-04T07:30Z,3,108,0.3,0.0,26.8,0.5,5.4,45.6,0.0,0.1,21.3
2023-04-04T07:30Z,4,12,0.1,0.0,1.9,0.6,47.9,37.6,0.0,0.3,11.7
2023-04-04T07:30Z,5,258,36.3,0.0,54.5,0.0,3.4,2.4,0.0,0.2,3.2
2023-04-04T07:30Z,6,133,0.2,0.0,31.2,1.1,8.5,25.6,0.0,0.8,32.7
2023-04-04T07:30Z,7,385,0.0,0.0,97.7,0.0,0.0,0.0,0.0,0.4,1.9
2023-04-04T07:30Z,8,261,1.8,0.0,65.1,0.3,2.9,17.4,0.0,0.5,11.9
2023-04-04T07:30Z,9,356,7.8,0.0,88.1,0.0,0.7,0.6,0.0,0.4,2.4
2023-04-04T07:30Z,10,361,2.9,0.0,85.9,0.0,3.9,0.2,0.0,1.0,6.1
2023-04-04T07:30Z,11,379,0.0,0.0,96.3,0.0,0.0,0.0,0.0,2.1,1.6
2023-04-04T07:30Z,12,366,1.9,0.0,92.2,0.0,1.7,1.5,0.0,1.1,1.6
2023-04-04T07:30Z,13,360,2.0,0.0,88.5,0.2,3.2,0.7,0.0,1.1,4.3
2023-04-04T07:30Z,14,350,0.7,0.0,88.0,0.8,4.0,0.4,0.0,1.1,5.1
2023-04-04T07:30Z,15,276,6.3,0.0,66.6,0.7,6.1,10.8,0.0,0.7,8.8
2023-04-04T07:30Z,16,69,0.2,0.0,14.8,6.5,6.8,20.5,0.0,0.1,51.1
2023-04-04T07:30Z,17,337,0.0,0.0,82.8,1.1,7.4,1.2,0.0,0.4,7.2
2023-04-04T07:30Z,18,258,5.3,0.0,61.6,1.3,6.2,11.4,0.0,0.6,13.6
2023-04-04T08:00Z,1,94,0.0,0.0,23.9,9.9,0.0,0.0,0.0,0.0,66.1
2023-04-04T08:00Z,2,51,0.3,0.0,10.4,3.0,6.6,26.7,0.0,0.2,52.9
2023-04-04T08:00Z,3,113,0.2,0.0,28.0,0.6,4.2,44.9,0.0,0.2,21.9
2023-04-04T08:00Z,4,15,0.1,0.0,2.7,0.9,42.0,37.1,0.0,0.5,16.8
2023-04-04T08:00Z,5,257,37.6,0.0,53.6,0.0,2.2,2.6,0.0,0.3,3.5
2023-04-04T08:00Z,6,137,0.2,0.0,30.6,1.3,11.5,25.6,0.0,1.2,29.6
2023-04-04T08:00Z,7,385,0.0,0.0,97.6,0.0,0.0,0.0,0.0,0.6,1.7
2023-04-04T08:00Z,8,258,1.9,0.0,64.1,0.4,3.0,17.7,0.0,0.9,12.0
2023-04-04T08:00Z,9,351,9.0,0.0,86.4,0.0,0.5,0.7,0.0,0.8,2.6
2023-04-04T08:00Z,10,358,3.0,0.0,83.3,0.0,5.1,0.2,0.0,1.8,6.5
2023-04-04T08:00Z,11,371,0.0,0.0,94.1,0.0,0.0,0.0,0.0,4.0,1.9
2023-04-04T08:00Z,12,359,2.2,0.0,90.2,0.0,2.2,1.7,0.0,2.0,1.6
2023-04-04T08:00Z,13,354,2.1,0.0,86.2,0.2,4.3,0.7,0.0,1.9,4.7
2023-04-04T08:00Z,14,342,0.4,0.0,86.2,0.8,5.2,0.3,0.0,1.7,5.4
2023-04-04T08:00Z,15,272,6.6,0.0,65.2,0.7,5.9,11.1,0.0,1.2,9.3
2023-04-04T08:00Z,16,67,0.2,0.0,14.4,6.2,6.6,20.6,0.0,0.1,51.8
2023-04-04T08:00Z,17,329,0.0,0.0,80.2,1.1,8.8,1.4,0.0,0.7,7.8
2023-04-04T08:00Z,18,254,5.6,0.0,60.2,1.3,6.2,11.7,0.0,1.1,14.0
2023-04-04T08:30Z,1,109,0.0,0.0,27.6,10.0,0.0,0.0,0.0,0.0,62.4
2023-04-04T08:30Z,2,55,0.2,0.0,11.5,2.9,6.0,26.0,0.0,0.3,53.0
2023-04-04T08:30Z,3,112,0.1,0.0,28.0,0.6,3.2,44.7,0.0,0.3,23.1
2023-04-04T08:30Z,4,23,0.1,0.0,4.5,0.9,33.4,35.9,0.0,0.8,24.3
2023-04-04T08:30Z,5,250,37.9,0.0,52.0,0.1,1.8,3.1,0.0,0.5,4.5
2023-04-04T08:30Z,6,135,0.1,0.0,30.4,1.2,10.6,25.1,0.0,1.9,30.5
2023-04-04T08:30Z,7,384,0.0,0.0,97.4,0.0,0.0,0.0,0.0,1.0,1.6
2023-04-04T08:30Z,8,251,1.7,0.0,62.4,0.4,2.7,18.5,0.0,1.4,12.8
2023-04-04T08:30Z,9,345,9.7,0.0,84.6,0.0,0.5,1.0,0.0,1.3,3.0
2023-04-04T08:30Z,10,353,3.2,0.0,80.2,0.0,6.4,0.3,0.0,2.9,7.1
2023-04-04T08:30Z,11,359,0.0,0.0,91.2,0.0,0.0,0.1,0.0,6.5,2.2
2023-04-04T08:30Z,12,351,2.2,0.0,88.3,0.0,2.5,1.9,0.0,3.2,1.8
2023-04-04T08:30Z,13,345,2.1,0.0,83.4,0.2,5.3,0.8,0.0,3.0,5.1
2023-04-04T08:30Z,14,327,0.3,0.0,82.5,0.8,7.0,0.3,0.0,2.9,6.2
2023-04-04T08:30Z,15,261,7.1,0.0,62.1,0.7,5.9,11.5,0.0,2.1,10.6
2023-04-04T08:30Z,16,65,0.2,0.0,14.1,5.8,6.4,20.5,0.0,0.2,52.8
2023-04-04T08:30Z,17,321,0.0,0.0,78.1,1.0,8.5,1.8,0.0,1.1,9.5
2023-04-04T08:30Z,18,246,5.9,0.0,57.4,1.3,6.1,12.0,0.0,1.8,15.4
2023-04-04T09:00Z,1,107,0.0,0.0,27.1,8.5,0.0,0.0,0.0,0.0,64.4
2023-04-04T09:00Z,2,53,0.2,0.0,11.0,2.7,5.9,25.2,0.0,0.4,54.6
2023-04-04T09:00Z,3,105,0.1,0.0,26.0,0.7,4.4,45.2,0.0,0.5,23.2
2023-04-04T09:00Z,4,19,0.1,0.0,3.6,0.9,37.8,35.4,0.0,1.0,21.2
2023-04-04T09:00Z,5,235,38.1,0.0,47.8,0.1,3.6,3.9,0.0,0.8,5.7
2023-04-04T09:00Z,6,116,0.1,0.0,25.4,1.3,11.6,24.9,0.0,2.9,33.9
2023-04-04T09:00Z,7,381,0.0,0.0,96.8,0.0,0.0,0.0,0.0,1.5,1.7
2023-04-04T09:00Z,8,234,1.8,0.0,58.0,0.4,3.5,19.7,0.0,2.2,14.4
2023-04-04T09:00Z,9,334,11.1,0.0,81.4,0.0,1.0,1.3,0.0,1.9,3.2
2023-04-04T09:00Z,10,347,3.6,0.0,76.2,0.0,8.4,0.4,0.0,4.3,7.1
2023-04-04T09:00Z,11,344,0.0,0.0,87.4,0.0,0.0,0.2,0.0,10.0,2.4
2023-04-04T09:00Z,12,339,2.7,0.0,85.0,0.1,3.3,2.2,0.0,4.5,2.2
2023-04-04T09:00Z,13,334,2.4,0.0,79.3,0.2,7.2,0.9,0.0,4.4,5.5
2023-04-04T09:00Z,14,309,0.2,0.0,77.7,0.8,10.0,0.2,0.0,4.2,6.8
2023-04-04T09:00Z,15,238,7.8,0.0,54.9,0.8,8.5,12.3,0.0,3.4,12.4
2023-04-04T09:00Z,16,55,0.2,0.0,11.3,5.7,6.6,20.3,0.0,0.3,55.7
2023-04-04T09:00Z,17,306,0.0,0.0,73.4,1.1,10.9,2.3,0.0,1.6,10.7
2023-04-04T09:00Z,18,230,6.5,0.0,50.7,1.4,8.4,12.7,0.0,2.9,17.4
2023-04-04T09:30Z,1,117,0.0,0.0,29.8,7.9,0.0,0.0,0.0,0.0,62.2
2023-04-04T09:30Z,2,57,0.2,0.0,12.2,2.6,5.5,24.1,0.0,0.5,55.0
2023-04-04T09:30Z,3,97,0.1,0.0,24.0,0.7,5.9,44.2,0.0,0.7,24.5
2023-04-04T09:30Z,4,19,0.1,0.0,3.7,0.8,39.9,34.7,0.0,1.2,19.7
2023-04-04T09:30Z,5,223,36.2,0.0,45.4,0.1,5.6,4.7,0.0,1.1,6.9
2023-04-04T09:30Z,6,104,0.1,0.0,22.5,1.2,11.7,24.4,0.0,3.9,36.1
2023-04-04T09:30Z,7,378,0.0,0.0,95.9,0.0,0.0,0.0,0.0,2.2,1.9
2023-04-04T09:30Z,8,210,1.7,0.0,51.9,0.5,4.8,20.7,0.0,3.1,17.4
2023-04-04T09:30Z,9,308,15.0,0.0,73.5,0.0,2.3,1.7,0.0,3.0,4.3
2023-04-04T09:30Z,10,336,4.7,0.0,70.6,0.0,10.6,0.5,0.0,6.0,7.5
2023-04-04T09:30Z,11,314,0.2,0.0,79.6,0.0,0.4,0.3,0.0,16.2,3.3
2023-04-04T09:30Z,12,322,3.3,0.0,80.5,0.1,4.6,2.4,0.0,6.1,3.1
2023-04-04T09:30Z,13,319,3.0,0.0,74.2,0.2,9.4,0.9,0.0,6.0,6.1
2023-04-04T09:30Z,14,289,0.1,0.0,72.8,0.8,13.1,0.1,0.0,5.8,7.4
2023-04-04T09:30Z,15,226,7.8,0.0,51.8,0.7,9.9,12.5,0.0,4.7,12.5
2023-04-04T09:30Z,16,50,0.2,0.0,10.2,5.2,6.5,19.6,0.0,0.4,57.9
2023-04-04T09:30Z,17,281,0.0,0.0,66.6,0.8,12.1,2.6,0.0,2.6,15.3
2023-04-04T09:30Z,18,217,6.5,0.0,47.5,1.3,9.6,12.9,0.0,4.1,18.2
2023-04-04T10:00Z,1,114,0.0,0.0,29.0,7.4,0.0,0.0,0.0,0.0,63.6
2023-04-04T10:00Z,2,55,0.2,0.0,11.9,2.4,5.3,23.3,0.0,0.6,56.3
2023-04-04T10:00Z,3,95,0.1,0.0,23.4,0.7,6.0,43.8,0.0,0.9,25.2
2023-04-04T10:00Z,4,19,0.1,0.0,3.8,0.8,39.3,33.2,0.0,1.5,21.4
2023-04-04T10:00Z,5,215,36.1,0.0,43.3,0.1,5.9,5.4,0.0,1.5,7.7
2023-04-04T10:00Z,6,103,0.1,0.0,22.4,1.5,11.3,24.2,0.0,4.9,35.6
2023-04-04T10:00Z,7,374,0.0,0.0,94.8,0.0,0.0,0.0,0.0,3.2,2.0
2023-04-04T10:00Z,8,201,1.6,0.0,49.5,0.6,4.9,21.4,0.0,4.1,18.0
2023-04-04T10:00Z,9,302,14.8,0.0,72.2,0.1,2.4,2.1,0.0,4.0,4.4
2023-04-04T10:00Z,10,330,4.5,0.0,66.9,0.0,12.6,0.6,0.0,8.0,7.4
2023-04-04T10:00Z,11,265,0.6,0.0,67.1,0.0,1.8,0.5,0.0,25.4,4.7
2023-04-04T10:00Z,12,309,3.3,0.0,77.0,0.1,5.6,2.5,0.0,8.0,3.5
2023-04-04T10:00Z,13,306,2.8,0.0,69.7,0.3,11.8,1.0,0.0,7.9,6.4
2023-04-04T10:00Z,14,270,0.0,0.0,67.7,0.7,16.3,0.1,0.0,7.5,7.6
2023-04-04T10:00Z,15,223,7.4,0.0,50.7,0.6,10.6,12.7,0.0,5.9,12.0
2023-04-04T10:00Z,16,50,0.1,0.0,10.2,4.7,6.5,19.4,0.0,0.5,58.5
2023-04-04T10:00Z,17,278,0.0,0.0,65.6,0.8,12.8,2.9,0.0,3.4,14.5
2023-04-04T10:00Z,18,211,6.1,0.0,46.5,1.1,10.2,13.0,0.0,5.2,17.8
2023-04-04T10:30Z,1,119,0.0,0.0,30.1,6.7,0.0,0.0,0.0,0.0,63.2
2023-04-04T10:30Z,2,57,0.2,0.0,12.4,2.2,5.1,22.5,0.0,0.7,57.0
2023-04-04T10:30Z,3,94,0.1,0.0,23.3,0.6,5.9,43.5,0.0,1.1,25.5
2023-04-04T10:30Z,4,21,0.1,0.0,4.1,0.7,39.1,31.4,0.0,1.9,22.8
2023-04-04T10:30Z,5,209,34.8,0.0,42.1,0.1,6.3,6.2,0.0,1.9,8.6
2023-04-04T10:30Z,6,98,0.1,0.0,20.6,2.1,12.5,23.6,0.0,6.1,35.0
2023-04-04T10:30Z,7,368,0.0,0.0,93.3,0.0,0.0,0.0,0.0,4.4,2.3
2023-04-04T10:30Z,8,189,1.4,0.0,46.4,0.7,5.3,22.1,0.0,5.3,18.7
2023-04-04T10:30Z,9,291,15.1,0.0,69.1,0.1,2.7,2.5,0.0,5.6,4.9
2023-04-04T10:30Z,10,320,4.2,0.0,61.1,0.0,15.2,0.7,0.0,10.9,7.9
2023-04-04T10:30Z,11,248,0.3,0.0,62.9,0.0,1.5,0.5,0.0,30.6,4.2
2023-04-04T10:30Z,12,302,2.5,0.0,75.5,0.1,6.3,2.5,0.0,10.2,2.8
2023-04-04T10:30Z,13,294,2.2,0.0,67.0,0.3,12.9,1.1,0.0,10.1,6.3
2023-04-04T10:30Z,14,265,0.0,0.0,66.5,0.7,16.0,0.0,0.0,9.2,7.6
2023-04-04T10:30Z,15,213,7.2,0.0,47.7,0.5,11.4,12.8,0.0,7.7,12.7
2023-04-04T10:30Z,16,49,0.1,0.0,9.9,4.0,6.5,19.3,0.0,0.6,59.6
2023-04-04T10:30Z,17,279,0.0,0.0,65.6,0.8,13.4,3.0,0.0,4.2,13.0
2023-04-04T10:30Z,18,202,6.0,0.0,44.0,1.0,10.9,13.1,0.0,6.6,18.4
2023-04-04T11:00Z,1,117,0.0,0.0,29.7,5.5,0.0,0.0,0.0,0.0,64.7
2023-04-04T11:00Z,2,55,0.2,0.0,11.8,1.9,5.1,21.8,0.0,0.8,58.4
2023-04-04T11:00Z,3,94,0.1,0.0,23.1,0.5,6.1,44.0,0.0,1.3,24.9
2023-04-04T11:00Z,4,19,0.1,0.0,3.8,0.6,39.4,30.6,0.0,2.4,23.2
2023-04-04T11:00Z,5,204,34.6,0.0,41.2,0.1,6.2,6.9,0.0,2.3,8.6
2023-04-04T11:00Z,6,91,0.1,0.0,18.7,2.3,13.0,23.3,0.0,7.5,35.0
2023-04-04T11:00Z,7,363,0.0,0.0,92.1,0.0,0.0,0.0,0.0,5.6,2.3
2023-04-04T11:00Z,8,183,1.5,0.0,44.7,0.7,5.5,22.3,0.0,6.7,18.6
2023-04-04T11:00Z,9,280,15.6,0.0,66.2,0.1,2.8,3.2,0.0,7.1,5.0
2023-04-04T11:00Z,10,312,3.9,0.0,57.8,0.0,16.4,0.8,0.0,13.4,7.7
2023-04-04T11:00Z,11,218,0.3,0.0,55.1,0.0,1.7,0.6,0.0,38.0,4.3
2023-04-04T11:00Z,12,289,2.3,0.0,72.3,0.1,7.6,2.7,0.0,12.7,2.3
2023-04-04T11:00Z,13,285,2.0,0.0,64.4,0.3,13.9,1.2,0.0,12.3,6.0
2023-04-04T11:00Z,14,260,0.0,0.0,65.2,0.6,16.2,0.0,0.0,10.9,7.1
2023-04-04T11:00Z,15,206,7.1,0.0,45.6,0.5,11.8,12.7,0.0,9.5,12.8
2023-04-04T11:00Z,16,44,0.1,0.0,8.6,3.3,6.5,19.2,0.0,0.7,61.5
2023-04-04T11:00Z,17,272,0.0,0.0,64.3,0.8,12.2,3.2,0.0,5.2,14.3
2023-04-04T11:00Z,18,195,5.9,0.0,42.1,0.8,11.2,13.0,0.0,8.2,18.8
2023-04-04T11:30Z,1,115,0.0,0.0,29.2,5.2,0.0,0.0,0.0,0.0,65.6
2023-04-04T11:30Z,2,53,0.2,0.0,11.5,1.6,5.0,21.2,0.0,0.9,59.5
2023-04-04T11:30Z,3,84,0.1,0.0,20.7,0.5,6.5,44.6,0.0,1.7,26.0
2023-04-04T11:30Z,4,19,0.1,0.0,3.7,0.5,38.9,29.9,0.0,2.8,24.2
2023-04-04T11:30Z,5,199,33.7,0.0,40.1,0.1,6.5,7.4,0.0,2.9,9.3
2023-04-04T11:30Z,6,82,0.1,0.0,17.0,2.5,11.6,22.9,0.0,9.3,36.6
2023-04-04T11:30Z,7,358,0.0,0.0,90.8,0.0,0.0,0.0,0.0,6.8,2.4
2023-04-04T11:30Z,8,177,1.5,0.0,43.5,0.7,5.1,22.3,0.0,8.2,18.7
2023-04-04T11:30Z,9,277,14.2,0.0,65.9,0.1,2.7,3.5,0.0,8.6,5.0
2023-04-04T11:30Z,10,309,3.1,0.0,56.5,0.0,16.9,0.8,0.0,15.5,7.2
2023-04-04T11:30Z,11,196,0.2,0.0,49.7,0.0,1.4,0.6,0.0,44.1,4.1
2023-04-04T11:30Z,12,277,1.9,0.0,69.1,0.1,8.8,2.8,0.0,15.5,1.9
2023-04-04T11:30Z,13,278,1.6,0.0,62.2,0.3,14.6,1.0,0.0,14.7,5.6
2023-04-04T11:30Z,14,252,0.0,0.0,63.0,0.6,16.6,0.0,0.0,13.1,6.7
2023-04-04T11:30Z,15,202,6.5,0.0,44.5,0.5,12.1,12.6,0.0,11.3,12.6
2023-04-04T11:30Z,16,42,0.1,0.0,8.2,2.9,6.5,18.8,0.0,0.8,62.7
2023-04-04T11:30Z,17,266,0.0,0.0,63.3,1.3,10.8,3.2,0.0,6.2,15.2
2023-04-04T11:30Z,18,190,5.4,0.0,41.1,0.8,11.3,12.8,0.0,9.7,18.9
2023-04-04T12:00Z,1,114,0.0,0.0,28.9,4.8,0.0,0.0,0.0,0.0,66.3
2023-04-04T12:00Z,2,52,0.2,0.0,11.3,1.6,4.9,21.2,0.0,1.0,59.7
2023-04-04T12:00Z,3,79,0.1,0.0,19.4,0.5,6.5,44.8,0.0,1.9,26.7
2023-04-04T12:00Z,4,20,0.1,0.0,3.9,0.5,37.5,29.6,0.0,3.1,25.3
2023-04-04T12:00Z,5,178,34.0,0.0,34.4,0.1,8.1,8.2,0.0,3.5,11.6
2023-04-04T12:00Z,6,78,0.1,0.0,15.7,2.7,12.1,22.3,0.0,10.6,36.5
2023-04-04T12:00Z,7,354,0.0,0.0,90.0,0.0,0.0,0.0,0.0,7.7,2.4
2023-04-04T12:00Z,8,167,0.4,0.0,41.1,0.8,5.5,22.6,0.0,9.4,20.1
2023-04-04T12:00Z,9,237,17.9,0.0,54.5,0.1,4.2,3.9,0.0,11.9,7.4
2023-04-04T12:00Z,10,298,3.0,0.0,51.5,0.0,18.6,0.8,0.0,18.3,7.7
2023-04-04T12:00Z,11,176,0.2,0.0,44.6,0.0,1.5,0.4,0.0,49.1,4.1
2023-04-04T12:00Z,12,243,2.2,0.0,60.5,0.1,10.6,3.0,0.0,20.2,3.4
2023-04-04T12:00Z,13,260,1.7,0.0,56.2,0.3,16.6,1.0,0.0,17.9,6.4
2023-04-04T12:00Z,14,234,0.0,0.0,58.5,0.6,18.2,0.0,0.0,15.8,6.9
2023-04-04T12:00Z,15,187,6.9,0.0,40.4,0.5,12.8,12.8,0.0,13.5,13.1
2023-04-04T12:00Z,16,42,0.1,0.0,8.0,2.7,6.5,18.7,0.0,0.9,63.1
2023-04-04T12:00Z,17,253,0.0,0.0,60.4,2.4,10.0,3.2,0.0,7.3,16.7
2023-04-04T12:00Z,18,176,5.7,0.0,37.5,0.9,11.8,13.0,0.0,11.6,19.5
2023-04-04T12:30Z,1,110,0.0,0.0,27.8,5.2,0.0,0.0,0.0,0.0,67.0
2023-04-04T12:30Z,2,51,0.2,0.0,11.0,1.7,4.8,20.9,0.0,1.1,60.3
2023-04-04T12:30Z,3,81,0.1,0.0,19.8,0.6,6.6,44.4,0.0,2.2,26.3
2023-04-04T12:30Z,4,20,0.1,0.0,3.8,0.6,37.3,29.2,0.0,3.5,25.6
2023-04-04T12:30Z,5,175,33.9,0.0,33.7,0.2,8.0,8.6,0.0,3.9,11.7
2023-04-04T12:30Z,6,75,0.1,0.0,14.2,4.3,13.6,21.1,0.0,11.6,35.1
2023-04-04T12:30Z,7,350,0.0,0.0,89.0,0.0,0.0,0.0,0.0,8.5,2.6
2023-04-04T12:30Z,8,165,0.4,0.0,40.2,1.3,5.9,22.4,0.0,10.3,19.4
2023-04-04T12:30Z,9,226,18.3,0.0,51.5,0.1,4.3,4.4,0.0,13.7,7.7
2023-04-04T12:30Z,10,290,3.0,0.0,48.2,0.0,19.7,0.8,0.0,20.5,7.8
2023-04-04T12:30Z,11,163,0.2,0.0,41.2,0.0,1.4,0.4,0.0,52.9,3.9
2023-04-04T12:30Z,12,214,2.8,0.0,52.8,0.2,12.0,3.4,0.0,24.5,4.3
2023-04-04T12:30Z,13,244,1.8,0.0,51.0,0.3,19.7,1.1,0.0,19.6,6.5
2023-04-04T12:30Z,14,215,0.0,0.0,53.3,0.7,23.4,0.0,0.0,16.4,6.3
2023-04-04T12:30Z,15,177,7.0,0.0,37.3,0.8,13.7,12.8,0.0,15.3,13.1
2023-04-04T12:30Z,16,37,0.1,0.0,6.8,3.4,6.5,18.5,0.0,1.0,63.7
2023-04-04T12:30Z,17,238,0.0,0.0,56.1,4.2,11.0,3.2,0.0,8.2,17.3
2023-04-04T12:30Z,18,167,5.8,0.0,34.5,1.3,12.7,13.0,0.0,13.1,19.7
2023-04-04T13:00Z,1,94,0.0,0.0,23.8,6.2,0.0,0.0,0.0,0.0,70.0
2023-04-04T13:00Z,2,46,0.2,0.0,9.7,2.1,4.8,20.4,0.0,1.2,61.6
2023-04-04T13:00Z,3,71,0.1,0.0,17.4,0.8,6.9,44.9,0.0,2.4,27.6
2023-04-04T13:00Z,4,18,0.1,0.0,3.4,0.8,36.9,28.7,0.0,3.8,26.4
2023-04-04T13:00Z,5,171,33.8,0.0,32.9,0.2,7.9,9.0,0.0,4.3,12.0
2023-04-04T13:00Z,6,70,0.1,0.0,12.3,6.3,15.7,20.1,0.0,12.1,33.4
2023-04-04T13:00Z,7,348,0.0,0.0,88.2,0.0,0.0,0.0,0.0,9.2,2.5
2023-04-04T13:00Z,8,157,0.2,0.0,38.0,1.9,6.7,22.3,0.0,11.2,19.6
2023-04-04T13:00Z,9,219,18.4,0.0,49.8,0.1,4.3,4.7,0.0,14.6,8.1
2023-04-04T13:00Z,10,283,3.2,0.0,46.0,0.0,20.0,0.8,0.0,21.5,8.4
2023-04-04T13:00Z,11,148,0.3,0.0,37.3,0.0,1.2,0.4,0.0,57.2,3.6
2023-04-04T13:00Z,12,204,3.0,0.0,50.1,0.4,11.2,3.8,0.0,26.6,5.0
2023-04-04T13:00Z,13,238,2.0,0.0,48.2,0.3,20.0,1.2,0.0,21.4,6.9
2023-04-04T13:00Z,14,202,0.0,0.0,50.0,0.7,24.9,0.0,0.0,18.3,6.1
2023-04-04T13:00Z,15,171,6.9,0.0,35.4,1.0,14.1,12.6,0.0,16.6,13.3
2023-04-04T13:00Z,16,31,0.1,0.0,5.3,4.1,6.5,18.0,0.0,1.1,65.0
2023-04-04T13:00Z,17,233,0.0,0.0,54.1,5.4,13.2,3.2,0.0,8.5,15.6
2023-04-04T13:00Z,18,160,5.7,0.0,32.7,1.6,13.1,12.8,0.0,14.2,19.9
2023-04-04T13:30Z,1,102,0.0,0.0,25.8,6.9,0.0,0.0,0.0,0.0,67.3
2023-04-04T13:30Z,2,50,0.2,0.0,10.8,2.4,4.5,19.9,0.0,1.2,60.9
2023-04-04T13:30Z,3,71,0.1,0.0,17.3,0.9,6.7,45.1,0.0,2.5,27.6
2023-04-04T13:30Z,4,20,0.1,0.0,4.0,0.9,35.7,27.9,0.0,4.0,27.4
2023-04-04T13:30Z,5,164,33.7,0.0,31.0,0.3,8.1,9.4,0.0,4.6,13.0
2023-04-04T13:30Z,6,69,0.1,0.0,12.1,8.3,15.2,18.8,0.0,12.4,33.2
2023-04-04T13:30Z,7,343,0.0,0.0,87.1,0.0,0.0,0.0,0.0,10.1,2.8
2023-04-04T13:30Z,8,150,0.2,0.0,36.2,2.7,6.7,22.2,0.0,11.8,20.3
2023-04-04T13:30Z,9,213,17.8,0.0,48.4,0.1,4.3,5.0,0.0,15.7,8.7
2023-04-04T13:30Z,10,282,2.9,0.0,45.1,0.0,20.5,0.9,0.0,21.8,8.8
2023-04-04T13:30Z,11,135,0.3,0.0,34.2,0.0,1.5,0.5,0.0,59.9,3.6
2023-04-04T13:30Z,12,190,2.9,0.0,46.5,0.5,13.1,4.3,0.0,27.7,5.1
2023-04-04T13:30Z,13,229,1.9,0.0,45.4,0.4,22.1,1.3,0.0,21.8,7.0
2023-04-04T13:30Z,14,186,0.0,0.0,45.6,0.8,29.1,0.0,0.0,18.8,5.6
2023-04-04T13:30Z,15,166,6.8,0.0,34.0,1.2,14.4,12.5,0.0,17.8,13.4
2023-04-04T13:30Z,16,23,0.1,0.0,3.9,4.6,5.1,17.7,0.0,1.1,67.4
2023-04-04T13:30Z,17,227,0.0,0.0,52.4,6.9,13.4,3.1,0.0,9.1,15.2
2023-04-04T13:30Z,18,156,5.6,0.0,31.3,1.9,13.1,12.6,0.0,15.2,20.3
2023-04-04T14:00Z,1,99,0.0,0.0,25.2,7.4,0.0,0.0,0.0,0.0,67.4
2023-04-04T14:00Z,2,49,0.2,0.0,10.7,2.6,4.5,19.8,0.0,1.2,61.0
2023-04-04T14:00Z,3,64,0.1,0.0,15.5,1.0,7.0,45.3,0.0,2.6,28.6
2023-04-04T14:00Z,4,20,0.1,0.0,4.0,1.0,35.6,27.7,0.0,4.1,27.5
2023-04-04T14:00Z,5,160,33.3,0.0,30.0,0.3,8.3,9.4,0.0,4.8,13.9
2023-04-04T14:00Z,6,67,0.1,0.0,11.3,8.7,15.5,18.3,0.0,12.7,33.4
2023-04-04T14:00Z,7,341,0.0,0.0,86.5,0.0,0.0,0.0,0.0,10.6,2.9
2023-04-04T14:00Z,8,141,0.1,0.0,33.9,2.9,7.2,22.2,0.0,12.3,21.4
2023-04-04T14:00Z,9,207,18.0,0.0,47.0,0.1,4.5,4.8,0.0,15.9,9.7
2023-04-04T14:00Z,10,267,3.6,0.0,44.0,0.1,18.3,1.0,0.0,23.0,10.1
2023-04-04T14:00Z,11,134,0.2,0.0,33.9,0.0,1.0,0.4,0.0,61.2,3.2
2023-04-04T14:00Z,12,184,3.3,0.0,44.9,0.6,11.9,4.3,0.0,29.0,6.1
2023-04-04T14:00Z,13,217,2.3,0.0,43.6,0.5,21.6,1.4,0.0,23.0,7.6
2023-04-04T14:00Z,14,174,0.0,0.0,42.4,1.0,32.1,0.0,0.0,19.2,5.3
2023-04-04T14:00Z,15,161,6.9,0.0,33.0,1.2,14.3,12.3,0.0,18.5,13.8
2023-04-04T14:00Z,16,23,0.2,0.0,3.8,4.6,5.2,17.7,0.0,1.1,67.4
2023-04-04T14:00Z,17,220,0.0,0.0,50.7,7.6,13.0,3.0,0.0,9.3,16.3
2023-04-04T14:00Z,18,151,5.7,0.0,30.4,2.0,13.1,12.4,0.0,15.8,20.5
2023-04-04T14:30Z,1,77,0.0,0.0,19.5,7.5,0.0,0.0,0.0,0.0,73.0
2023-04-04T14:30Z,2,40,0.2,0.0,8.3,2.6,4.6,19.8,0.0,1.3,63.2
2023-04-04T14:30Z,3,63,0.1,0.0,15.2,1.0,7.3,45.7,0.0,2.6,28.1
2023-04-04T14:30Z,4,16,0.1,0.0,2.9,1.0,37.0,28.0,0.0,4.2,26.9
2023-04-04T14:30Z,5,160,33.2,0.0,30.3,0.3,8.3,9.3,0.0,4.8,13.9
2023-04-04T14:30Z,6,63,0.1,0.0,10.4,9.8,15.5,18.1,0.0,12.8,33.3
2023-04-04T14:30Z,7,339,0.0,0.0,86.0,0.0,0.0,0.0,0.0,10.8,3.2
2023-04-04T14:30Z,8,139,0.3,0.0,33.2,3.1,7.3,22.3,0.0,12.6,21.2
2023-04-04T14:30Z,9,224,15.8,0.0,52.0,0.1,3.9,4.6,0.0,14.6,9.0
2023-04-04T14:30Z,10,245,4.4,0.0,40.8,0.1,16.9,1.1,0.0,24.8,11.9
2023-04-04T14:30Z,11,133,0.3,0.0,33.6,0.0,1.3,0.4,0.0,61.3,3.1
2023-04-04T14:30Z,12,204,2.7,0.0,50.2,0.5,11.8,4.0,0.0,25.8,5.1
2023-04-04T14:30Z,13,206,2.4,0.0,43.5,0.5,22.1,1.6,0.0,22.6,7.4
2023-04-04T14:30Z,14,169,0.0,0.0,41.2,1.0,35.4,0.2,0.0,17.8,4.5
2023-04-04T14:30Z,15,163,6.6,0.0,34.6,1.3,13.8,12.2,0.0,18.0,13.6
2023-04-04T14:30Z,16,22,0.1,0.0,3.5,4.4,5.0,17.7,0.0,1.1,68.1
2023-04-04T14:30Z,17,227,0.0,0.0,52.8,8.6,12.1,3.0,0.0,8.8,14.7
2023-04-04T14:30Z,18,152,5.5,0.0,31.9,2.1,12.6,12.3,0.0,15.5,20.2
2023-04-04T15:00Z,1,72,0.0,0.0,18.4,7.8,0.0,0.0,0.0,0.0,73.8
2023-04-04T15:00Z,2,39,0.1,0.0,8.0,2.7,4.6,19.8,0.0,1.2,63.5
2023-04-04T15:00Z,3,60,0.1,0.0,14.4,1.0,7.3,46.7,0.0,2.6,27.9
2023-04-04T15:00Z,4,16,0.1,0.0,2.8,0.9,37.9,27.6,0.0,4.1,26.6
2023-04-04T15:00Z,5,161,32.9,0.0,30.5,0.3,8.1,9.4,0.0,4.8,14.1
2023-04-04T15:00Z,6,62,0.1,0.0,10.2,11.7,15.2,17.6,0.0,12.3,33.0
2023-04-04T15:00Z,7,338,0.0,0.0,85.8,0.0,0.0,0.0,0.0,11.0,3.2
2023-04-04T15:00Z,8,136,0.7,0.0,32.4,3.8,7.2,22.5,0.0,12.4,21.0
2023-04-04T15:00Z,9,234,14.1,0.0,54.9,0.1,3.5,4.6,0.0,14.0,8.8
2023-04-04T15:00Z,10,250,3.9,0.0,45.7,0.1,13.9,1.2,0.0,23.4,12.0
2023-04-04T15:00Z,11,150,0.2,0.0,38.0,0.0,1.1,0.3,0.0,57.7,2.7
2023-04-04T15:00Z,12,218,2.3,0.0,53.9,0.5,11.2,3.8,0.0,24.1,4.2
2023-04-04T15:00Z,13,215,2.1,0.0,47.2,0.5,20.8,1.5,0.0,21.0,6.9
2023-04-04T15:00Z,14,176,0.1,0.0,42.8,1.0,36.0,0.2,0.0,15.9,4.1
2023-04-04T15:00Z,15,161,6.6,0.0,34.7,1.4,14.0,11.7,0.0,17.6,14.0
2023-04-04T15:00Z,16,21,0.1,0.0,3.5,4.4,4.8,17.9,0.0,1.1,68.2
2023-04-04T15:00Z,17,215,0.0,0.0,50.2,10.3,10.8,3.0,0.0,8.8,16.8
2023-04-04T15:00Z,18,153,5.5,0.0,32.0,2.3,12.7,12.0,0.0,15.2,20.4
2023-04-04T15:30Z,1,70,0.0,0.0,17.7,8.3,0.0,0.0,0.0,0.0,74.1
2023-04-04T15:30Z,2,39,0.1,0.0,8.0,2.8,4.6,19.9,0.0,1.2,63.5
2023-04-04T15:30Z,3,60,0.1,0.0,14.4,1.1,7.5,46.2,0.0,2.4,28.4
2023-04-04T15:30Z,4,16,0.1,0.0,2.9,1.0,37.7,27.8,0.0,3.9,26.7
2023-04-04T15:30Z,5,161,31.6,0.0,31.1,0.3,8.4,9.3,0.0,4.5,14.9
2023-04-04T15:30Z,6,57,0.1,0.0,9.4,15.9,14.3,16.9,0.0,11.0,32.4
2023-04-04T15:30Z,7,338,0.0,0.0,85.8,0.0,0.0,0.0,0.0,10.9,3.3
2023-04-04T15:30Z,8,123,0.4,0.0,29.1,5.3,7.7,22.7,0.0,11.8,23.0
2023-04-04T15:30Z,9,231,14.8,0.0,54.0,0.1,3.9,4.0,0.0,13.2,10.0
2023-04-04T15:30Z,10,240,4.9,0.0,46.1,0.1,11.6,1.1,0.0,22.8,13.5
2023-04-04T15:30Z,11,206,0.0,0.0,52.3,0.0,0.0,0.2,0.0,45.6,1.9
2023-04-04T15:30Z,12,204,2.0,0.0,50.3,0.6,13.6,3.8,0.0,25.4,4.3
2023-04-04T15:30Z,13,210,2.3,0.0,47.8,0.5,19.1,1.4,0.0,21.8,7.1
2023-04-04T15:30Z,14,189,0.4,0.0,46.2,0.9,31.1,0.2,0.0,17.1,4.2
2023-04-04T15:30Z,15,160,6.4,0.0,35.0,1.7,14.2,11.3,0.0,16.8,14.6
2023-04-04T15:30Z,16,23,0.1,0.0,4.1,4.5,4.6,17.8,0.0,1.0,68.0
2023-04-04T15:30Z,17,205,0.0,0.0,47.9,12.9,10.6,2.9,0.0,8.1,17.6
2023-04-04T15:30Z,18,153,5.4,0.0,32.2,2.6,12.9,11.6,0.0,14.6,20.7
2023-04-04T16:00Z,1,52,0.0,0.0,13.2,9.0,0.0,0.0,0.0,0.0,77.8
2023-04-04T16:00Z,2,32,0.2,0.0,6.5,3.2,3.7,20.3,0.0,1.1,65.1
2023-04-04T16:00Z,3,56,0.1,0.0,13.6,1.2,7.5,46.8,0.0,2.1,28.7
2023-04-04T16:00Z,4,13,0.1,0.0,2.2,1.1,39.3,28.5,0.0,3.3,25.5
2023-04-04T16:00Z,5,161,32.0,0.0,30.9,0.3,8.7,8.8,0.0,3.9,15.4
2023-04-04T16:00Z,6,58,0.1,0.0,9.9,20.6,13.5,16.5,0.0,8.9,30.6
2023-04-04T16:00Z,7,346,0.0,0.0,87.9,0.0,0.0,0.0,0.0,8.9,3.3
2023-04-04T16:00Z,8,133,0.6,0.0,31.9,6.7,7.2,22.1,0.0,9.9,21.6
2023-04-04T16:00Z,9,248,13.1,0.0,58.8,0.1,3.6,3.6,0.0,11.1,9.7
2023-04-04T16:00Z,10,255,4.0,0.0,47.6,0.1,13.7,1.1,0.0,19.3,14.2
2023-04-04T16:00Z,11,241,0.0,0.0,61.3,0.0,0.0,0.1,0.0,36.8,1.7
2023-04-04T16:00Z,12,213,1.7,0.0,52.7,0.7,13.6,3.5,0.0,24.0,3.7
2023-04-04T16:00Z,13,218,1.9,0.0,49.1,0.6,21.0,1.5,0.0,19.1,6.9
2023-04-04T16:00Z,14,190,0.2,0.0,46.4,1.1,34.1,0.3,0.0,14.1,3.8
2023-04-04T16:00Z,15,171,6.1,0.0,37.6,2.0,14.8,11.5,0.0,13.9,14.2
2023-04-04T16:00Z,16,18,0.2,0.0,3.1,4.7,4.0,17.9,0.0,0.9,69.2
2023-04-04T16:00Z,17,205,0.0,0.0,47.9,15.3,10.5,2.8,0.0,6.7,16.7
2023-04-04T16:00Z,18,160,5.1,0.0,34.3,3.0,13.3,11.7,0.0,12.0,20.5
2023-04-04T16:30Z,1,56,0.0,0.0,14.2,10.1,0.0,0.0,0.0,0.0,75.6
2023-04-04T16:30Z,2,34,0.4,0.0,7.2,3.6,3.2,20.6,0.0,0.9,64.1
2023-04-04T16:30Z,3,59,0.2,0.0,14.3,1.4,7.7,46.7,0.0,1.7,28.1
2023-04-04T16:30Z,4,13,0.2,0.0,2.4,1.2,40.2,29.2,0.0,2.6,24.2
2023-04-04T16:30Z,5,169,32.1,0.0,32.9,0.3,8.3,8.3,0.0,3.1,15.0
2023-04-04T16:30Z,6,58,0.2,0.0,10.1,23.7,13.2,16.4,0.0,6.8,29.6
2023-04-04T16:30Z,7,354,0.0,0.0,89.8,0.0,0.0,0.0,0.0,6.9,3.3
2023-04-04T16:30Z,8,145,1.1,0.0,35.0,7.7,6.8,21.8,0.0,7.7,20.1
2023-04-04T16:30Z,9,280,10.5,0.0,67.7,0.1,2.7,3.1,0.0,7.7,8.2
2023-04-04T16:30Z,10,280,3.4,0.0,52.9,0.1,14.3,1.0,0.0,14.3,14.0
2023-04-04T16:30Z,11,270,0.0,0.0,68.5,0.0,0.0,0.1,0.0,29.7,1.7
2023-04-04T16:30Z,12,233,1.8,0.0,57.8,0.9,13.7,3.2,0.0,19.1,3.5
2023-04-04T16:30Z,13,236,1.7,0.0,53.0,0.8,21.1,1.5,0.0,14.9,6.9
2023-04-04T16:30Z,14,198,0.2,0.0,48.5,1.3,34.5,0.4,0.0,11.4,3.8
2023-04-04T16:30Z,15,181,6.2,0.0,39.6,2.2,15.1,11.7,0.0,11.0,14.2
2023-04-04T16:30Z,16,21,0.3,0.0,3.6,5.1,4.0,18.0,0.0,0.8,68.2
2023-04-04T16:30Z,17,214,0.1,0.0,50.1,17.1,10.7,2.8,0.0,5.0,14.2
2023-04-04T16:30Z,18,171,5.1,0.0,36.1,3.4,13.6,11.9,0.0,9.5,20.4
2023-04-04T17:00Z,1,59,0.0,0.0,15.1,11.5,0.0,0.0,0.0,0.0,73.4
2023-04-04T17:00Z,2,37,0.6,0.0,7.8,4.0,3.6,21.1,0.0,0.7,62.2
2023-04-04T17:00Z,3,62,0.2,0.0,14.9,1.5,8.1,46.4,0.0,1.3,27.6
2023-04-04T17:00Z,4,15,0.2,0.0,2.7,1.3,40.7,29.8,0.0,1.9,23.4
2023-04-04T17:00Z,5,173,32.4,0.0,33.9,0.3,8.2,8.2,0.0,2.2,14.8
2023-04-04T17:00Z,6,59,0.2,0.0,10.5,26.5,13.1,16.9,0.0,4.8,28.0
2023-04-04T17:00Z,7,361,0.0,0.0,91.5,0.0,0.0,0.0,0.0,5.2,3.3
2023-04-04T17:00Z,8,147,1.3,0.0,35.3,8.4,7.2,22.3,0.0,5.5,20.0
2023-04-04T17:00Z,9,298,9.7,0.0,72.5,0.1,2.4,2.9,0.0,5.0,7.4
2023-04-04T17:00Z,10,291,3.8,0.0,57.7,0.1,12.6,1.0,0.0,10.4,14.5
2023-04-04T17:00Z,11,300,0.0,0.0,76.1,0.0,0.0,0.0,0.0,22.3,1.5
2023-04-04T17:00Z,12,252,2.3,0.0,62.5,1.0,12.4,2.8,0.0,14.5,4.5
2023-04-04T17:00Z,13,251,2.1,0.0,57.1,0.8,20.0,1.4,0.0,11.0,7.6
2023-04-04T17:00Z,14,209,0.3,0.0,51.2,1.3,35.0,0.3,0.0,8.2,3.7
2023-04-04T17:00Z,15,189,6.4,0.0,41.9,2.4,15.0,11.8,0.0,8.2,14.3
2023-04-04T17:00Z,16,23,0.5,0.0,4.0,5.5,4.0,18.3,0.0,0.6,67.0
2023-04-04T17:00Z,17,212,0.1,0.0,49.5,18.3,11.2,2.7,0.0,3.7,14.6
2023-04-04T17:00Z,18,179,5.3,0.0,38.0,3.7,13.5,12.0,0.0,7.0,20.4
2023-04-04T17:30Z,1,11,0.0,0.0,2.7,12.3,0.0,0.0,0.0,0.0,85.0
2023-04-04T17:30Z,2,19,0.8,0.0,3.5,4.3,2.8,22.2,0.0,0.6,65.9
2023-04-04T17:30Z,3,61,0.3,0.0,14.8,1.6,8.3,47.2,0.0,0.9,26.9
2023-04-04T17:30Z,4,8,0.3,0.0,1.0,1.3,43.8,30.7,0.0,1.4,21.5
2023-04-04T17:30Z,5,181,33.4,0.0,35.6,0.3,7.6,7.7,0.0,1.4,13.9
2023-04-04T17:30Z,6,55,0.3,0.0,9.7,29.6,12.2,16.9,0.0,3.3,28.0
2023-04-04T17:30Z,7,366,0.0,0.0,93.0,0.0,0.0,0.0,0.0,3.7,3.4
2023-04-04T17:30Z,8,155,1.6,0.0,37.5,9.4,6.8,21.8,0.0,3.8,19.2
2023-04-04T17:30Z,9,310,9.6,0.0,75.6,0.1,2.2,2.4,0.0,3.3,6.9
2023-04-04T17:30Z,10,301,3.8,0.0,61.7,0.1,11.5,0.9,0.0,6.9,15.1
2023-04-04T17:30Z,11,322,0.0,0.0,81.8,0.0,0.0,0.0,0.0,16.7,1.5
2023-04-04T17:30Z,12,269,2.3,0.0,66.9,1.0,13.4,2.7,0.0,9.8,4.0
2023-04-04T17:30Z,13,258,2.0,0.0,59.4,0.8,22.1,1.2,0.0,7.0,7.4
2023-04-04T17:30Z,14,210,0.2,0.0,51.1,1.3,39.3,0.2,0.0,4.8,3.1
2023-04-04T17:30Z,15,208,5.8,0.0,47.6,2.5,14.4,11.6,0.0,5.2,13.0
2023-04-04T17:30Z,16,20,0.6,0.0,3.4,5.8,3.7,18.3,0.0,0.5,67.7
2023-04-04T17:30Z,17,222,0.1,0.0,52.1,19.7,11.1,2.5,0.0,2.4,12.1
2023-04-04T17:30Z,18,189,4.9,0.0,42.9,3.9,13.0,11.8,0.0,4.5,19.1
2023-04-04T18:00Z,1,4,0.0,0.0,1.1,12.9,0.0,0.0,0.0,0.0,86.0
2023-04-04T18:00Z,2,18,0.7,0.0,2.9,4.4,3.9,22.4,0.0,0.4,65.3
2023-04-04T18:00Z,3,52,0.3,0.0,12.5,1.6,8.8,48.0,0.0,0.6,28.3
2023-04-04T18:00Z,4,8,0.3,0.0,0.9,1.4,44.0,31.0,0.0,0.8,21.7
2023-04-04T18:00Z,5,186,32.9,0.0,36.9,0.3,7.7,7.1,0.0,0.8,14.2
2023-04-04T18:00Z,6,51,0.3,0.0,9.1,31.4,11.3,16.8,0.0,1.9,29.2
2023-04-04T18:00Z,7,369,0.0,0.0,93.7,0.0,0.0,0.0,0.0,2.2,4.1
2023-04-04T18:00Z,8,151,1.8,0.0,36.4,10.1,6.9,21.8,0.0,2.2,20.9
2023-04-04T18:00Z,9,318,9.1,0.0,77.8,0.1,2.1,2.2,0.0,1.9,6.8
2023-04-04T18:00Z,10,318,3.4,0.0,64.0,0.1,13.6,0.8,0.0,3.6,14.5
2023-04-04T18:00Z,11,348,0.0,0.0,88.3,0.0,0.0,0.0,0.0,10.3,1.4
2023-04-04T18:00Z,12,278,2.2,0.0,69.0,1.0,15.7,3.0,0.0,5.6,3.5
2023-04-04T18:00Z,13,267,1.8,0.0,61.0,0.9,24.3,1.4,0.0,3.7,6.9
2023-04-04T18:00Z,14,213,0.0,0.0,52.0,1.6,40.9,0.3,0.0,2.3,2.9
2023-04-04T18:00Z,15,214,6.1,0.0,48.5,2.7,14.3,12.0,0.0,2.9,13.4
2023-04-04T18:00Z,16,15,0.6,0.0,2.0,5.9,4.5,18.2,0.0,0.3,68.6
2023-04-04T18:00Z,17,222,0.1,0.0,52.8,21.3,9.5,2.4,0.0,1.4,12.7
2023-04-04T18:00Z,18,192,5.1,0.0,43.3,4.3,12.9,12.1,0.0,2.5,19.8
2023-04-04T18:30Z,1,5,0.0,0.0,1.4,13.1,0.0,0.0,0.0,0.0,85.5
2023-04-04T18:30Z,2,17,0.7,0.0,2.9,4.5,3.3,22.7,0.0,0.2,65.7
2023-04-04T18:30Z,3,53,0.3,0.0,12.7,1.7,8.4,47.1,0.0,0.3,29.6
2023-04-04T18:30Z,4,8,0.3,0.0,0.9,1.4,43.7,31.0,0.0,0.4,22.3
2023-04-04T18:30Z,5,190,31.6,0.0,38.5,0.3,7.5,7.2,0.0,0.4,14.5
2023-04-04T18:30Z,6,49,0.3,0.0,9.1,32.2,10.3,16.8,0.0,0.9,30.4
2023-04-04T18:30Z,7,372,0.0,0.0,94.3,0.0,0.0,0.0,0.0,1.1,4.6
2023-04-04T18:30Z,8,154,1.7,0.0,37.4,10.5,6.4,21.6,0.0,1.0,21.4
2023-04-04T18:30Z,9,323,9.0,0.0,79.1,0.1,2.1,2.1,0.0,0.8,6.8
2023-04-04T18:30Z,10,332,3.5,0.0,65.4,0.1,14.9,0.9,0.0,1.4,14.0
2023-04-04T18:30Z,11,369,0.0,0.0,93.6,0.0,0.0,0.0,0.0,5.1,1.3
2023-04-04T18:30Z,12,291,2.4,0.0,72.2,1.3,14.3,3.4,0.0,2.5,4.0
2023-04-04T18:30Z,13,288,2.0,0.0,65.4,1.1,21.1,1.7,0.0,1.6,7.2
2023-04-04T18:30Z,14,241,0.0,0.0,59.3,2.1,34.0,0.5,0.0,1.0,3.0
2023-04-04T18:30Z,15,220,5.7,0.0,49.7,3.0,13.8,12.4,0.0,1.3,14.0
2023-04-04T18:30Z,16,16,0.6,0.0,2.2,6.0,4.1,18.7,0.0,0.1,68.3
2023-04-04T18:30Z,17,215,0.1,0.0,51.3,22.4,8.5,2.4,0.0,0.7,14.7
2023-04-04T18:30Z,18,197,4.7,0.0,44.3,4.7,12.3,12.5,0.0,1.1,20.4
2023-04-04T19:00Z,1,1,0.0,0.0,0.3,13.0,0.0,0.0,0.0,0.0,86.7
2023-04-04T19:00Z,2,16,0.7,0.0,2.6,4.5,3.1,22.2,0.0,0.1,66.8
2023-04-04T19:00Z,3,44,0.3,0.0,10.5,1.7,8.4,45.8,0.0,0.1,33.1
2023-04-04T19:00Z,4,7,0.3,0.0,0.8,1.5,43.5,31.1,0.0,0.1,22.8
2023-04-04T19:00Z,5,190,32.3,0.0,38.2,0.3,7.5,7.3,0.0,0.1,14.4
2023-04-04T19:00Z,6,49,0.3,0.0,8.8,30.2,10.8,17.5,0.0,0.3,32.2
2023-04-04T19:00Z,7,374,0.0,0.0,94.9,0.0,0.0,0.0,0.0,0.4,4.7
2023-04-04T19:00Z,8,148,1.7,0.0,35.6,10.0,6.7,21.9,0.0,0.3,23.8
2023-04-04T19:00Z,9,314,9.9,0.0,76.6,0.1,2.3,2.3,0.0,0.2,8.5
2023-04-04T19:00Z,10,330,4.4,0.0,67.1,0.1,12.5,1.0,0.0,0.4,14.5
2023-04-04T19:00Z,11,382,0.0,0.0,97.0,0.0,0.0,0.0,0.0,1.6,1.3
2023-04-04T19:00Z,12,298,3.0,0.0,74.0,1.5,10.8,3.7,0.0,0.7,6.3
2023-04-04T19:00Z,13,301,2.7,0.0,69.2,1.1,16.2,1.8,0.0,0.4,8.5
2023-04-04T19:00Z,14,270,0.3,0.0,67.2,1.9,26.3,0.6,0.0,0.3,3.4
2023-04-04T19:00Z,15,215,5.7,0.0,48.8,3.0,13.6,12.2,0.0,0.4,16.3
2023-04-04T19:00Z,16,15,0.6,0.0,2.1,6.0,3.8,18.8,0.0,0.1,68.7
2023-04-04T19:00Z,17,214,0.1,0.0,51.5,21.3,7.4,2.5,0.0,0.2,17.0
2023-04-04T19:00Z,18,196,4.8,0.0,43.7,4.5,12.1,12.3,0.0,0.3,22.2
2023-04-04T19:30Z,1,0,0.0,0.0,0.0,12.6,0.0,0.0,0.0,0.0,87.4
2023-04-04T19:30Z,2,16,0.7,0.0,2.4,4.5,3.4,21.7,0.0,0.0,67.3
2023-04-04T19:30Z,3,34,0.3,0.0,8.0,1.7,8.4,45.4,0.0,0.0,36.1
2023-04-04T19:30Z,4,7,0.3,0.0,0.8,1.5,42.5,31.4,0.0,0.0,23.5
2023-04-04T19:30Z,5,177,32.4,0.0,34.9,0.4,8.4,8.1,0.0,0.0,15.9
2023-04-04T19:30Z,6,45,0.3,0.0,8.1,27.2,10.2,17.9,0.0,0.0,36.2
2023-04-04T19:30Z,7,375,0.0,0.0,95.2,0.0,0.0,0.0,0.0,0.0,4.8
2023-04-04T19:30Z,8,137,1.6,0.0,33.1,9.4,6.7,22.3,0.0,0.0,27.0
2023-04-04T19:30Z,9,300,10.6,0.0,72.9,0.1,2.8,2.8,0.0,0.0,10.8
2023-04-04T19:30Z,10,323,5.0,0.0,67.5,0.1,11.0,1.2,0.0,0.0,15.2
2023-04-04T19:30Z,11,387,0.0,0.0,98.3,0.0,0.0,0.3,0.0,0.0,1.4
2023-04-04T19:30Z,12,282,3.1,0.0,69.9,1.8,12.8,4.5,0.0,0.0,7.9
2023-04-04T19:30Z,13,296,3.1,0.0,68.7,1.1,15.5,2.0,0.0,0.0,9.6
2023-04-04T19:30Z,14,278,0.9,0.0,68.4,1.8,23.7,0.7,0.0,0.0,4.5
2023-04-04T19:30Z,15,203,6.0,0.0,46.1,2.8,14.4,12.5,0.0,0.0,18.1
2023-04-04T19:30Z,16,14,0.6,0.0,2.1,5.7,2.9,18.3,0.0,0.0,70.4
2023-04-04T19:30Z,17,216,0.1,0.0,51.9,19.4,7.6,2.8,0.0,0.0,18.3
2023-04-04T19:30Z,18,189,5.0,0.0,41.4,4.2,12.6,12.6,0.0,0.0,24.1
2023-04-04T20:00Z,1,0,0.0,0.0,0.0,12.3,0.0,0.0,0.0,0.0,87.7
2023-04-04T20:00Z,2,16,0.7,0.0,2.3,4.2,4.1,21.6,0.0,0.0,67.0
2023-04-04T20:00Z,3,27,0.3,0.0,6.1,1.7,8.3,44.9,0.0,0.0,38.7
2023-04-04T20:00Z,4,8,0.3,0.0,0.8,1.5,41.4,31.0,0.0,0.0,24.9
2023-04-04T20:00Z,5,165,32.0,0.0,31.7,0.4,9.3,8.8,0.0,0.0,17.7
2023-04-04T20:00Z,6,40,0.3,0.0,7.1,23.1,9.8,19.0,0.0,0.0,40.7
2023-04-04T20:00Z,7,376,0.0,0.0,95.4,0.0,0.0,0.0,0.0,0.0,4.6
2023-04-04T20:00Z,8,131,1.3,0.0,31.7,7.8,6.6,22.7,0.0,0.0,29.9
2023-04-04T20:00Z,9,280,11.8,0.0,67.3,0.2,3.4,3.6,0.0,0.0,13.8
2023-04-04T20:00Z,10,310,5.6,0.0,66.6,0.1,9.4,1.7,0.0,0.0,16.6
2023-04-04T20:00Z,11,384,0.0,0.0,97.4,0.2,0.0,0.7,0.0,0.0,1.7
2023-04-04T20:00Z,12,268,3.5,0.0,66.2,1.8,12.4,5.7,0.0,0.0,10.4
2023-04-04T20:00Z,13,290,3.6,0.0,67.9,1.1,13.3,2.7,0.0,0.0,11.4
2023-04-04T20:00Z,14,289,1.2,0.0,71.1,1.6,19.1,1.1,0.0,0.0,5.8
2023-04-04T20:00Z,15,194,6.1,0.0,44.2,2.5,14.7,13.3,0.0,0.0,19.2
2023-04-04T20:00Z,16,15,0.6,0.0,2.2,5.4,4.1,18.1,0.0,0.0,69.7
2023-04-04T20:00Z,17,215,0.1,0.0,51.3,16.0,8.6,3.3,0.0,0.0,20.7
2023-04-04T20:00Z,18,181,5.1,0.0,39.8,3.7,13.0,13.3,0.0,0.0,25.2
2023-04-04T20:30Z,1,0,0.0,0.0,0.1,11.0,0.0,0.0,0.0,0.0,88.8
2023-04-04T20:30Z,2,15,0.7,0.0,2.4,4.0,3.1,21.9,0.0,0.0,67.9
2023-04-04T20:30Z,3,27,0.3,0.0,6.1,1.6,7.5,43.4,0.0,0.0,41.2
2023-04-04T20:30Z,4,8,0.3,0.0,0.9,1.5,40.6,30.3,0.0,0.0,26.5
2023-04-04T20:30Z,5,148,32.9,0.0,27.4,0.5,9.8,9.9,0.0,0.0,19.5
2023-04-04T20:30Z,6,42,0.3,0.0,7.1,17.6,10.6,20.4,0.0,0.0,44.0
2023-04-04T20:30Z,7,376,0.0,0.0,95.4,0.0,0.0,0.0,0.0,0.0,4.6
2023-04-04T20:30Z,8,122,0.7,0.0,29.4,6.3,6.5,24.8,0.0,0.0,32.2
2023-04-04T20:30Z,9,246,14.7,0.0,58.0,0.2,4.4,4.5,0.0,0.0,18.2
2023-04-04T20:30Z,10,297,6.8,0.0,62.6,0.1,10.1,2.2,0.0,0.0,18.3
2023-04-04T20:30Z,11,342,1.3,0.0,86.0,0.3,4.9,1.2,0.0,0.0,6.4
2023-04-04T20:30Z,12,238,4.1,0.0,58.3,1.7,15.2,7.3,0.0,0.0,13.5
2023-04-04T20:30Z,13,265,4.2,0.0,60.8,1.0,17.3,3.6,0.0,0.0,13.1
2023-04-04T20:30Z,14,252,1.2,0.0,61.4,1.5,28.2,1.5,0.0,0.0,6.1
2023-04-04T20:30Z,15,182,6.4,0.0,41.1,2.1,14.8,14.1,0.0,0.0,21.4
2023-04-04T20:30Z,16,14,0.6,0.0,2.2,5.1,3.4,18.4,0.0,0.0,70.4
2023-04-04T20:30Z,17,216,0.1,0.0,51.5,12.6,8.7,4.0,0.0,0.0,23.2
2023-04-04T20:30Z,18,169,5.3,0.0,37.3,3.1,13.1,14.0,0.0,0.0,27.3
2023-04-04T21:00Z,1,2,0.0,0.0,0.5,9.5,0.0,0.0,0.0,0.0,90.0
2023-04-04T21:00Z,2,16,0.7,0.0,2.5,3.3,3.1,21.7,0.0,0.0,68.6
2023-04-04T21:00Z,3,15,0.3,0.0,3.2,1.4,8.0,43.2,0.0,0.0,43.9
2023-04-04T21:00Z,4,8,0.3,0.0,1.0,1.3,40.1,30.4,0.0,0.0,27.0
2023-04-04T21:00Z,5,137,29.5,0.0,25.5,0.5,11.0,11.3,0.0,0.0,22.2
2023-04-04T21:00Z,6,37,0.4,0.0,6.9,12.1,8.3,21.8,0.0,0.0,50.6
2023-04-04T21:00Z,7,373,0.0,0.0,94.6,0.0,0.0,0.4,0.0,0.0,5.0
2023-04-04T21:00Z,8,106,0.3,0.0,25.9,4.6,6.2,26.3,0.0,0.0,36.8
2023-04-04T21:00Z,9,211,16.4,0.0,48.4,0.3,6.1,5.8,0.0,0.0,23.0
2023-04-04T21:00Z,10,272,8.3,0.0,55.1,0.1,11.5,2.7,0.0,0.0,22.1
2023-04-04T21:00Z,11,345,1.1,0.0,87.0,0.4,3.3,1.7,0.0,0.1,6.5
2023-04-04T21:00Z,12,216,4.6,0.0,52.3,1.4,14.6,8.7,0.0,0.0,18.3
2023-04-04T21:00Z,13,248,5.3,0.0,55.8,0.9,16.5,4.1,0.0,0.0,17.3
2023-04-04T21:00Z,14,250,2.0,0.0,60.3,1.3,25.5,1.6,0.0,0.0,9.3
2023-04-04T21:00Z,15,163,7.0,0.0,35.8,1.7,15.2,15.2,0.0,0.0,25.1
2023-04-04T21:00Z,16,15,0.6,0.0,2.2,4.4,3.5,18.9,0.0,0.0,70.4
2023-04-04T21:00Z,17,213,0.2,0.0,51.9,8.9,5.7,4.7,0.0,0.0,28.6
2023-04-04T21:00Z,18,154,5.8,0.0,32.9,2.5,13.2,15.0,0.0,0.0,30.6
2023-04-04T21:30Z,1,2,0.0,0.0,0.5,8.1,0.0,0.0,0.0,0.0,91.4
2023-04-04T21:30Z,2,15,0.7,0.0,2.5,3.0,2.6,23.0,0.0,0.0,68.2
2023-04-04T21:30Z,3,18,0.3,0.0,4.1,1.2,7.4,44.0,0.0,0.0,43.0
2023-04-04T21:30Z,4,8,0.3,0.0,1.0,1.1,38.9,31.6,0.0,0.0,27.1
2023-04-04T21:30Z,5,126,28.4,0.0,23.1,0.4,11.5,12.3,0.0,0.0,24.3
2023-04-04T21:30Z,6,40,0.4,0.0,7.4,8.2,8.6,22.9,0.0,0.0,52.5
2023-04-04T21:30Z,7,364,0.0,0.0,92.4,0.1,0.0,1.4,0.0,0.0,6.2
2023-04-04T21:30Z,8,78,0.3,0.0,18.6,3.6,6.9,28.6,0.0,0.0,42.0
2023-04-04T21:30Z,9,179,18.0,0.0,39.6,0.3,7.4,7.1,0.0,0.0,27.6
2023-04-04T21:30Z,10,263,8.5,0.0,51.0,0.1,13.2,3.4,0.0,0.0,23.7
2023-04-04T21:30Z,11,343,1.1,0.0,86.6,0.3,3.0,2.2,0.0,0.0,6.8
2023-04-04T21:30Z,12,205,4.9,0.0,49.6,1.2,13.8,10.0,0.0,0.0,20.5
2023-04-04T21:30Z,13,245,5.2,0.0,54.5,0.8,17.1,4.5,0.0,0.0,17.9
2023-04-04T21:30Z,14,258,1.4,0.0,63.0,1.1,25.1,1.6,0.0,0.0,7.8
2023-04-04T21:30Z,15,158,7.2,0.0,34.2,1.3,15.2,16.2,0.0,0.0,25.9
2023-04-04T21:30Z,16,18,0.6,0.0,3.1,3.2,3.2,19.3,0.0,0.0,70.7
2023-04-04T21:30Z,17,203,0.2,0.0,49.2,6.7,5.6,5.7,0.0,0.0,32.5
2023-04-04T21:30Z,18,148,6.0,0.0,31.5,1.8,13.1,15.9,0.0,0.0,31.6
2023-04-04T22:00Z,1,3,0.0,0.0,0.8,6.5,0.0,0.0,0.0,0.0,92.8
2023-04-04T22:00Z,2,16,0.7,0.0,2.7,2.3,2.9,22.7,0.0,0.0,68.7
2023-04-04T22:00Z,3,17,0.3,0.0,3.7,0.9,7.5,43.9,0.0,0.0,43.7
2023-04-04T22:00Z,4,8,0.3,0.0,1.0,0.9,37.9,32.4,0.0,0.0,27.5
2023-04-04T22:00Z,5,128,26.4,0.0,24.2,0.3,10.9,13.0,0.0,0.0,25.1
2023-04-04T22:00Z,6,44,0.4,0.0,8.1,6.6,9.4,23.4,0.0,0.0,52.1
2023-04-04T22:00Z,7,332,0.0,0.0,84.1,0.2,0.6,2.6,0.0,0.0,12.4
2023-04-04T22:00Z,8,33,0.7,0.0,6.5,3.4,8.6,32.1,0.0,0.0,48.7
2023-04-04T22:00Z,9,173,17.6,0.0,38.2,0.2,7.3,8.1,0.0,0.0,28.5
2023-04-04T22:00Z,10,261,7.9,0.0,50.3,0.1,13.8,3.7,0.0,0.0,24.2
2023-04-04T22:00Z,11,332,1.3,0.0,83.5,0.2,3.8,2.8,0.0,0.2,8.1
2023-04-04T22:00Z,12,199,4.9,0.0,47.9,1.0,14.5,10.5,0.0,0.1,21.1
2023-04-04T22:00Z,13,228,4.3,0.0,50.6,0.7,23.6,5.1,0.0,0.0,15.8
2023-04-04T22:00Z,14,218,0.1,0.0,53.3,1.1,40.6,1.6,0.0,0.0,3.3
2023-04-04T22:00Z,15,148,7.2,0.0,31.3,0.9,15.9,17.0,0.0,0.0,27.6
2023-04-04T22:00Z,16,17,0.6,0.0,2.8,1.9,3.3,19.5,0.0,0.0,71.9
2023-04-04T22:00Z,17,156,0.3,0.0,36.8,6.4,7.2,6.8,0.0,0.0,42.6
2023-04-04T22:00Z,18,136,6.0,0.0,28.3,1.4,13.8,16.7,0.0,0.0,33.8
2023-04-04T22:30Z,1,3,0.0,0.0,0.7,6.2,0.0,0.0,0.0,0.0,93.1
2023-04-04T22:30Z,2,16,0.7,0.0,2.7,2.1,2.9,22.5,0.0,0.0,69.1
2023-04-04T22:30Z,3,18,0.3,0.0,3.9,0.9,7.3,43.5,0.0,0.0,44.1
2023-04-04T22:30Z,4,8,0.3,0.0,1.0,0.8,38.0,32.0,0.0,0.0,27.8
2023-04-04T22:30Z,5,119,24.0,0.0,22.6,0.3,11.5,13.9,0.0,0.0,27.7
2023-04-04T22:30Z,6,48,0.4,0.0,9.1,6.7,9.3,23.3,0.0,0.0,51.3
2023-04-04T22:30Z,7,294,0.1,0.0,74.2,0.6,1.6,4.4,0.0,0.0,19.1
2023-04-04T22:30Z,8,33,0.6,0.0,6.7,3.6,8.3,33.5,0.0,0.0,47.5
2023-04-04T22:30Z,9,158,16.5,0.0,34.7,0.2,7.9,9.2,0.0,0.0,31.5
2023-04-04T22:30Z,10,256,7.0,0.0,49.6,0.1,14.3,3.9,0.0,0.0,25.0
2023-04-04T22:30Z,11,329,1.1,0.0,82.9,0.3,4.5,3.1,0.0,0.0,8.0
2023-04-04T22:30Z,12,190,4.3,0.0,45.7,1.0,17.3,11.2,0.0,0.0,20.6
2023-04-04T22:30Z,13,214,3.5,0.0,47.7,0.6,28.2,5.0,0.0,0.0,14.9
2023-04-04T22:30Z,14,198,0.0,0.0,47.8,0.8,47.5,1.3,0.0,0.0,2.6
2023-04-04T22:30Z,15,142,6.5,0.0,30.8,0.7,16.6,18.0,0.0,0.0,27.5
2023-04-04T22:30Z,16,17,0.6,0.0,2.8,1.2,3.3,19.4,0.0,0.0,72.7
2023-04-04T22:30Z,17,156,0.3,0.0,36.7,5.7,7.3,7.6,0.0,0.0,42.4
2023-04-04T22:30Z,18,130,5.3,0.0,27.8,1.1,14.4,17.4,0.0,0.0,33.9
2023-04-04T23:00Z,1,3,0.0,0.0,0.9,6.4,0.0,0.0,0.0,0.0,92.7
2023-04-04T23:00Z,2,16,0.7,0.0,2.7,2.2,2.8,22.5,0.0,0.0,68.9
2023-04-04T23:00Z,3,17,0.3,0.0,3.8,0.9,7.3,43.0,0.0,0.0,44.7
2023-04-04T23:00Z,4,8,0.3,0.0,1.1,0.9,36.8,32.7,0.0,0.0,28.2
2023-04-04T23:00Z,5,117,24.6,0.0,21.9,0.3,11.1,14.0,0.0,0.0,28.1
2023-04-04T23:00Z,6,50,0.4,0.0,9.9,7.1,9.0,22.9,0.0,0.0,50.8
2023-04-04T23:00Z,7,276,0.2,0.0,69.5,0.9,1.9,6.0,0.0,0.0,21.4
2023-04-04T23:00Z,8,35,0.7,0.0,7.1,3.6,8.1,33.5,0.0,0.0,47.0
2023-04-04T23:00Z,9,155,16.9,0.0,34.0,0.2,7.7,9.5,0.0,0.0,31.6
2023-04-04T23:00Z,10,263,6.7,0.0,48.7,0.1,16.4,3.9,0.0,0.0,24.0
2023-04-04T23:00Z,11,318,1.4,0.0,79.8,0.3,5.8,3.5,0.0,0.0,9.1
2023-04-04T23:00Z,12,192,4.3,0.0,46.4,1.0,17.4,11.4,0.0,0.0,19.5
2023-04-04T23:00Z,13,220,3.3,0.0,48.3,0.6,29.5,4.5,0.0,0.0,13.8
2023-04-04T23:00Z,14,203,0.0,0.0,49.2,0.7,47.0,0.6,0.0,0.0,2.4
2023-04-04T23:00Z,15,138,6.6,0.0,29.4,0.7,17.0,18.2,0.0,0.0,28.0
2023-04-04T23:00Z,16,25,0.6,0.0,4.8,1.1,3.4,19.5,0.0,0.0,70.6
2023-04-04T23:00Z,17,139,0.3,0.0,31.8,6.4,8.7,8.3,0.0,0.0,44.6
2023-04-04T23:00Z,18,128,5.4,0.0,26.6,1.2,14.8,17.7,0.0,0.0,34.3
2023-04-04T23:30Z,1,5,0.0,0.0,1.4,6.6,0.0,0.0,0.0,0.0,92.0
2023-04-04T23:30Z,2,16,0.7,0.0,2.9,2.3,2.7,22.8,0.0,0.0,68.6
2023-04-04T23:30Z,3,17,0.3,0.0,3.8,1.0,7.3,43.2,0.0,0.0,44.5
2023-04-04T23:30Z,4,8,0.3,0.0,1.2,0.9,36.8,32.6,0.0,0.0,28.2
2023-04-04T23:30Z,5,114,25.3,0.0,21.0,0.4,10.9,14.2,0.0,0.0,28.2
2023-04-04T23:30Z,6,50,0.4,0.0,10.3,7.5,7.6,22.4,0.0,0.0,51.8
2023-04-04T23:30Z,7,257,0.3,0.0,64.7,1.1,2.2,7.7,0.0,0.0,24.0
2023-04-04T23:30Z,8,36,0.9,0.0,7.5,3.9,7.4,33.5,0.0,0.0,46.9
2023-04-04T23:30Z,9,149,18.0,0.0,32.1,0.3,7.8,9.6,0.0,0.0,32.3
2023-04-04T23:30Z,10,268,6.4,0.0,48.8,0.1,18.0,3.8,0.0,0.0,22.9
2023-04-04T23:30Z,11,316,1.4,0.0,79.3,0.4,6.1,4.0,0.0,0.0,8.6
2023-04-04T23:30Z,12,190,4.4,0.0,45.8,1.1,18.8,11.3,0.0,0.0,18.6
2023-04-04T23:30Z,13,216,2.9,0.0,47.0,0.6,33.4,4.1,0.0,0.0,11.9
2023-04-04T23:30Z,14,195,0.0,0.0,47.0,0.7,50.3,0.1,0.0,0.0,2.0
2023-04-04T23:30Z,15,141,6.7,0.0,29.8,0.7,16.6,18.1,0.0,0.0,28.0
2023-04-04T23:30Z,16,25,0.6,0.0,4.9,1.0,3.1,19.9,0.0,0.0,70.6
2023-04-04T23:30Z,17,138,0.3,0.0,32.6,6.3,6.0,8.6,0.0,0.0,46.2
2023-04-04T23:30Z,18,128,5.6,0.0,27.1,1.2,14.2,17.7,0.0,0.0,34.3
2023-04-05T00:00Z,1,5,0.0,0.0,1.4,6.3,0.0,0.0,0.0,0.0,92.3
2023-04-05T00:00Z,2,16,0.7,0.0,2.9,2.2,2.7,23.2,0.0,0.0,68.2
2023-04-05T00:00Z,3,24,0.3,0.0,5.6,0.9,7.0,42.4,0.0,0.0,43.8
2023-04-05T00:00Z,4,9,0.3,0.0,1.2,0.9,36.7,32.3,0.0,0.0,28.6
2023-04-05T00:00Z,5,113,25.6,0.0,20.7,0.3,11.2,13.7,0.0,0.0,28.5
2023-04-05T00:00Z,6,51,0.4,0.0,10.8,7.0,7.3,22.3,0.0,0.0,52.2
2023-04-05T00:00Z,7,255,0.2,0.0,64.4,1.0,2.0,8.8,0.0,0.0,23.5
2023-04-05T00:00Z,8,38,0.6,0.0,8.3,3.5,7.2,32.8,0.0,0.0,47.5
2023-04-05T00:00Z,9,142,18.7,0.0,30.2,0.2,8.2,9.7,0.0,0.0,32.9
2023-04-05T00:00Z,10,264,7.1,0.0,48.6,0.1,16.9,3.7,0.0,0.0,23.6
2023-04-05T00:00Z,11,296,2.1,0.0,74.1,0.4,7.7,3.9,0.0,0.0,11.8
2023-04-05T00:00Z,12,177,5.1,0.0,42.3,1.0,18.6,10.9,0.0,0.0,22.1
2023-04-05T00:00Z,13,221,3.5,0.0,48.1,0.6,30.7,3.6,0.0,0.0,13.6
2023-04-05T00:00Z,14,208,0.0,0.0,50.4,0.7,46.8,0.0,0.0,0.0,2.0
2023-04-05T00:00Z,15,143,7.0,0.0,29.7,0.7,17.8,17.7,0.0,0.0,27.2
2023-04-05T00:00Z,16,25,0.6,0.0,4.9,0.9,3.2,19.8,0.0,0.0,70.6
2023-04-05T00:00Z,17,143,0.3,0.0,33.9,5.9,6.0,8.7,0.0,0.0,45.1
2023-04-05T00:00Z,18,129,5.8,0.0,27.1,1.1,15.3,17.3,0.0,0.0,33.5
2023-04-05T00:30Z,1,6,0.0,0.0,1.6,5.7,0.0,0.0,0.0,0.0,92.7
2023-04-05T00:30Z,2,15,0.7,0.0,3.1,1.9,1.2,22.3,0.0,0.0,70.7
2023-04-05T00:30Z,3,27,0.3,0.0,6.5,0.8,6.5,42.3,0.0,0.0,43.5
2023-04-05T00:30Z,4,8,0.3,0.0,1.2,0.8,37.8,31.9,0.0,0.0,28.0
2023-04-05T00:30Z,5,122,25.9,0.0,22.9,0.3,10.6,13.3,0.0,0.0,27.0
2023-04-05T00:30Z,6,51,0.4,0.0,11.4,5.9,5.3,22.6,0.0,0.0,54.4
2023-04-05T00:30Z,7,245,0.3,0.0,61.9,0.9,1.9,9.3,0.0,0.0,25.6
2023-04-05T00:30Z,8,42,1.0,0.0,9.6,3.0,6.1,32.6,0.0,0.0,47.7
2023-04-05T00:30Z,9,155,18.5,0.0,33.6,0.2,7.6,9.5,0.0,0.0,30.6
2023-04-05T00:30Z,10,263,7.3,0.0,51.2,0.1,14.5,3.6,0.0,0.0,23.3
2023-04-05T00:30Z,11,289,2.5,0.0,72.0,0.4,9.1,3.8,0.0,0.0,12.3
2023-04-05T00:30Z,12,179,5.3,0.0,42.8,0.9,19.5,10.5,0.0,0.0,21.0
2023-04-05T00:30Z,13,223,3.5,0.0,49.7,0.6,30.0,3.3,0.0,0.0,12.9
2023-04-05T00:30Z,14,212,0.0,0.0,51.6,0.7,45.9,0.0,0.0,0.0,1.8
2023-04-05T00:30Z,15,149,6.9,0.0,30.5,0.5,18.1,17.6,0.0,0.0,26.3
2023-04-05T00:30Z,16,24,0.6,0.0,4.7,1.0,3.2,18.9,0.0,0.0,71.5
2023-04-05T00:30Z,17,146,0.3,0.0,35.2,4.4,4.9,8.9,0.0,0.0,46.3
2023-04-05T00:30Z,18,131,5.7,0.0,27.7,0.8,15.4,17.2,0.0,0.0,33.1
2023-04-05T01:00Z,1,7,0.0,0.0,1.7,5.3,0.0,0.0,0.0,0.0,93.0
2023-04-05T01:00Z,2,16,0.7,0.0,3.1,1.9,1.5,23.0,0.0,0.0,69.7
2023-04-05T01:00Z,3,26,0.3,0.0,6.1,0.7,6.5,42.2,0.0,0.0,44.1
2023-04-05T01:00Z,4,8,0.3,0.0,1.2,0.7,37.0,32.2,0.0,0.0,28.4
2023-04-05T01:00Z,5,122,26.9,0.0,22.4,0.3,10.3,13.3,0.0,0.0,26.8
2023-04-05T01:00Z,6,49,0.4,0.0,10.9,5.0,5.4,23.1,0.0,0.0,55.2
2023-04-05T01:00Z,7,248,0.3,0.0,62.6,0.7,1.8,9.5,0.0,0.0,25.0
2023-04-05T01:00Z,8,40,1.1,0.0,9.1,2.5,6.1,32.9,0.0,0.0,48.2
2023-04-05T01:00Z,9,152,19.6,0.0,32.4,0.2,7.5,9.6,0.0,0.0,30.8
2023-04-05T01:00Z,10,275,6.8,0.0,49.8,0.1,18.4,3.5,0.0,0.0,21.3
2023-04-05T01:00Z,11,306,2.0,0.0,76.5,0.3,7.6,3.7,0.0,0.0,9.8
2023-04-05T01:00Z,12,190,5.0,0.0,45.7,0.7,19.2,10.9,0.0,0.0,18.5
2023-04-05T01:00Z,13,231,2.8,0.0,51.3,0.5,31.8,3.3,0.0,0.0,10.2
2023-04-05T01:00Z,14,223,0.0,0.0,54.4,0.7,43.3,0.0,0.0,0.0,1.6
2023-04-05T01:00Z,15,152,6.8,0.0,31.2,0.4,17.8,17.6,0.0,0.0,26.3
2023-04-05T01:00Z,16,25,0.6,0.0,5.0,0.9,2.9,19.5,0.0,0.0,71.1
2023-04-05T01:00Z,17,150,0.3,0.0,36.2,3.1,4.3,9.2,0.0,0.0,47.0
2023-04-05T01:00Z,18,135,5.6,0.0,28.5,0.6,15.1,17.2,0.0,0.0,32.9
2023-04-05T01:30Z,1,9,0.0,0.0,2.3,5.0,0.0,0.0,0.0,0.0,92.8
2023-04-05T01:30Z,2,16,0.7,0.0,3.3,1.7,1.5,22.9,0.0,0.0,69.9
2023-04-05T01:30Z,3,24,0.3,0.0,5.6,0.7,5.9,42.7,0.0,0.0,44.7
2023-04-05T01:30Z,4,8,0.3,0.0,1.4,0.7,34.8,33.0,0.0,0.0,29.8
2023-04-05T01:30Z,5,117,27.6,0.0,21.0,0.3,10.0,13.3,0.0,0.0,27.9
2023-04-05T01:30Z,6,46,0.4,0.0,10.4,3.8,4.8,23.7,0.0,0.0,56.9
2023-04-05T01:30Z,7,258,0.3,0.0,65.4,0.5,1.4,9.7,0.0,0.0,22.8
2023-04-05T01:30Z,8,38,1.0,0.0,8.7,2.0,5.5,33.2,0.0,0.0,49.5
2023-04-05T01:30Z,9,159,19.1,0.0,34.3,0.2,6.9,9.4,0.0,0.0,30.1
2023-04-05T01:30Z,10,280,6.9,0.0,51.3,0.1,17.5,3.5,0.0,0.0,20.7
2023-04-05T01:30Z,11,331,1.2,0.0,83.5,0.2,4.3,3.7,0.0,0.0,7.1
2023-04-05T01:30Z,12,190,5.1,0.0,45.8,0.6,18.0,10.8,0.0,0.0,19.7
2023-04-05T01:30Z,13,243,3.1,0.0,54.2,0.5,27.9,3.2,0.0,0.0,11.1
2023-04-05T01:30Z,14,242,0.0,0.0,59.5,0.7,38.3,0.0,0.0,0.0,1.6
2023-04-05T01:30Z,15,154,7.0,0.0,31.7,0.3,17.1,17.5,0.0,0.0,26.5
2023-04-05T01:30Z,16,25,0.6,0.0,5.0,0.7,3.2,19.7,0.0,0.0,70.8
2023-04-05T01:30Z,17,157,0.3,0.0,38.2,1.9,4.1,9.3,0.0,0.0,46.2
2023-04-05T01:30Z,18,138,5.8,0.0,29.0,0.4,14.6,17.2,0.0,0.0,33.1
2023-04-05T02:00Z,1,12,0.0,0.0,2.9,4.8,0.0,0.0,0.0,0.0,92.2
2023-04-05T02:00Z,2,17,0.7,0.0,3.4,1.7,1.9,23.3,0.0,0.0,69.0
2023-04-05T02:00Z,3,22,0.3,0.0,5.1,0.7,5.8,42.5,0.0,0.0,45.5
2023-04-05T02:00Z,4,9,0.3,0.0,1.5,0.7,33.4,33.4,0.0,0.0,30.7
2023-04-05T02:00Z,5,117,30.4,0.0,20.2,0.3,9.3,13.0,0.0,0.0,26.8
2023-04-05T02:00Z,6,45,0.4,0.0,10.0,3.3,4.9,24.5,0.0,0.0,56.9
2023-04-05T02:00Z,7,254,0.3,0.0,64.3,0.5,1.4,9.9,0.0,0.0,23.6
2023-04-05T02:00Z,8,36,1.0,0.0,8.0,1.8,5.5,33.6,0.0,0.0,50.1
2023-04-05T02:00Z,9,157,21.7,0.0,33.0,0.2,6.6,9.4,0.0,0.0,29.1
2023-04-05T02:00Z,10,272,8.7,0.0,50.1,0.1,16.3,3.5,0.0,0.0,21.3
2023-04-05T02:00Z,11,329,1.6,0.0,82.8,0.1,4.1,3.4,0.0,0.1,7.9
2023-04-05T02:00Z,12,187,6.2,0.0,44.7,0.5,16.4,10.8,0.0,0.0,21.4
2023-04-05T02:00Z,13,247,3.9,0.0,55.6,0.4,25.4,3.0,0.0,0.0,11.7
2023-04-05T02:00Z,14,256,0.0,0.0,63.2,0.6,34.5,0.0,0.0,0.0,1.7
2023-04-05T02:00Z,15,156,7.5,0.0,31.7,0.2,16.7,17.7,0.0,0.0,26.3
2023-04-05T02:00Z,16,25,0.6,0.0,5.0,0.4,3.0,19.9,0.0,0.0,71.1
2023-04-05T02:00Z,17,159,0.3,0.0,39.3,1.4,2.6,9.2,0.0,0.0,47.2
2023-04-05T02:00Z,18,138,6.2,0.0,29.1,0.3,14.1,17.3,0.0,0.0,33.0
2023-04-05T02:30Z,1,26,0.0,0.0,6.6,4.3,0.0,0.0,0.0,0.0,89.1
2023-04-05T02:30Z,2,22,0.7,0.0,4.7,1.5,1.9,22.9,0.0,0.0,68.3
2023-04-05T02:30Z,3,23,0.3,0.0,5.3,0.6,5.7,42.5,0.0,0.0,45.6
2023-04-05T02:30Z,4,11,0.3,0.0,2.1,0.6,32.9,33.4,0.0,0.0,30.7
2023-04-05T02:30Z,5,129,29.6,0.0,23.4,0.2,8.7,13.0,0.0,0.0,25.2
2023-04-05T02:30Z,6,49,0.4,0.0,11.1,2.6,5.0,24.6,0.0,0.0,56.3
2023-04-05T02:30Z,7,241,0.4,0.0,60.7,0.4,1.8,10.3,0.0,0.0,26.3
2023-04-05T02:30Z,8,41,1.3,0.0,9.2,1.4,5.4,33.6,0.0,0.0,49.1
2023-04-05T02:30Z,9,169,21.0,0.0,36.4,0.2,6.1,9.2,0.0,0.0,27.2
2023-04-05T02:30Z,10,283,7.7,0.0,52.6,0.1,17.1,3.6,0.0,0.0,19.0
2023-04-05T02:30Z,11,326,1.7,0.0,82.0,0.1,5.0,3.1,0.0,0.0,8.0
2023-04-05T02:30Z,12,194,5.9,0.0,46.6,0.5,16.9,11.0,0.0,0.0,19.1
2023-04-05T02:30Z,13,242,3.3,0.0,54.1,0.4,29.2,3.1,0.0,0.0,9.9
2023-04-05T02:30Z,14,235,0.0,0.0,57.6,0.6,40.1,0.0,0.0,0.0,1.7
2023-04-05T02:30Z,15,156,7.7,0.0,31.0,0.1,17.4,17.8,0.0,0.0,26.0
2023-04-05T02:30Z,16,27,0.6,0.0,5.4,0.1,3.0,19.6,0.0,0.0,71.2
2023-04-05T02:30Z,17,159,0.3,0.0,39.3,1.1,2.6,9.3,0.0,0.0,47.4
2023-04-05T02:30Z,18,140,6.3,0.0,28.5,0.2,14.7,17.4,0.0,0.0,32.9
2023-04-05T03:00Z,1,27,0.0,0.0,6.8,4.0,0.0,0.0,0.0,0.0,89.2
2023-04-05T03:00Z,2,23,0.7,0.0,4.8,1.4,1.9,23.1,0.0,0.0,68.1
2023-04-05T03:00Z,3,24,0.3,0.0,5.7,0.5,5.9,42.2,0.0,0.0,45.3
2023-04-05T03:00Z,4,11,0.3,0.0,2.0,0.6,34.2,33.4,0.0,0.0,29.5
2023-04-05T03:00Z,5,123,30.5,0.0,21.8,0.2,9.3,13.3,0.0,0.0,24.9
2023-04-05T03:00Z,6,48,0.4,0.0,10.9,2.3,5.1,24.5,0.0,0.0,56.8
2023-04-05T03:00Z,7,239,0.4,0.0,60.2,0.4,1.8,10.4,0.0,0.1,26.7
2023-04-05T03:00Z,8,40,1.2,0.0,9.0,1.3,5.6,33.6,0.0,0.0,49.4
2023-04-05T03:00Z,9,165,22.0,0.0,35.0,0.1,6.7,9.3,0.0,0.0,26.8
2023-04-05T03:00Z,10,281,8.2,0.0,50.8,0.1,18.4,3.6,0.0,0.0,18.9
2023-04-05T03:00Z,11,325,1.9,0.0,81.7,0.1,4.4,3.1,0.0,0.0,8.7
2023-04-05T03:00Z,12,197,6.3,0.0,47.3,0.4,14.5,11.1,0.0,0.0,20.4
2023-04-05T03:00Z,13,241,3.5,0.0,53.3,0.4,29.8,3.2,0.0,0.1,9.8
2023-04-05T03:00Z,14,232,0.0,0.0,56.9,0.6,40.8,0.0,0.0,0.1,1.6
2023-04-05T03:00Z,15,156,7.5,0.0,30.9,0.1,17.9,17.9,0.0,0.0,25.7
2023-04-05T03:00Z,16,28,0.6,0.0,5.8,0.1,3.1,19.9,0.0,0.0,70.4
2023-04-05T03:00Z,17,158,0.3,0.0,39.2,1.0,2.2,9.4,0.0,0.0,47.9
2023-04-05T03:00Z,18,139,6.2,0.0,28.5,0.2,15.0,17.5,0.0,0.0,32.6
2023-04-05T03:30Z,1,28,0.0,0.0,7.0,3.6,0.0,0.0,0.0,0.0,89.4
2023-04-05T03:30Z,2,23,0.7,0.0,4.9,1.3,1.7,23.2,0.0,0.0,68.2
2023-04-05T03:30Z,3,22,0.3,0.0,5.2,0.5,5.9,42.1,0.0,0.0,46.1
2023-04-05T03:30Z,4,11,0.3,0.0,2.0,0.5,34.9,33.0,0.0,0.0,29.2
2023-04-05T03:30Z,5,122,31.1,0.0,21.2,0.2,9.7,13.0,0.0,0.0,24.8
2023-04-05T03:30Z,6,46,0.4,0.0,10.3,2.0,5.3,24.2,0.0,0.0,57.9
2023-04-05T03:30Z,7,233,0.4,0.0,58.9,0.4,2.0,9.9,0.0,0.0,28.5
2023-04-05T03:30Z,8,37,1.1,0.0,8.4,1.1,5.6,33.8,0.0,0.0,50.0
2023-04-05T03:30Z,9,169,22.0,0.0,36.0,0.1,6.9,9.1,0.0,0.0,25.9
2023-04-05T03:30Z,10,281,8.8,0.0,51.1,0.1,17.7,3.4,0.0,0.0,18.9
2023-04-05T03:30Z,11,330,1.7,0.0,83.0,0.1,4.0,3.1,0.0,0.0,8.1
2023-04-05T03:30Z,12,192,6.5,0.0,46.0,0.4,14.9,11.1,0.0,0.0,21.1
2023-04-05T03:30Z,13,247,3.9,0.0,54.9,0.4,27.1,3.0,0.0,0.0,10.7
2023-04-05T03:30Z,14,246,0.0,0.0,60.4,0.5,37.2,0.0,0.0,0.0,1.8
2023-04-05T03:30Z,15,157,7.6,0.0,31.1,0.1,18.1,17.6,0.0,0.0,25.5
2023-04-05T03:30Z,16,23,0.7,0.0,4.5,0.0,3.2,20.5,0.0,0.0,71.1
2023-04-05T03:30Z,17,156,0.3,0.0,38.8,0.9,1.7,9.2,0.0,0.0,49.1
2023-04-05T03:30Z,18,139,6.3,0.0,28.6,0.1,15.2,17.3,0.0,0.0,32.5
2023-04-05T04:00Z,1,29,0.0,0.0,7.3,3.7,0.0,0.0,0.0,0.0,89.0
2023-04-05T04:00Z,2,23,0.7,0.0,5.0,1.3,1.8,23.0,0.0,0.0,68.1
2023-04-05T04:00Z,3,23,0.3,0.0,5.5,0.5,6.0,42.1,0.0,0.0,45.7
2023-04-05T04:00Z,4,11,0.3,0.0,2.0,0.5,35.8,33.3,0.0,0.0,28.1
2023-04-05T04:00Z,5,133,31.5,0.0,24.0,0.2,9.4,12.3,0.0,0.0,22.7
2023-04-05T04:00Z,6,48,0.4,0.0,10.3,1.9,6.0,24.3,0.0,0.0,57.2
2023-04-05T04:00Z,7,244,0.4,0.0,61.5,0.3,2.0,8.3,0.0,0.0,27.5
2023-04-05T04:00Z,8,39,1.1,0.0,8.7,1.0,6.0,33.5,0.0,0.0,49.6
2023-04-05T04:00Z,9,179,22.3,0.0,38.5,0.1,6.6,8.6,0.0,0.0,23.8
2023-04-05T04:00Z,10,287,8.8,0.0,53.4,0.1,16.9,3.4,0.0,0.0,17.4
2023-04-05T04:00Z,11,335,1.5,0.0,84.5,0.1,3.8,3.1,0.0,0.0,7.1
2023-04-05T04:00Z,12,197,6.4,0.0,47.1,0.3,16.0,10.6,0.0,0.0,19.5
2023-04-05T04:00Z,13,253,4.0,0.0,56.5,0.3,26.2,2.9,0.0,0.0,10.0
2023-04-05T04:00Z,14,251,0.0,0.0,61.9,0.5,35.8,0.0,0.0,0.0,1.8
2023-04-05T04:00Z,15,164,7.7,0.0,32.8,0.2,18.1,17.2,0.0,0.0,24.1
2023-04-05T04:00Z,16,24,0.6,0.0,4.6,0.5,3.2,19.8,0.0,0.0,71.2
2023-04-05T04:00Z,17,154,0.3,0.0,38.5,1.1,1.5,9.1,0.0,0.0,49.6
2023-04-05T04:00Z,18,144,6.3,0.0,29.9,0.3,15.2,16.9,0.0,0.0,31.4
2023-04-05T04:30Z,1,46,0.0,0.0,11.6,4.2,0.0,0.0,0.0,0.0,84.1
2023-04-05T04:30Z,2,29,0.7,0.0,6.6,1.5,1.6,23.1,0.0,0.0,66.5
2023-04-05T04:30Z,3,26,0.3,0.0,6.2,0.6,6.2,41.9,0.0,0.0,44.8
2023-04-05T04:30Z,4,13,0.3,0.0,2.4,0.6,37.7,32.8,0.0,0.0,26.2
2023-04-05T04:30Z,5,135,33.5,0.0,24.0,0.2,9.4,12.1,0.0,0.0,20.8
2023-04-05T04:30Z,6,50,0.4,0.0,11.1,1.9,5.9,24.2,0.0,0.0,56.7
2023-04-05T04:30Z,7,303,0.2,0.0,76.8,0.2,0.8,6.0,0.0,0.0,16.0
2023-04-05T04:30Z,8,44,1.4,0.0,9.9,1.1,6.1,32.5,0.0,0.0,49.0
2023-04-05T04:30Z,9,193,22.6,0.0,42.0,0.1,6.4,8.0,0.0,0.0,20.9
2023-04-05T04:30Z,10,306,8.0,0.0,53.7,0.1,20.6,3.2,0.0,0.0,14.4
2023-04-05T04:30Z,11,323,2.0,0.0,81.0,0.1,5.8,3.1,0.0,0.0,7.9
2023-04-05T04:30Z,12,196,6.4,0.0,46.7,0.4,18.0,11.0,0.0,0.0,17.5
2023-04-05T04:30Z,13,247,3.6,0.0,53.2,0.4,31.1,3.2,0.0,0.0,8.5
2023-04-05T04:30Z,14,227,0.0,0.0,55.5,0.6,42.2,0.0,0.0,0.0,1.8
2023-04-05T04:30Z,15,165,8.0,0.0,33.1,0.4,18.3,16.7,0.0,0.0,23.6
2023-04-05T04:30Z,16,34,0.6,0.0,7.2,1.6,3.2,19.4,0.0,0.0,68.0
2023-04-05T04:30Z,17,183,0.3,0.0,45.8,1.3,1.7,8.1,0.0,0.0,42.8
2023-04-05T04:30Z,18,150,6.6,0.0,30.9,0.6,15.3,16.4,0.0,0.0,30.3
2023-04-05T05:00Z,1,53,0.0,0.0,13.4,5.3,0.0,0.0,0.0,0.0,81.3
2023-04-05T05:00Z,2,33,0.7,0.0,7.3,1.9,2.0,23.1,0.0,0.0,64.9
2023-04-05T05:00Z,3,25,0.3,0.0,5.9,0.7,6.2,40.6,0.0,0.0,46.4
2023-04-05T05:00Z,4,15,0.3,0.0,2.9,0.7,36.6,32.5,0.0,0.0,26.9
2023-04-05T05:00Z,5,143,32.5,0.0,26.1,0.2,9.2,11.3,0.0,0.0,20.6
2023-04-05T05:00Z,6,56,0.4,0.0,12.7,2.0,5.6,23.8,0.0,0.0,55.5
2023-04-05T05:00Z,7,343,0.0,0.0,87.0,0.0,0.0,4.1,0.0,0.0,8.9
2023-04-05T05:00Z,8,54,0.8,0.0,12.7,1.1,5.8,30.4,0.0,0.0,49.2
2023-04-05T05:00Z,9,200,22.0,0.0,43.9,0.1,6.2,7.4,0.0,0.1,20.4
2023-04-05T05:00Z,10,315,8.3,0.0,52.8,0.1,21.9,2.7,0.0,0.3,13.9
2023-04-05T05:00Z,11,332,1.7,0.0,83.5,0.1,4.6,2.7,0.0,0.0,7.4
2023-04-05T05:00Z,12,201,6.1,0.0,48.1,0.4,16.7,9.8,0.0,0.1,18.7
2023-04-05T05:00Z,13,265,4.3,0.0,56.4,0.4,25.6,3.1,0.0,0.2,10.0
2023-04-05T05:00Z,14,258,0.0,0.0,63.8,0.8,33.4,0.0,0.0,0.1,2.0
2023-04-05T05:00Z,15,178,8.0,0.0,36.5,0.5,16.5,15.5,0.0,0.1,22.9
2023-04-05T05:00Z,16,39,0.6,0.0,8.3,2.7,3.5,19.4,0.0,0.0,65.4
2023-04-05T05:00Z,17,203,0.2,0.0,50.9,1.5,1.6,7.2,0.0,0.0,38.6
2023-04-05T05:00Z,18,162,6.6,0.0,34.2,0.9,14.0,15.4,0.0,0.1,28.9
2023-04-05T05:30Z,1,56,0.0,0.0,14.1,7.0,0.0,0.0,0.0,0.0,79.0
2023-04-05T05:30Z,2,33,0.7,0.0,7.6,2.6,1.7,22.8,0.0,0.0,64.7
2023-04-05T05:30Z,3,27,0.2,0.0,6.4,0.9,5.6,41.3,0.0,0.0,45.4
2023-04-05T05:30Z,4,15,0.3,0.0,2.9,1.0,37.5,31.8,0.0,0.1,26.4
2023-04-05T05:30Z,5,155,32.1,0.0,29.3,0.3,8.5,10.3,0.0,0.1,19.4
2023-04-05T05:30Z,6,60,0.3,0.0,13.7,2.0,5.6,23.1,0.0,0.1,55.2
2023-04-05T05:30Z,7,354,0.0,0.0,89.8,0.0,0.0,2.6,0.0,0.1,7.5
2023-04-05T05:30Z,8,89,0.9,0.0,21.5,1.2,4.8,29.2,0.0,0.1,42.3
2023-04-05T05:30Z,9,239,17.4,0.0,55.3,0.2,4.6,6.3,0.0,0.3,15.9
2023-04-05T05:30Z,10,332,6.7,0.0,58.9,0.1,19.8,2.2,0.0,1.1,11.2
2023-04-05T05:30Z,11,329,1.9,0.0,82.6,0.1,4.3,2.1,0.0,1.0,8.0
2023-04-05T05:30Z,12,240,5.0,0.0,58.7,0.3,11.7,8.0,0.0,0.6,15.6
2023-04-05T05:30Z,13,284,4.0,0.0,60.7,0.5,21.8,2.7,0.0,0.9,9.3
2023-04-05T05:30Z,14,259,0.0,0.0,64.1,1.2,31.5,0.0,0.0,1.0,2.2
2023-04-05T05:30Z,15,198,7.2,0.0,41.6,0.7,15.7,14.0,0.0,0.4,20.4
2023-04-05T05:30Z,16,41,0.6,0.0,9.1,3.9,2.8,19.2,0.0,0.0,64.3
2023-04-05T05:30Z,17,229,0.2,0.0,57.7,1.7,0.9,6.9,0.0,0.1,32.6
2023-04-05T05:30Z,18,180,6.0,0.0,38.9,1.1,13.3,14.2,0.0,0.4,26.1
2023-04-05T06:00Z,1,68,0.0,0.0,17.3,8.3,0.0,0.0,0.0,0.0,74.4
2023-04-05T06:00Z,2,39,0.7,0.0,8.9,3.0,2.1,21.9,0.0,0.1,63.4
2023-04-05T06:00Z,3,35,0.2,0.0,8.5,1.0,5.4,41.7,0.0,0.1,43.1
2023-04-05T06:00Z,4,16,0.3,0.0,3.3,1.1,39.1,31.0,0.0,0.3,25.0
2023-04-05T06:00Z,5,156,34.3,0.0,29.0,0.3,8.1,9.6,0.0,0.3,18.4
2023-04-05T06:00Z,6,65,0.3,0.0,14.6,1.9,6.1,22.9,0.0,0.4,53.7
2023-04-05T06:00Z,7,365,0.0,0.0,92.7,0.0,0.0,0.7,0.0,0.3,6.3
2023-04-05T06:00Z,8,117,0.9,0.0,28.7,1.0,4.5,26.1,0.0,0.5,38.3
2023-04-05T06:00Z,9,239,18.8,0.0,54.8,0.2,4.4,5.4,0.0,0.9,15.5
2023-04-05T06:00Z,10,325,6.9,0.0,59.4,0.1,18.2,2.0,0.0,2.8,10.6
2023-04-05T06:00Z,11,351,0.7,0.0,88.7,0.1,2.1,1.5,0.0,3.2,3.8
2023-04-05T06:00Z,12,259,4.2,0.0,63.9,0.3,12.5,6.7,0.0,1.9,10.7
2023-04-05T06:00Z,13,278,3.6,0.0,61.6,0.6,21.6,2.3,0.0,2.5,7.7
2023-04-05T06:00Z,14,247,0.0,0.0,60.9,1.4,32.9,0.0,0.0,2.7,2.0
2023-04-05T06:00Z,15,203,7.2,0.0,43.4,0.7,15.2,13.5,0.0,1.2,18.7
2023-04-05T06:00Z,16,42,0.6,0.0,9.3,4.7,3.0,18.3,0.0,0.0,64.2
2023-04-05T06:00Z,17,241,0.2,0.0,60.9,1.5,0.8,5.8,0.0,0.3,30.5
2023-04-05T06:00Z,18,185,6.0,0.0,40.5,1.2,12.9,13.6,0.0,1.0,24.8
2023-04-05T06:30Z,1,66,0.0,0.0,16.8,8.5,0.0,0.0,0.0,0.0,74.7
2023-04-05T06:30Z,2,38,0.6,0.0,8.3,3.2,2.6,22.1,0.0,0.1,62.9
2023-04-05T06:30Z,3,46,0.2,0.0,11.3,0.9,5.6,40.8,0.0,0.1,41.1
2023-04-05T06:30Z,4,14,0.2,0.0,2.7,1.1,41.7,31.5,0.0,0.4,22.4
2023-04-05T06:30Z,5,160,35.8,0.0,29.5,0.3,8.0,8.8,0.0,0.5,17.2
2023-04-05T06:30Z,6,69,0.3,0.0,15.9,1.6,5.8,22.7,0.0,0.8,53.0
2023-04-05T06:30Z,7,367,0.0,0.0,93.2,0.0,0.0,0.0,0.0,0.6,6.1
2023-04-05T06:30Z,8,137,1.4,0.0,33.8,0.8,4.3,24.4,0.0,0.9,34.4
2023-04-05T06:30Z,9,264,15.9,0.0,62.1,0.1,3.6,4.5,0.0,1.4,12.4
2023-04-05T06:30Z,10,324,6.2,0.0,58.0,0.1,19.4,1.6,0.0,5.1,9.6
2023-04-05T06:30Z,11,356,0.1,0.0,90.2,0.0,0.4,1.0,0.0,6.2,2.1
2023-04-05T06:30Z,12,263,3.8,0.0,64.8,0.2,14.1,5.1,0.0,3.7,8.4
2023-04-05T06:30Z,13,270,3.1,0.0,59.5,0.6,24.2,1.9,0.0,4.3,6.3
2023-04-05T06:30Z,14,228,0.0,0.0,56.1,1.3,36.6,0.0,0.0,4.3,1.7
2023-04-05T06:30Z,15,198,7.4,0.0,42.2,0.7,16.1,13.0,0.0,2.4,18.2
2023-04-05T06:30Z,16,42,0.5,0.0,9.5,4.9,2.6,18.3,0.0,0.1,64.0
2023-04-05T06:30Z,17,246,0.1,0.0,62.2,1.5,0.7,5.4,0.0,0.5,29.6
2023-04-05T06:30Z,18,186,6.1,0.0,39.5,1.3,13.6,13.2,0.0,2.0,24.3
2023-04-05T07:00Z,1,90,0.0,0.0,22.7,8.6,0.0,0.0,0.0,0.0,68.7
2023-04-05T07:00Z,2,46,0.6,0.0,10.6,3.1,2.4,22.6,0.0,0.2,60.5
2023-04-05T07:00Z,3,61,0.2,0.0,15.2,0.8,5.3,39.7,0.0,0.2,38.7
2023-04-05T07:00Z,4,16,0.2,0.0,3.2,0.9,43.0,31.4,0.0,0.7,20.6
2023-04-05T07:00Z,5,169,36.6,0.0,31.5,0.2,7.1,7.8,0.0,0.8,16.0
2023-04-05T07:00Z,6,78,0.3,0.0,18.2,1.4,5.5,22.9,0.0,1.3,50.4
2023-04-05T07:00Z,7,366,0.0,0.0,92.9,0.0,0.0,0.0,0.0,1.2,6.0
2023-04-05T07:00Z,8,157,1.9,0.0,38.7,0.7,3.8,22.8,0.0,1.6,30.5
2023-04-05T07:00Z,9,290,12.3,0.0,69.9,0.1,2.4,3.5,0.0,2.0,9.8
2023-04-05T07:00Z,10,327,4.4,0.0,56.7,0.1,22.0,1.3,0.0,7.6,8.0
2023-04-05T07:00Z,11,346,0.0,0.0,87.8,0.0,0.0,0.6,0.0,9.6,2.0
2023-04-05T07:00Z,12,258,2.5,0.0,63.8,0.1,19.7,3.9,0.0,6.1,3.9
2023-04-05T07:00Z,13,246,1.8,0.0,54.6,0.6,31.2,1.6,0.0,6.3,3.8
2023-04-05T07:00Z,14,196,0.0,0.0,47.5,1.3,44.0,0.0,0.0,5.7,1.5
2023-04-05T07:00Z,15,194,7.2,0.0,40.7,0.7,17.5,12.8,0.0,3.7,17.4
2023-04-05T07:00Z,16,56,0.5,0.0,13.0,4.8,2.6,18.7,0.0,0.1,60.3
2023-04-05T07:00Z,17,253,0.1,0.0,63.8,1.3,0.7,5.0,0.0,0.9,28.2
2023-04-05T07:00Z,18,187,6.0,0.0,38.8,1.2,14.7,13.1,0.0,3.1,23.1
2023-04-05T07:30Z,1,95,0.0,0.0,24.2,8.1,0.0,0.0,0.0,0.0,67.7
2023-04-05T07:30Z,2,48,0.6,0.0,10.9,2.9,2.5,22.9,0.0,0.2,59.9
2023-04-05T07:30Z,3,62,0.1,0.0,15.5,0.7,5.3,40.0,0.0,0.3,38.1
2023-04-05T07:30Z,4,15,0.2,0.0,3.0,0.8,44.2,31.8,0.0,1.0,19.0
2023-04-05T07:30Z,5,170,39.2,0.0,31.1,0.1,6.3,7.0,0.0,1.1,15.1
2023-04-05T07:30Z,6,78,0.2,0.0,18.5,1.5,5.2,23.1,0.0,2.0,49.5
2023-04-05T07:30Z,7,363,0.0,0.0,92.2,0.0,0.0,0.0,0.0,1.7,6.1
2023-04-05T07:30Z,8,166,2.3,0.0,41.0,0.6,4.0,21.4,0.0,2.4,28.3
2023-04-05T07:30Z,9,294,12.2,0.0,70.9,0.0,2.0,2.8,0.0,2.7,9.3
2023-04-05T07:30Z,10,326,3.7,0.0,53.4,0.1,24.5,0.9,0.0,10.3,7.1
2023-04-05T07:30Z,11,333,0.0,0.0,84.5,0.0,0.0,0.2,0.0,13.4,1.9
2023-04-05T07:30Z,12,249,1.7,0.0,61.3,0.1,24.5,2.5,0.0,8.6,1.4
2023-04-05T07:30Z,13,234,1.3,0.0,51.5,0.6,34.3,1.1,0.0,8.5,2.6
2023-04-05T07:30Z,14,186,0.0,0.0,44.8,1.2,44.7,0.0,0.0,7.8,1.4
2023-04-05T07:30Z,15,184,7.5,0.0,38.3,0.6,19.2,12.7,0.0,5.2,16.5
2023-04-05T07:30Z,16,59,0.5,0.0,13.9,4.5,2.3,19.2,0.0,0.2,59.5
2023-04-05T07:30Z,17,247,0.1,0.0,62.4,1.2,0.9,4.9,0.0,1.4,29.1
2023-04-05T07:30Z,18,183,6.2,0.0,36.9,1.1,16.0,13.0,0.0,4.3,22.4
2023-04-05T08:00Z,1,86,0.0,0.0,21.9,8.4,0.0,0.0,0.0,0.0,69.7
2023-04-05T08:00Z,2,43,0.4,0.0,9.5,2.8,3.0,24.2,0.0,0.3,59.8
2023-04-05T08:00Z,3,61,0.1,0.0,15.1,0.7,5.4,40.2,0.0,0.4,38.1
2023-04-05T08:00Z,4,13,0.2,0.0,2.4,0.7,45.0,32.3,0.0,1.2,18.2
2023-04-05T08:00Z,5,175,39.4,0.0,32.3,0.1,5.6,6.3,0.0,1.4,14.9
2023-04-05T08:00Z,6,77,0.2,0.0,17.9,1.4,5.6,23.4,0.0,2.5,49.0
2023-04-05T08:00Z,7,363,0.0,0.0,92.3,0.0,0.0,0.0,0.0,2.1,5.6
2023-04-05T08:00Z,8,178,2.3,0.0,44.0,0.5,4.4,20.1,0.0,3.3,25.3
2023-04-05T08:00Z,9,299,11.4,0.0,72.3,0.0,1.6,2.2,0.0,3.4,9.0
2023-04-05T08:00Z,10,325,2.7,0.0,50.8,0.1,26.5,0.7,0.0,12.8,6.5
2023-04-05T08:00Z,11,312,0.0,0.0,79.1,0.0,0.8,0.0,0.0,17.9,2.2
2023-04-05T08:00Z,12,239,1.4,0.0,58.9,0.1,25.9,1.4,0.0,11.1,1.2
2023-04-05T08:00Z,13,226,0.9,0.0,49.1,0.6,35.9,0.7,0.0,10.5,2.4
2023-04-05T08:00Z,14,182,0.0,0.0,43.9,1.1,44.4,0.0,0.0,9.3,1.3
2023-04-05T08:00Z,15,180,7.4,0.0,37.4,0.6,19.0,12.5,0.0,6.7,16.4
2023-04-05T08:00Z,16,54,0.4,0.0,12.7,4.4,2.4,19.3,0.0,0.3,60.6
2023-04-05T08:00Z,17,250,0.1,0.0,63.3,1.2,0.6,4.7,0.0,1.9,28.3
2023-04-05T08:00Z,18,180,6.1,0.0,36.0,1.1,15.9,12.8,0.0,5.6,22.6
2023-04-05T08:30Z,1,72,0.0,0.0,18.4,8.5,0.0,0.0,0.0,0.0,73.2
2023-04-05T08:30Z,2,35,0.2,0.0,7.6,2.7,3.0,25.5,0.0,0.4,60.6
2023-04-05T08:30Z,3,57,0.1,0.0,14.2,0.6,5.5,40.1,0.0,0.5,39.0
2023-04-05T08:30Z,4,11,0.1,0.0,1.8,0.6,45.1,32.6,0.0,1.5,18.2
2023-04-05T08:30Z,5,160,42.5,0.0,27.5,0.1,6.1,5.6,0.0,1.7,16.4
2023-04-05T08:30Z,6,73,0.1,0.0,16.7,1.7,6.6,23.3,0.0,3.1,48.5
2023-04-05T08:30Z,7,361,0.0,0.0,91.6,0.0,0.0,0.0,0.0,2.7,5.7
2023-04-05T08:30Z,8,174,2.3,0.0,43.0,0.5,5.2,19.3,0.0,4.6,25.2
2023-04-05T08:30Z,9,284,13.1,0.0,68.1,0.0,1.9,1.8,0.0,4.7,10.4
2023-04-05T08:30Z,10,314,2.5,0.0,47.5,0.1,27.1,0.4,0.0,15.8,6.5
2023-04-05T08:30Z,11,299,0.0,0.0,75.8,0.0,0.2,0.0,0.0,21.4,2.6
2023-04-05T08:30Z,12,248,0.7,0.0,61.4,0.1,24.0,0.4,0.0,12.7,0.7
2023-04-05T08:30Z,13,217,0.6,0.0,48.2,0.6,36.0,0.2,0.0,12.4,2.0
2023-04-05T08:30Z,14,174,0.0,0.0,41.9,1.0,44.6,0.0,0.0,11.2,1.3
2023-04-05T08:30Z,15,174,7.4,0.0,35.5,0.5,20.0,12.2,0.0,8.0,16.3
2023-04-05T08:30Z,16,49,0.2,0.0,11.5,4.6,2.3,20.0,0.0,0.3,61.1
2023-04-05T08:30Z,17,250,0.0,0.0,63.1,1.2,0.6,4.5,0.0,2.4,28.2
2023-04-05T08:30Z,18,174,6.1,0.0,34.4,1.1,16.6,12.7,0.0,6.7,22.4
2023-04-05T09:00Z,1,55,0.0,0.0,14.0,8.6,0.0,0.0,0.0,0.0,77.3
2023-04-05T09:00Z,2,27,0.0,0.0,6.2,2.5,1.5,26.3,0.0,0.5,62.9
2023-04-05T09:00Z,3,53,0.0,0.0,13.3,0.5,5.5,40.9,0.0,0.6,39.2
2023-04-05T09:00Z,4,7,0.0,0.0,1.1,0.5,47.3,33.3,0.0,1.8,15.9
2023-04-05T09:00Z,5,164,42.5,0.0,28.6,0.1,5.6,5.2,0.0,2.0,16.0
2023-04-05T09:00Z,6,68,0.0,0.0,15.4,1.5,6.4,23.3,0.0,3.8,49.5
2023-04-05T09:00Z,7,359,0.0,0.0,91.0,0.0,0.0,0.0,0.0,3.2,5.8
2023-04-05T09:00Z,8,175,2.3,0.0,43.3,0.4,6.3,18.7,0.0,6.2,22.8
2023-04-05T09:00Z,9,272,14.2,0.0,64.7,0.0,2.1,1.6,0.0,6.2,11.3
2023-04-05T09:00Z,10,303,1.9,0.0,43.4,0.1,28.8,0.3,0.0,19.0,6.4
2023-04-05T09:00Z,11,290,0.0,0.0,73.5,0.0,0.0,0.0,0.0,23.8,2.7
2023-04-05T09:00Z,12,230,0.0,0.0,57.1,0.1,27.2,0.1,0.0,15.4,0.2
2023-04-05T09:00Z,13,199,0.2,0.0,45.1,0.5,38.6,0.1,0.0,13.9,1.6
2023-04-05T09:00Z,14,167,0.0,0.0,40.0,0.8,45.5,0.0,0.0,12.3,1.3
2023-04-05T09:00Z,15,172,7.4,0.0,34.7,0.5,20.1,12.1,0.0,9.3,16.0
2023-04-05T09:00Z,16,37,0.0,0.0,9.0,4.6,1.3,20.9,0.0,0.4,63.8
2023-04-05T09:00Z,17,258,0.0,0.0,65.4,1.0,0.2,4.4,0.0,2.9,26.1
2023-04-05T09:00Z,18,168,6.0,0.0,33.5,1.0,16.6,12.7,0.0,7.8,22.3
2023-04-05T09:30Z,1,58,0.0,0.0,14.6,8.1,0.0,0.0,0.0,0.0,77.3
2023-04-05T09:30Z,2,28,0.0,0.0,6.4,2.3,1.6,27.6,0.0,0.6,61.5
2023-04-05T09:30Z,3,55,0.0,0.0,13.8,0.4,5.2,41.2,0.0,0.7,38.5
2023-04-05T09:30Z,4,7,0.1,0.0,1.1,0.4,47.3,33.6,0.0,2.0,15.5
2023-04-05T09:30Z,5,165,42.6,0.0,28.8,0.1,5.2,4.9,0.0,2.2,16.3
2023-04-05T09:30Z,6,70,0.0,0.0,15.6,1.3,7.4,23.7,0.0,4.3,47.8
2023-04-05T09:30Z,7,358,0.0,0.0,90.8,0.0,0.0,0.0,0.0,3.6,5.6
2023-04-05T09:30Z,8,179,2.2,0.0,44.1,0.3,6.6,17.7,0.0,7.0,22.1
2023-04-05T09:30Z,9,274,13.4,0.0,65.4,0.0,1.9,1.5,0.0,6.9,10.9
2023-04-05T09:30Z,10,296,1.9,0.0,40.8,0.1,29.7,0.2,0.0,20.9,6.5
2023-04-05T09:30Z,11,282,0.0,0.0,71.5,0.0,0.0,0.0,0.0,25.5,3.0
2023-04-05T09:30Z,12,216,0.0,0.0,53.2,0.1,29.3,0.0,0.0,17.2,0.2
2023-04-05T09:30Z,13,189,0.2,0.0,43.1,0.5,39.7,0.0,0.0,15.1,1.4
2023-04-05T09:30Z,14,163,0.0,0.0,39.1,0.8,45.5,0.0,0.0,13.4,1.2
2023-04-05T09:30Z,15,170,6.8,0.0,34.2,0.5,20.5,11.9,0.0,10.4,15.7
2023-04-05T09:30Z,16,37,0.0,0.0,8.9,4.7,1.6,21.4,0.0,0.5,63.0
2023-04-05T09:30Z,17,260,0.0,0.0,65.7,0.9,0.9,4.1,0.0,3.3,25.0
2023-04-05T09:30Z,18,167,5.6,0.0,33.1,1.0,17.0,12.6,0.0,8.7,22.0
2023-04-05T10:00Z,1,47,0.0,0.0,11.9,7.9,0.0,0.0,0.0,0.0,80.2
2023-04-05T10:00Z,2,25,0.1,0.0,5.4,2.1,2.4,28.8,0.0,0.7,60.5
2023-04-05T10:00Z,3,54,0.0,0.0,13.6,0.4,5.1,41.8,0.0,0.8,38.3
2023-04-05T10:00Z,4,7,0.1,0.0,0.9,0.3,47.2,33.9,0.0,2.3,15.3
2023-04-05T10:00Z,5,165,39.1,0.0,30.0,0.0,5.6,4.7,0.0,2.5,18.1
2023-04-05T10:00Z,6,67,0.0,0.0,15.1,0.7,6.4,23.9,0.0,4.9,49.0
2023-04-05T10:00Z,7,356,0.0,0.0,90.2,0.0,0.0,0.0,0.0,4.0,5.8
2023-04-05T10:00Z,8,182,1.8,0.0,45.0,0.2,6.9,16.9,0.0,8.3,20.8
2023-04-05T10:00Z,9,270,11.1,0.0,65.2,0.0,2.6,1.4,0.0,8.7,11.0
2023-04-05T10:00Z,10,290,1.0,0.0,38.6,0.1,30.7,0.2,0.0,23.2,6.3
2023-04-05T10:00Z,11,276,0.0,0.0,70.1,0.0,0.0,0.0,0.0,26.7,3.2
2023-04-05T10:00Z,12,217,0.0,0.0,53.5,0.1,27.8,0.0,0.0,18.4,0.2
2023-04-05T10:00Z,13,179,0.0,0.0,41.9,0.5,40.4,0.0,0.0,15.8,1.4
2023-04-05T10:00Z,14,158,0.0,0.0,37.6,0.7,46.1,0.0,0.0,14.3,1.4
2023-04-05T10:00Z,15,169,5.9,0.0,34.0,0.4,21.0,11.7,0.0,11.3,15.6
2023-04-05T10:00Z,16,32,0.0,0.0,7.5,4.6,1.7,22.0,0.0,0.6,63.5
2023-04-05T10:00Z,17,257,0.0,0.0,65.1,0.8,0.4,3.8,0.0,3.9,26.0
2023-04-05T10:00Z,18,165,4.9,0.0,32.7,0.9,17.4,12.5,0.0,9.6,22.0
2023-04-05T10:30Z,1,51,0.0,0.0,12.8,8.0,0.0,0.0,0.0,0.0,79.2
2023-04-05T10:30Z,2,26,0.1,0.0,5.7,2.0,2.6,29.4,0.0,0.8,59.6
2023-04-05T10:30Z,3,54,0.0,0.0,13.5,0.3,5.2,42.1,0.0,0.9,37.9
2023-04-05T10:30Z,4,6,0.1,0.0,0.8,0.3,47.5,34.2,0.0,2.4,14.7
2023-04-05T10:30Z,5,170,39.7,0.0,30.9,0.0,4.8,4.4,0.0,2.5,17.6
2023-04-05T10:30Z,6,66,0.0,0.0,15.4,0.6,5.4,24.0,0.0,5.2,49.3
2023-04-05T10:30Z,7,354,0.0,0.0,89.8,0.0,0.0,0.0,0.0,4.3,5.8
2023-04-05T10:30Z,8,186,2.0,0.0,46.1,0.2,6.9,16.1,0.0,9.2,19.5
2023-04-05T10:30Z,9,272,11.1,0.0,65.5,0.0,2.3,1.3,0.0,9.4,10.4
2023-04-05T10:30Z,10,287,0.8,0.0,38.4,0.1,30.3,0.1,0.0,24.2,6.1
2023-04-05T10:30Z,11,280,0.0,0.0,71.0,0.0,0.0,0.0,0.0,25.8,3.3
2023-04-05T10:30Z,12,219,0.0,0.0,54.3,0.1,26.0,0.0,0.0,19.3,0.3
2023-04-05T10:30Z,13,179,0.0,0.0,41.9,0.4,39.9,0.0,0.0,16.3,1.5
2023-04-05T10:30Z,14,158,0.0,0.0,37.8,0.6,45.4,0.0,0.0,14.7,1.5
2023-04-05T10:30Z,15,165,6.3,0.0,33.0,0.4,21.5,11.5,0.0,12.0,15.3
2023-04-05T10:30Z,16,31,0.1,0.0,7.0,4.7,2.5,22.6,0.0,0.6,62.5
2023-04-05T10:30Z,17,258,0.0,0.0,65.2,0.9,0.8,3.3,0.0,4.3,25.5
2023-04-05T10:30Z,18,164,5.1,0.0,31.9,1.0,17.9,12.4,0.0,10.1,21.6
2023-04-05T11:00Z,1,37,0.0,0.0,9.4,8.5,0.0,0.0,0.0,0.0,82.1
2023-04-05T11:00Z,2,25,0.1,0.0,4.7,2.0,3.8,30.6,0.0,0.9,57.9
2023-04-05T11:00Z,3,54,0.0,0.0,13.4,0.3,5.2,42.5,0.0,1.0,37.6
2023-04-05T11:00Z,4,6,0.1,0.0,0.7,0.3,46.7,34.6,0.0,2.5,15.1
2023-04-05T11:00Z,5,168,40.2,0.0,30.2,0.0,4.6,4.2,0.0,2.6,18.2
2023-04-05T11:00Z,6,65,0.0,0.0,15.1,0.6,5.6,23.8,0.0,5.5,49.3
2023-04-05T11:00Z,7,355,0.0,0.0,90.0,0.0,0.0,0.0,0.0,4.3,5.7
2023-04-05T11:00Z,8,190,1.9,0.0,47.2,0.2,6.7,15.9,0.0,9.4,18.7
2023-04-05T11:00Z,9,270,11.0,0.0,65.2,0.0,2.2,1.2,0.0,9.9,10.5
2023-04-05T11:00Z,10,283,0.8,0.0,38.2,0.1,29.5,0.1,0.0,24.8,6.4
2023-04-05T11:00Z,11,278,0.0,0.0,70.6,0.0,0.0,0.0,0.0,26.0,3.4
2023-04-05T11:00Z,12,217,0.0,0.0,53.7,0.1,26.0,0.0,0.0,20.0,0.3
2023-04-05T11:00Z,13,180,0.0,0.0,42.0,0.4,38.8,0.0,0.0,17.0,1.7
2023-04-05T11:00Z,14,159,0.0,0.0,38.1,0.5,44.2,0.0,0.0,15.3,1.8
2023-04-05T11:00Z,15,166,6.3,0.0,33.5,0.4,21.1,11.4,0.0,12.2,15.2
2023-04-05T11:00Z,16,28,0.1,0.0,6.0,4.7,3.1,23.3,0.0,0.7,62.2
2023-04-05T11:00Z,17,273,0.0,0.0,69.0,0.8,0.9,3.0,0.0,4.2,22.0
2023-04-05T11:00Z,18,164,5.2,0.0,32.4,0.9,17.7,12.3,0.0,10.3,21.1
2023-04-05T11:30Z,1,36,0.0,0.0,9.1,9.0,0.0,0.0,0.0,0.0,81.8
2023-04-05T11:30Z,2,27,0.2,0.0,4.8,2.1,5.0,30.8,0.0,0.9,56.2
2023-04-05T11:30Z,3,51,0.0,0.0,12.5,0.3,5.8,42.9,0.0,1.0,37.4
2023-04-05T11:30Z,4,6,0.1,0.0,0.7,0.3,46.8,35.0,0.0,2.5,14.7
2023-04-05T11:30Z,5,165,40.4,0.0,29.5,0.0,4.8,4.0,0.0,2.6,18.7
2023-04-05T11:30Z,6,64,0.1,0.0,14.5,0.7,6.0,24.0,0.0,5.6,49.1
2023-04-05T11:30Z,7,354,0.0,0.0,90.0,0.0,0.0,0.0,0.0,4.2,5.9
2023-04-05T11:30Z,8,191,2.0,0.0,47.3,0.2,6.3,15.7,0.0,9.1,19.3
2023-04-05T11:30Z,9,276,10.8,0.0,66.7,0.0,1.6,1.1,0.0,9.5,10.3
2023-04-05T11:30Z,10,281,1.0,0.0,37.6,0.1,29.2,0.1,0.0,25.1,6.9
2023-04-05T11:30Z,11,258,0.0,0.0,65.3,0.0,2.5,0.0,0.0,28.3,3.8
2023-04-05T11:30Z,12,220,0.0,0.0,54.6,0.1,25.5,0.0,0.0,19.5,0.3
2023-04-05T11:30Z,13,184,0.1,0.0,42.0,0.4,37.8,0.0,0.0,17.4,2.3
2023-04-05T11:30Z,14,160,0.0,0.0,38.3,0.5,43.1,0.0,0.0,15.7,2.3
2023-04-05T11:30Z,15,169,6.4,0.0,34.1,0.4,20.7,11.2,0.0,12.1,15.0
2023-04-05T11:30Z,16,30,0.2,0.0,6.1,4.7,4.0,23.8,0.0,0.7,60.5
2023-04-05T11:30Z,17,275,0.0,0.0,69.5,0.7,0.4,2.8,0.0,4.2,22.3
2023-04-05T11:30Z,18,166,5.3,0.0,33.1,0.9,17.6,12.2,0.0,10.3,20.7
2023-04-05T12:00Z,1,40,0.0,0.0,10.1,9.1,0.0,0.0,0.0,0.0,80.8
2023-04-05T12:00Z,2,29,0.3,0.0,5.5,2.0,4.5,31.1,0.0,0.9,55.7
2023-04-05T12:00Z,3,51,0.1,0.0,12.5,0.3,5.9,43.0,0.0,1.1,37.2
2023-04-05T12:00Z,4,6,0.1,0.0,0.7,0.3,47.2,35.0,0.0,2.5,14.2
2023-04-05T12:00Z,5,167,40.4,0.0,30.0,0.0,4.7,3.7,0.0,2.6,18.7
2023-04-05T12:00Z,6,67,0.1,0.0,15.3,0.7,6.0,24.3,0.0,5.6,48.1
2023-04-05T12:00Z,7,357,0.0,0.0,90.5,0.0,0.0,0.0,0.0,3.7,5.8
2023-04-05T12:00Z,8,193,2.2,0.0,47.9,0.2,5.5,15.6,0.0,8.5,20.1
2023-04-05T12:00Z,9,277,11.5,0.0,66.8,0.0,1.3,1.0,0.0,9.1,10.3
2023-04-05T12:00Z,10,277,1.1,0.0,38.1,0.1,28.1,0.1,0.0,24.9,7.7
2023-04-05T12:00Z,11,259,0.0,0.0,65.5,0.0,2.6,0.0,0.0,28.1,3.8
2023-04-05T12:00Z,12,210,0.3,0.0,51.8,0.1,25.7,0.0,0.0,21.6,0.6
2023-04-05T12:00Z,13,183,0.2,0.0,40.1,0.4,39.0,0.0,0.0,17.4,2.9
2023-04-05T12:00Z,14,158,0.0,0.0,37.7,0.5,44.4,0.0,0.0,14.9,2.5
2023-04-05T12:00Z,15,172,6.1,0.0,35.2,0.3,20.3,11.0,0.0,12.1,14.9
2023-04-05T12:00Z,16,26,0.2,0.0,4.7,4.3,4.5,24.3,0.0,0.7,61.2
2023-04-05T12:00Z,17,281,0.0,0.0,70.5,0.4,2.0,2.4,0.0,4.0,20.6
2023-04-05T12:00Z,18,167,5.1,0.0,33.8,0.8,17.4,12.0,0.0,10.3,20.6
2023-04-05T12:30Z,1,30,0.0,0.0,7.7,8.6,0.0,0.0,0.0,0.0,83.6
2023-04-05T12:30Z,2,30,0.5,0.0,4.9,1.9,6.5,32.0,0.0,1.0,53.1
2023-04-05T12:30Z,3,52,0.1,0.0,12.6,0.3,6.1,43.6,0.0,1.1,36.3
2023-04-05T12:30Z,4,7,0.1,0.0,0.7,0.2,47.0,35.5,0.0,2.5,13.9
2023-04-05T12:30Z,5,170,39.0,0.0,31.2,0.0,4.5,3.5,0.0,2.6,19.2
2023-04-05T12:30Z,6,69,0.2,0.0,15.6,0.8,6.5,24.1,0.0,5.6,47.3
2023-04-05T12:30Z,7,358,0.0,0.0,90.9,0.0,0.0,0.0,0.0,3.3,5.8
2023-04-05T12:30Z,8,197,2.2,0.0,48.8,0.2,5.3,15.4,0.0,8.2,19.8
2023-04-05T12:30Z,9,282,10.5,0.0,68.5,0.0,1.2,1.0,0.0,8.9,10.0
2023-04-05T12:30Z,10,281,0.8,0.0,38.2,0.1,28.7,0.1,0.0,23.8,8.3
2023-04-05T12:30Z,11,261,0.0,0.0,66.0,0.0,2.9,0.0,0.0,27.0,4.0
2023-04-05T12:30Z,12,213,0.4,0.0,52.7,0.1,24.9,0.0,0.0,21.1,0.9
2023-04-05T12:30Z,13,189,0.2,0.0,41.0,0.4,38.6,0.0,0.0,16.3,3.5
2023-04-05T12:30Z,14,165,0.0,0.0,39.6,0.5,43.1,0.0,0.0,13.8,2.9
2023-04-05T12:30Z,15,174,6.1,0.0,35.5,0.3,20.4,11.1,0.0,11.7,14.9
2023-04-05T12:30Z,16,32,0.4,0.0,5.5,4.3,6.2,25.0,0.0,0.7,57.8
2023-04-05T12:30Z,17,280,0.0,0.0,70.3,0.3,1.9,1.9,0.0,3.8,21.8
2023-04-05T12:30Z,18,170,5.1,0.0,34.2,0.8,17.6,12.2,0.0,9.9,20.2
2023-04-05T13:00Z,1,39,0.0,0.0,10.0,8.4,0.0,0.0,0.0,0.0,81.6
2023-04-05T13:00Z,2,30,0.8,0.0,5.9,1.9,4.0,32.5,0.0,1.0,54.0
2023-04-05T13:00Z,3,53,0.4,0.0,13.0,0.3,5.7,43.6,0.0,1.1,35.9
2023-04-05T13:00Z,4,6,0.2,0.0,0.6,0.2,48.1,35.8,0.0,2.5,12.7
2023-04-05T13:00Z,5,173,39.4,0.0,31.9,0.0,4.0,3.3,0.0,2.4,18.9
2023-04-05T13:00Z,6,71,0.3,0.0,16.2,0.7,6.1,23.8,0.0,5.5,47.4
2023-04-05T13:00Z,7,359,0.0,0.0,91.0,0.0,0.0,0.0,0.0,3.1,5.9
2023-04-05T13:00Z,8,200,2.4,0.0,49.7,0.2,5.5,15.5,0.0,8.0,18.8
2023-04-05T13:00Z,9,280,10.9,0.0,67.7,0.0,1.1,0.9,0.0,8.9,10.5
2023-04-05T13:00Z,10,281,0.5,0.0,37.2,0.1,29.7,0.1,0.0,23.0,9.5
2023-04-05T13:00Z,11,268,0.0,0.0,67.9,0.0,2.5,0.0,0.0,25.6,4.0
2023-04-05T13:00Z,12,214,0.2,0.0,53.0,0.1,25.8,0.0,0.0,20.2,0.8
2023-04-05T13:00Z,13,190,0.1,0.0,41.0,0.4,39.2,0.0,0.0,15.3,4.0
2023-04-05T13:00Z,14,167,0.0,0.0,40.2,0.5,43.1,0.0,0.0,13.0,3.2
2023-04-05T13:00Z,15,176,6.0,0.0,35.8,0.3,20.6,11.2,0.0,11.2,14.8
2023-04-05T13:00Z,16,30,0.6,0.0,5.7,4.3,4.4,25.2,0.0,0.7,59.0
2023-04-05T13:00Z,17,283,0.0,0.0,70.8,0.2,2.5,1.5,0.0,3.6,21.2
2023-04-05T13:00Z,18,171,5.0,0.0,34.5,0.8,17.6,12.3,0.0,9.5,20.3
2023-04-05T13:30Z,1,39,0.0,0.0,9.8,10.1,0.0,0.0,0.0,0.0,80.1
2023-04-05T13:30Z,2,31,1.0,0.0,5.9,2.1,4.2,33.1,0.0,0.9,52.8
2023-04-05T13:30Z,3,54,0.5,0.0,13.3,0.3,5.9,44.0,0.0,1.0,35.1
2023-04-05T13:30Z,4,6,0.2,0.0,0.6,0.2,48.7,35.9,0.0,2.3,12.1
2023-04-05T13:30Z,5,179,39.0,0.0,33.6,0.0,4.0,3.0,0.0,2.2,18.2
2023-04-05T13:30Z,6,72,0.4,0.0,15.6,0.8,8.7,23.7,0.0,5.1,45.7
2023-04-05T13:30Z,7,359,0.0,0.0,91.0,0.0,0.0,0.0,0.0,2.9,6.1
2023-04-05T13:30Z,8,202,2.4,0.0,50.0,0.2,5.9,15.2,0.0,7.3,19.2
2023-04-05T13:30Z,9,288,10.5,0.0,70.0,0.0,1.1,0.8,0.0,7.8,9.9
2023-04-05T13:30Z,10,286,0.7,0.0,39.4,0.1,28.5,0.1,0.0,20.5,10.7
2023-04-05T13:30Z,11,294,0.0,0.0,74.6,0.0,0.3,0.0,0.0,21.3,3.9
2023-04-05T13:30Z,12,217,0.4,0.0,53.5,0.1,26.8,0.0,0.0,18.4,0.9
2023-04-05T13:30Z,13,199,0.2,0.0,42.8,0.4,37.8,0.0,0.0,14.4,4.4
2023-04-05T13:30Z,14,173,0.0,0.0,41.7,0.5,42.5,0.0,0.0,12.0,3.3
2023-04-05T13:30Z,15,176,6.1,0.0,35.8,0.3,21.0,11.3,0.0,10.4,15.0
2023-04-05T13:30Z,16,31,0.8,0.0,5.9,4.7,4.3,25.8,0.0,0.7,57.8
2023-04-05T13:30Z,17,285,0.0,0.0,69.9,0.1,6.1,1.1,0.0,3.4,19.3
2023-04-05T13:30Z,18,174,5.1,0.0,34.4,0.8,18.2,12.4,0.0,8.9,20.3
2023-04-05T14:00Z,1,34,0.0,0.0,8.7,10.7,0.0,0.0,0.0,0.0,80.6
2023-04-05T14:00Z,2,31,1.1,0.0,5.6,2.2,4.9,34.3,0.0,0.9,50.9
2023-04-05T14:00Z,3,57,0.6,0.0,13.9,0.3,6.1,43.8,0.0,0.9,34.4
2023-04-05T14:00Z,4,5,0.2,0.0,0.5,0.2,50.2,35.8,0.0,2.1,11.1
2023-04-05T14:00Z,5,179,39.3,0.0,33.4,0.0,3.9,2.6,0.0,2.0,18.7
2023-04-05T14:00Z,6,76,0.4,0.0,16.7,0.7,8.2,23.7,0.0,4.9,45.5
2023-04-05T14:00Z,7,359,0.0,0.0,91.0,0.0,0.0,0.0,0.0,2.8,6.2
2023-04-05T14:00Z,8,208,2.4,0.0,51.5,0.2,5.8,14.9,0.0,6.7,18.5
2023-04-05T14:00Z,9,290,10.5,0.0,70.5,0.0,1.0,0.7,0.0,7.1,10.2
2023-04-05T14:00Z,10,289,0.9,0.0,39.0,0.1,29.1,0.1,0.0,18.8,12.2
2023-04-05T14:00Z,11,301,0.0,0.0,76.4,0.0,0.0,0.0,0.0,19.6,4.0
2023-04-05T14:00Z,12,225,0.3,0.0,55.7,0.1,26.7,0.0,0.0,16.3,0.9
2023-04-05T14:00Z,13,207,0.2,0.0,44.8,0.4,35.9,0.0,0.0,13.5,5.1
2023-04-05T14:00Z,14,181,0.0,0.0,43.9,0.6,40.0,0.0,0.0,11.4,4.1
2023-04-05T14:00Z,15,173,6.3,0.0,34.6,0.4,22.1,11.5,0.0,9.6,15.5
2023-04-05T14:00Z,16,32,0.8,0.0,6.1,5.2,4.7,26.4,0.0,0.7,56.1
2023-04-05T14:00Z,17,292,0.0,0.0,71.8,0.0,6.1,0.8,0.0,3.1,18.2
2023-04-05T14:00Z,18,174,5.3,0.0,33.5,0.9,19.1,12.6,0.0,8.2,20.5
2023-04-05T14:30Z,1,28,0.0,0.0,7.1,12.6,0.0,0.0,0.0,0.0,80.4
2023-04-05T14:30Z,2,30,1.1,0.0,5.4,2.2,5.2,35.8,0.0,0.8,49.5
2023-04-05T14:30Z,3,58,1.5,0.0,14.0,0.2,6.5,43.6,0.0,0.9,33.4
2023-04-05T14:30Z,4,4,0.1,0.0,0.2,0.1,52.7,35.8,0.0,2.0,9.1
2023-04-05T14:30Z,5,186,39.1,0.0,35.4,0.0,2.9,2.3,0.0,1.7,18.6
2023-04-05T14:30Z,6,75,0.8,0.0,16.2,2.5,8.6,23.0,0.0,4.5,44.4
2023-04-05T14:30Z,7,359,0.0,0.0,91.1,0.0,0.0,0.0,0.0,2.6,6.3
2023-04-05T14:30Z,8,222,2.4,0.0,55.2,0.3,5.6,14.1,0.0,5.9,16.4
2023-04-05T14:30Z,9,313,7.8,0.0,77.2,0.0,0.6,0.5,0.0,5.5,8.5
2023-04-05T14:30Z,10,295,0.8,0.0,41.2,0.1,28.5,0.0,0.0,16.3,13.2
2023-04-05T14:30Z,11,314,0.0,0.0,79.7,0.0,0.0,0.0,0.0,16.5,3.8
2023-04-05T14:30Z,12,229,0.5,0.0,56.7,0.1,26.7,0.0,0.0,14.7,1.4
2023-04-05T14:30Z,13,211,0.2,0.0,45.1,0.4,36.2,0.0,0.0,12.1,6.0
2023-04-05T14:30Z,14,181,0.0,0.0,44.0,0.6,40.6,0.0,0.0,10.2,4.6
2023-04-05T14:30Z,15,174,6.3,0.0,34.7,0.4,22.4,11.7,0.0,8.6,15.9
2023-04-05T14:30Z,16,34,0.9,0.0,6.4,5.6,4.9,26.9,0.0,0.7,54.7
2023-04-05T14:30Z,17,296,0.0,0.0,72.7,0.2,6.2,0.4,0.0,2.8,17.7
2023-04-05T14:30Z,18,178,5.3,0.0,33.7,1.0,19.3,12.8,0.0,7.3,20.6
2023-04-05T15:00Z,1,13,0.0,0.0,3.3,13.3,0.0,0.0,0.0,0.0,83.4
2023-04-05T15:00Z,2,30,1.3,0.0,4.8,2.1,6.2,38.4,0.0,0.9,46.4
2023-04-05T15:00Z,3,61,2.0,0.0,14.6,0.2,6.6,44.2,0.0,0.8,31.6
2023-04-05T15:00Z,4,3,0.1,0.0,0.0,0.0,54.9,36.6,0.0,1.8,6.7
2023-04-05T15:00Z,5,189,38.4,0.0,36.1,0.0,2.2,1.9,0.0,1.5,19.8
2023-04-05T15:00Z,6,72,0.9,0.0,15.4,9.7,8.5,21.4,0.0,3.9,40.1
2023-04-05T15:00Z,7,360,0.0,0.0,91.4,0.0,0.0,0.0,0.0,2.4,6.3
2023-04-05T15:00Z,8,236,2.2,0.0,58.8,1.0,4.7,13.7,0.0,4.7,14.9
2023-04-05T15:00Z,9,333,5.4,0.0,82.9,0.0,0.3,0.4,0.0,4.1,6.8
2023-04-05T15:00Z,10,297,0.9,0.0,45.6,0.1,25.4,0.0,0.0,13.9,14.1
2023-04-05T15:00Z,11,321,0.0,0.0,81.4,0.0,0.0,0.0,0.0,14.8,3.8
2023-04-05T15:00Z,12,246,0.7,0.0,61.0,0.1,24.1,0.0,0.0,12.4,1.7
2023-04-05T15:00Z,13,218,0.3,0.0,46.7,0.4,35.0,0.0,0.0,10.5,7.1
2023-04-05T15:00Z,14,181,0.0,0.0,43.8,0.6,41.3,0.0,0.0,8.7,5.6
2023-04-05T15:00Z,15,187,6.3,0.0,38.1,0.6,21.1,11.2,0.0,7.3,15.4
2023-04-05T15:00Z,16,38,0.9,0.0,7.3,6.3,5.2,27.5,0.0,0.7,52.1
2023-04-05T15:00Z,17,285,0.0,0.0,69.6,4.1,7.4,0.1,0.0,2.4,16.5
2023-04-05T15:00Z,18,187,5.3,0.0,36.5,1.5,18.4,12.4,0.0,6.2,19.7
2023-04-05T15:30Z,1,12,0.0,0.0,3.1,17.4,0.0,0.0,0.0,0.0,79.5
2023-04-05T15:30Z,2,31,1.3,0.0,4.9,2.0,6.6,40.9,0.0,0.8,43.5
2023-04-05T15:30Z,3,69,1.5,0.0,16.8,0.1,6.3,44.5,0.0,0.7,30.1
2023-04-05T15:30Z,4,3,0.1,0.0,0.0,0.0,56.0,36.5,0.0,1.5,5.9
2023-04-05T15:30Z,5,188,36.8,0.0,36.6,0.0,2.6,1.6,0.0,1.3,21.2
2023-04-05T15:30Z,6,71,0.6,0.0,14.7,18.9,9.8,19.2,0.0,3.0,33.8
2023-04-05T15:30Z,7,363,0.0,0.0,92.2,0.0,0.0,0.0,0.0,1.9,5.9
2023-04-05T15:30Z,8,240,2.0,0.0,59.7,2.0,4.2,13.1,0.0,3.8,15.2
2023-04-05T15:30Z,9,334,5.9,0.0,82.9,0.0,0.4,0.3,0.0,3.4,7.1
2023-04-05T15:30Z,10,305,1.2,0.0,49.2,0.1,23.0,0.0,0.0,11.5,15.0
2023-04-05T15:30Z,11,335,0.0,0.0,85.0,0.0,0.0,0.0,0.0,11.6,3.4
2023-04-05T15:30Z,12,262,0.8,0.0,65.2,0.1,21.3,0.0,0.0,10.6,2.0
2023-04-05T15:30Z,13,241,0.5,0.0,52.5,0.5,28.7,0.0,0.0,9.5,8.4
2023-04-05T15:30Z,14,202,0.0,0.0,49.5,0.8,34.3,0.0,0.0,8.1,7.4
2023-04-05T15:30Z,15,191,6.4,0.0,39.1,0.9,21.2,11.2,0.0,6.1,15.2
2023-04-05T15:30Z,16,41,0.9,0.0,8.6,7.6,4.1,28.3,0.0,0.6,49.9
2023-04-05T15:30Z,17,265,0.0,0.0,64.3,11.3,7.6,0.0,0.0,1.8,15.0
2023-04-05T15:30Z,18,191,5.3,0.0,37.2,2.4,18.3,12.4,0.0,5.2,19.2
2023-04-05T16:00Z,1,7,0.0,0.0,1.7,20.3,0.0,0.0,0.0,0.0,78.0
2023-04-05T16:00Z,2,29,1.5,0.0,5.1,1.9,6.1,44.2,0.0,0.8,40.5
2023-04-05T16:00Z,3,72,1.8,0.0,17.5,0.1,6.0,44.8,0.0,0.6,29.2
2023-04-05T16:00Z,4,3,0.1,0.0,0.0,0.0,56.2,36.7,0.0,1.3,5.7
2023-04-05T16:00Z,5,192,36.8,0.0,37.5,0.0,1.9,1.3,0.0,1.0,21.5
2023-04-05T16:00Z,6,70,0.7,0.0,14.9,26.6,8.9,17.6,0.0,2.3,29.1
2023-04-05T16:00Z,7,364,0.0,0.0,92.4,0.0,0.0,0.0,0.0,1.6,6.0
2023-04-05T16:00Z,8,244,2.2,0.0,60.8,2.8,4.1,12.7,0.0,3.1,14.4
2023-04-05T16:00Z,9,336,6.1,0.0,83.3,0.0,0.3,0.2,0.0,2.7,7.3
2023-04-05T16:00Z,10,311,1.3,0.0,50.2,0.1,23.5,0.0,0.0,9.1,15.8
2023-04-05T16:00Z,11,342,0.0,0.0,86.8,0.0,0.0,0.0,0.0,9.7,3.5
2023-04-05T16:00Z,12,272,0.8,0.0,67.8,0.1,20.7,0.0,0.0,8.6,2.0
2023-04-05T16:00Z,13,245,0.5,0.0,53.9,0.6,28.8,0.0,0.0,7.6,8.7
2023-04-05T16:00Z,14,204,0.0,0.0,50.0,1.1,34.5,0.0,0.0,6.4,8.0
2023-04-05T16:00Z,15,210,5.8,0.0,44.6,1.2,19.3,10.8,0.0,4.7,13.7
2023-04-05T16:00Z,16,38,1.0,0.0,7.7,9.1,4.1,29.1,0.0,0.6,48.5
2023-04-05T16:00Z,17,246,0.0,0.0,60.1,18.0,6.4,0.0,0.0,1.4,14.2
2023-04-05T16:00Z,18,199,4.8,0.0,41.5,3.3,16.6,12.1,0.0,4.0,17.7
2023-04-05T16:30Z,1,5,0.0,0.0,1.2,24.2,0.0,0.2,0.0,0.0,74.4
2023-04-05T16:30Z,2,29,1.5,0.0,5.3,1.6,6.9,46.7,0.0,0.7,37.2
2023-04-05T16:30Z,3,79,2.3,0.0,19.2,0.1,6.1,44.6,0.0,0.4,27.4
2023-04-05T16:30Z,4,3,0.1,0.0,0.0,0.0,56.8,37.0,0.0,1.0,5.2
2023-04-05T16:30Z,5,196,36.8,0.0,38.6,0.0,1.3,1.0,0.0,0.8,21.5
2023-04-05T16:30Z,6,68,0.8,0.0,14.5,30.5,8.0,16.9,0.0,1.8,27.5
2023-04-05T16:30Z,7,366,0.0,0.0,93.0,0.0,0.0,0.0,0.0,1.2,5.8
2023-04-05T16:30Z,8,252,2.4,0.0,62.9,3.2,3.7,12.3,0.0,2.4,13.1
2023-04-05T16:30Z,9,337,6.5,0.0,83.6,0.0,0.2,0.2,0.0,2.0,7.4
2023-04-05T16:30Z,10,316,1.5,0.0,51.2,0.1,23.5,0.0,0.0,6.9,16.6
2023-04-05T16:30Z,11,352,0.0,0.0,89.4,0.0,0.0,0.0,0.0,7.3,3.2
2023-04-05T16:30Z,12,284,0.9,0.0,70.9,0.1,19.5,0.0,0.0,6.6,2.0
2023-04-05T16:30Z,13,254,0.6,0.0,56.3,0.7,27.6,0.0,0.0,5.8,9.1
2023-04-05T16:30Z,14,213,0.0,0.0,52.3,1.2,33.0,0.0,0.0,4.8,8.6
2023-04-05T16:30Z,15,217,5.8,0.0,46.7,1.3,18.7,10.6,0.0,3.6,13.3
2023-04-05T16:30Z,16,41,1.0,0.0,8.4,10.9,4.1,29.9,0.0,0.5,45.2
2023-04-05T16:30Z,17,236,0.0,0.0,57.5,21.5,6.3,0.0,0.0,1.1,13.5
2023-04-05T16:30Z,18,204,4.8,0.0,43.1,3.9,16.1,12.0,0.0,3.0,17.0
2023-04-05T17:00Z,1,1,0.0,0.0,0.2,25.6,0.0,0.5,0.0,0.0,73.7
2023-04-05T17:00Z,2,30,1.6,0.0,5.5,0.9,7.6,50.3,0.0,0.6,33.4
2023-04-05T17:00Z,3,82,2.5,0.0,20.0,0.0,6.3,45.0,0.0,0.4,25.8
2023-04-05T17:00Z,4,3,0.1,0.0,0.0,0.0,57.1,37.2,0.0,0.8,4.8
2023-04-05T17:00Z,5,211,34.6,0.0,42.9,0.0,0.9,0.8,0.0,0.5,20.3
2023-04-05T17:00Z,6,66,0.8,0.0,14.0,32.3,8.2,16.9,0.0,1.4,26.4
2023-04-05T17:00Z,7,368,0.0,0.0,93.3,0.0,0.0,0.0,0.0,0.9,5.9
2023-04-05T17:00Z,8,255,2.8,0.0,63.5,2.8,3.6,12.2,0.0,1.7,13.4
2023-04-05T17:00Z,9,337,7.5,0.0,83.1,0.0,0.2,0.1,0.0,1.4,7.7
2023-04-05T17:00Z,10,321,2.1,0.0,52.9,0.1,22.5,0.0,0.0,4.8,17.6
2023-04-05T17:00Z,11,358,0.0,0.0,90.9,0.0,0.0,0.0,0.0,5.7,3.4
2023-04-05T17:00Z,12,289,1.2,0.0,72.1,0.1,19.8,0.0,0.0,4.7,2.1
2023-04-05T17:00Z,13,271,0.9,0.0,60.0,0.7,24.5,0.0,0.0,4.2,9.6
2023-04-05T17:00Z,14,233,0.0,0.0,57.6,1.4,28.2,0.0,0.0,3.7,9.2
2023-04-05T17:00Z,15,228,5.6,0.0,49.3,1.3,18.0,10.4,0.0,2.6,12.7
2023-04-05T17:00Z,16,49,1.0,0.0,10.9,11.9,3.3,29.5,0.0,0.4,43.0
2023-04-05T17:00Z,17,232,0.0,0.0,56.2,22.9,7.0,0.0,0.0,0.8,13.2
2023-04-05T17:00Z,18,212,4.7,0.0,45.3,4.1,15.5,11.9,0.0,2.2,16.4
2023-04-05T17:30Z,1,1,0.0,0.0,0.3,26.5,0.2,1.0,0.0,0.0,72.1
2023-04-05T17:30Z,2,29,1.8,0.0,5.8,0.3,8.0,54.0,0.0,0.5,29.6
2023-04-05T17:30Z,3,88,3.3,0.0,21.2,0.0,6.9,44.6,0.0,0.2,23.8
2023-04-05T17:30Z,4,3,0.1,0.0,0.0,0.0,58.1,37.1,0.0,0.5,4.2
2023-04-05T17:30Z,5,223,33.0,0.0,46.5,0.0,0.1,0.5,0.0,0.3,19.5
2023-04-05T17:30Z,6,68,1.1,0.0,15.2,32.7,7.0,17.0,0.0,1.0,26.0
2023-04-05T17:30Z,7,369,0.0,0.0,93.6,0.0,0.0,0.0,0.0,0.6,5.8
2023-04-05T17:30Z,8,266,3.0,0.0,66.5,2.5,3.4,11.9,0.0,1.1,11.5
2023-04-05T17:30Z,9,341,7.1,0.0,84.5,0.0,0.0,0.1,0.0,0.9,7.4
2023-04-05T17:30Z,10,329,1.9,0.0,54.3,0.1,23.0,0.0,0.0,2.9,17.8
2023-04-05T17:30Z,11,365,0.0,0.0,92.7,0.0,0.0,0.0,0.0,3.9,3.4
2023-04-05T17:30Z,12,290,1.2,0.0,72.2,0.1,21.2,0.0,0.0,3.1,2.2
2023-04-05T17:30Z,13,270,0.8,0.0,59.2,0.8,26.4,0.0,0.0,2.7,10.1
2023-04-05T17:30Z,14,226,0.0,0.0,55.7,1.5,31.1,0.0,0.0,2.3,9.4
2023-04-05T17:30Z,15,234,5.8,0.0,50.5,1.2,17.5,10.4,0.0,1.7,12.8
2023-04-05T17:30Z,16,52,1.0,0.0,11.7,12.6,2.9,30.5,0.0,0.3,41.0
2023-04-05T17:30Z,17,238,0.0,0.0,58.7,22.8,4.4,0.0,0.0,0.5,13.6
2023-04-05T17:30Z,18,216,4.8,0.0,46.5,4.2,14.8,12.0,0.0,1.5,16.2
2023-04-05T18:00Z,1,1,0.1,0.0,0.2,26.3,0.3,2.1,0.0,0.0,71.1
2023-04-05T18:00Z,2,30,1.8,0.0,6.0,0.0,8.5,55.5,0.0,0.3,27.8
2023-04-05T18:00Z,3,89,4.1,0.0,21.1,0.0,7.4,44.6,0.0,0.2,22.6
2023-04-05T18:00Z,4,6,0.6,0.0,0.7,0.0,58.2,36.2,0.0,0.4,4.0
2023-04-05T18:00Z,5,224,34.1,0.0,46.4,0.0,0.0,0.3,0.0,0.2,19.1
2023-04-05T18:00Z,6,67,1.4,0.0,15.3,33.0,6.3,17.8,0.0,0.7,25.6
2023-04-05T18:00Z,7,369,0.0,0.0,93.7,0.0,0.0,0.0,0.0,0.4,6.0
2023-04-05T18:00Z,8,273,3.5,0.0,68.0,1.9,3.3,11.4,0.0,0.7,11.2
2023-04-05T18:00Z,9,341,7.6,0.0,84.1,0.0,0.0,0.1,0.0,0.5,7.7
2023-04-05T18:00Z,10,331,2.0,0.0,54.7,0.1,23.2,0.0,0.0,1.6,18.6
2023-04-05T18:00Z,11,371,0.0,0.0,94.3,0.0,0.0,0.0,0.0,2.4,3.4
2023-04-05T18:00Z,12,303,1.4,0.0,75.6,0.1,18.8,0.0,0.0,1.8,2.4
2023-04-05T18:00Z,13,277,0.9,0.0,60.7,0.8,26.2,0.0,0.0,1.4,10.1
2023-04-05T18:00Z,14,233,0.0,0.0,57.6,1.5,31.3,0.0,0.0,1.1,8.5
2023-04-05T18:00Z,15,236,6.1,0.0,51.0,1.1,17.8,10.5,0.0,1.0,12.5
2023-04-05T18:00Z,16,52,1.1,0.0,11.8,12.7,2.8,32.0,0.0,0.2,39.4
2023-04-05T18:00Z,17,241,0.0,0.0,59.7,22.7,3.5,0.0,0.0,0.3,13.7
2023-04-05T18:00Z,18,219,5.0,0.0,47.0,4.1,14.9,12.3,0.0,0.8,15.8
2023-04-05T18:30Z,1,2,0.1,0.0,0.4,26.2,0.5,3.5,0.0,0.0,69.3
2023-04-05T18:30Z,2,31,1.9,0.0,6.1,0.0,8.8,56.9,0.0,0.1,26.1
2023-04-05T18:30Z,3,94,4.6,0.0,22.5,0.0,7.5,44.6,0.0,0.1,20.9
2023-04-05T18:30Z,4,9,1.1,0.0,1.3,0.0,57.7,36.1,0.0,0.1,3.8
2023-04-05T18:30Z,5,223,35.6,0.0,45.7,0.0,0.0,0.1,0.0,0.1,18.5
2023-04-05T18:30Z,6,69,1.5,0.0,15.6,33.6,6.3,18.2,0.0,0.3,24.5
2023-04-05T18:30Z,7,370,0.0,0.0,93.9,0.0,0.0,0.0,0.0,0.2,5.9
2023-04-05T18:30Z,8,279,3.8,0.0,69.5,1.2,3.3,11.1,0.0,0.3,10.7
2023-04-05T18:30Z,9,339,8.2,0.0,83.4,0.0,0.0,0.0,0.0,0.2,8.1
2023-04-05T18:30Z,10,334,2.2,0.0,54.4,0.1,23.5,0.0,0.0,0.6,19.2
2023-04-05T18:30Z,11,377,0.0,0.0,95.7,0.0,0.0,0.0,0.0,1.2,3.2
2023-04-05T18:30Z,12,306,1.5,0.0,76.2,0.1,19.1,0.0,0.0,0.8,2.3
2023-04-05T18:30Z,13,289,1.0,0.0,63.4,0.8,23.9,0.0,0.0,0.6,10.4
2023-04-05T18:30Z,14,253,0.0,0.0,62.8,1.5,26.5,0.0,0.0,0.5,8.7
2023-04-05T18:30Z,15,241,6.5,0.0,52.1,1.0,17.5,10.5,0.0,0.4,12.1
2023-04-05T18:30Z,16,56,1.1,0.0,12.8,12.4,2.8,33.2,0.0,0.1,37.6
2023-04-05T18:30Z,17,244,0.0,0.0,60.5,22.3,3.7,0.0,0.0,0.2,13.3
2023-04-05T18:30Z,18,224,5.4,0.0,48.0,3.9,14.7,12.4,0.0,0.4,15.2
2023-04-05T19:00Z,1,4,0.2,0.0,0.8,26.0,1.2,5.5,0.0,0.0,66.3
2023-04-05T19:00Z,2,33,2.1,0.0,6.5,0.0,10.4,57.5,0.0,0.1,23.5
2023-04-05T19:00Z,3,99,5.1,0.0,23.4,0.0,8.0,44.3,0.0,0.0,19.1
2023-04-05T19:00Z,4,13,1.7,0.0,2.1,0.0,57.5,34.9,0.0,0.0,3.8
2023-04-05T19:00Z,5,225,35.1,0.0,46.4,0.0,0.0,0.0,0.0,0.0,18.4
2023-04-05T19:00Z,6,76,2.0,0.0,18.6,28.5,3.8,20.0,0.0,0.1,27.0
2023-04-05T19:00Z,7,370,0.0,0.0,94.0,0.0,0.0,0.0,0.0,0.1,5.9
2023-04-05T19:00Z,8,288,4.0,0.0,71.8,0.5,4.1,10.4,0.0,0.2,9.1
2023-04-05T19:00Z,9,339,8.0,0.0,83.7,0.0,0.0,0.0,0.0,0.1,8.3
2023-04-05T19:00Z,10,331,2.0,0.0,54.5,0.1,23.2,0.0,0.0,0.1,20.0
2023-04-05T19:00Z,11,380,0.0,0.0,96.4,0.0,0.0,0.0,0.0,0.4,3.2
2023-04-05T19:00Z,12,299,1.2,0.0,74.5,0.1,21.8,0.0,0.0,0.3,2.2
2023-04-05T19:00Z,13,280,0.8,0.0,62.3,0.8,26.2,0.0,0.0,0.1,9.8
2023-04-05T19:00Z,14,246,0.0,0.0,60.8,1.5,29.6,0.0,0.0,0.1,8.0
2023-04-05T19:00Z,15,241,6.7,0.0,51.8,0.8,17.9,10.5,0.0,0.1,12.2
2023-04-05T19:00Z,16,57,1.2,0.0,13.1,12.0,3.0,34.4,0.0,0.1,36.3
2023-04-05T19:00Z,17,262,0.0,0.0,66.3,18.8,0.4,0.0,0.0,0.1,14.4
2023-04-05T19:00Z,18,225,5.6,0.0,48.2,3.4,14.8,12.6,0.0,0.1,15.2
2023-04-05T19:30Z,1,6,0.3,0.0,1.1,25.8,1.7,7.4,0.0,0.0,63.6
2023-04-05T19:30Z,2,34,2.2,0.0,6.7,0.0,11.6,57.9,0.0,0.0,21.6
2023-04-05T19:30Z,3,96,5.7,0.0,22.5,0.0,8.7,45.0,0.0,0.0,18.0
2023-04-05T19:30Z,4,15,1.9,0.0,2.4,0.0,57.2,34.7,0.0,0.0,3.8
2023-04-05T19:30Z,5,223,35.7,0.0,45.6,0.0,0.0,0.0,0.0,0.0,18.6
2023-04-05T19:30Z,6,83,2.6,0.0,20.0,20.6,4.7,23.0,0.0,0.0,29.2
2023-04-05T19:30Z,7,371,0.0,0.0,94.1,0.0,0.0,0.0,0.0,0.0,5.9
2023-04-05T19:30Z,8,292,4.2,0.0,72.6,0.0,4.2,9.9,0.0,0.0,9.0
2023-04-05T19:30Z,9,339,7.9,0.0,83.6,0.0,0.0,0.0,0.0,0.0,8.4
2023-04-05T19:30Z,10,333,2.0,0.0,53.9,0.1,23.8,0.0,0.0,0.0,20.1
2023-04-05T19:30Z,11,381,0.0,0.0,96.8,0.0,0.0,0.0,0.0,0.0,3.2
2023-04-05T19:30Z,12,303,1.3,0.0,75.5,0.1,20.9,0.0,0.0,0.0,2.3
2023-04-05T19:30Z,13,291,0.9,0.0,64.5,0.8,23.7,0.0,0.0,0.0,10.2
2023-04-05T19:30Z,14,262,0.0,0.0,65.2,1.6,25.0,0.0,0.0,0.0,8.3
2023-04-05T19:30Z,15,240,6.6,0.0,51.5,0.5,18.8,10.7,0.0,0.0,11.9
2023-04-05T19:30Z,16,62,1.2,0.0,14.0,11.0,3.7,35.7,0.0,0.0,34.4
2023-04-05T19:30Z,17,280,0.0,0.0,71.1,13.7,0.3,0.0,0.0,0.0,15.0
2023-04-05T19:30Z,18,228,5.5,0.0,48.4,2.7,15.7,13.0,0.0,0.0,14.8
2023-04-05T20:00Z,1,7,0.4,0.0,1.5,25.2,2.5,9.8,0.0,0.0,60.6
2023-04-05T20:00Z,2,34,2.1,0.0,6.6,0.0,12.5,58.6,0.0,0.0,20.2
2023-04-05T20:00Z,3,89,5.9,0.0,20.7,0.0,9.4,46.7,0.0,0.0,17.3
2023-04-05T20:00Z,4,12,1.6,0.0,1.8,0.0,58.8,34.4,0.0,0.0,3.4
2023-04-05T20:00Z,5,217,36.4,0.0,44.0,0.0,0.0,0.1,0.0,0.0,19.5
2023-04-05T20:00Z,6,95,3.1,0.0,22.8,7.9,6.0,27.6,0.0,0.0,32.7
2023-04-05T20:00Z,7,371,0.0,0.0,94.2,0.0,0.0,0.0,0.0,0.0,5.8
2023-04-05T20:00Z,8,294,4.2,0.0,73.1,0.0,4.3,9.6,0.0,0.0,8.8
2023-04-05T20:00Z,9,338,7.8,0.0,83.4,0.0,0.0,0.0,0.0,0.0,8.7
2023-04-05T20:00Z,10,336,2.0,0.0,53.3,0.1,24.7,0.0,0.0,0.0,19.9
2023-04-05T20:00Z,11,381,0.0,0.0,96.6,0.0,0.0,0.0,0.0,0.0,3.4
2023-04-05T20:00Z,12,302,1.3,0.0,75.1,0.1,21.3,0.0,0.0,0.0,2.3
2023-04-05T20:00Z,13,290,0.8,0.0,63.7,0.8,24.5,0.0,0.0,0.0,10.2
2023-04-05T20:00Z,14,259,0.0,0.0,64.5,1.5,25.9,0.0,0.0,0.0,8.1
2023-04-05T20:00Z,15,236,6.8,0.0,50.5,0.3,19.1,11.2,0.0,0.0,12.1
2023-04-05T20:00Z,16,65,1.2,0.0,14.8,9.6,3.7,37.0,0.0,0.0,33.7
2023-04-05T20:00Z,17,305,0.0,0.0,77.3,6.6,0.1,0.0,0.0,0.0,16.0
2023-04-05T20:00Z,18,228,5.7,0.0,48.0,1.9,15.9,13.6,0.0,0.0,14.9
2023-04-05T20:30Z,1,8,0.4,0.0,1.3,22.9,3.2,12.9,0.0,0.0,59.3
2023-04-05T20:30Z,2,35,1.8,0.0,5.9,0.0,14.3,59.7,0.0,0.0,18.3
2023-04-05T20:30Z,3,71,6.3,0.0,15.9,0.0,10.9,49.3,0.0,0.0,17.7
2023-04-05T20:30Z,4,5,0.4,0.0,0.4,0.0,61.6,34.8,0.0,0.0,2.7
2023-04-05T20:30Z,5,206,38.1,0.0,40.8,0.0,0.0,0.2,0.0,0.0,21.0
2023-04-05T20:30Z,6,95,3.3,0.0,22.8,2.1,7.2,30.3,0.0,0.0,34.3
2023-04-05T20:30Z,7,371,0.0,0.0,94.2,0.0,0.0,0.0,0.0,0.0,5.8
2023-04-05T20:30Z,8,290,4.3,0.0,72.1,0.0,4.6,10.0,0.0,0.0,9.1
2023-04-05T20:30Z,9,336,7.9,0.0,82.9,0.0,0.0,0.0,0.0,0.0,9.1
2023-04-05T20:30Z,10,333,2.0,0.0,54.5,0.1,23.2,0.0,0.0,0.0,20.2
2023-04-05T20:30Z,11,379,0.0,0.0,96.2,0.0,0.0,0.0,0.0,0.0,3.8
2023-04-05T20:30Z,12,300,1.3,0.0,74.6,0.1,21.7,0.0,0.0,0.0,2.3
2023-04-05T20:30Z,13,292,0.9,0.0,64.6,0.7,23.3,0.0,0.0,0.0,10.5
2023-04-05T20:30Z,14,264,0.0,0.0,65.8,1.4,24.2,0.0,0.0,0.0,8.6
2023-04-05T20:30Z,15,230,6.6,0.0,48.6,0.3,20.0,11.6,0.0,0.0,12.9
2023-04-05T20:30Z,16,63,1.3,0.0,13.5,8.4,5.4,40.1,0.0,0.0,31.4
2023-04-05T20:30Z,17,321,0.0,0.0,81.5,2.5,0.0,0.0,0.0,0.0,16.0
2023-04-05T20:30Z,18,224,5.5,0.0,46.7,1.4,16.9,14.2,0.0,0.0,15.3
2023-04-05T21:00Z,1,11,0.5,0.0,1.8,21.2,4.3,15.8,0.0,0.0,56.3
2023-04-05T21:00Z,2,35,1.8,0.0,5.9,0.0,14.4,60.8,0.0,0.0,17.1
2023-04-05T21:00Z,3,65,5.7,0.0,14.6,0.0,11.9,50.7,0.0,0.0,17.1
2023-04-05T21:00Z,4,3,0.1,0.0,0.0,0.0,62.2,35.3,0.0,0.0,2.5
2023-04-05T21:00Z,5,197,37.0,0.0,38.7,0.0,0.7,0.4,0.0,0.0,23.2
2023-04-05T21:00Z,6,85,2.9,0.0,20.4,0.1,7.3,32.0,0.0,0.0,37.3
2023-04-05T21:00Z,7,369,0.0,0.0,93.5,0.0,0.0,0.0,0.0,0.0,6.5
2023-04-05T21:00Z,8,282,4.3,0.0,70.1,0.0,4.6,10.9,0.0,0.0,10.0
2023-04-05T21:00Z,9,319,9.2,0.0,78.2,0.0,0.2,0.2,0.0,0.0,12.4
2023-04-05T21:00Z,10,333,1.8,0.0,51.8,0.1,25.4,0.0,0.0,0.0,21.0
2023-04-05T21:00Z,11,376,0.0,0.0,95.3,0.0,0.0,0.0,0.0,0.0,4.6
2023-04-05T21:00Z,12,297,1.3,0.0,74.0,0.1,21.9,0.0,0.0,0.0,2.7
2023-04-05T21:00Z,13,289,0.8,0.0,62.5,0.7,24.8,0.0,0.0,0.0,11.2
2023-04-05T21:00Z,14,260,0.0,0.0,64.7,1.3,25.6,0.0,0.0,0.0,8.4
2023-04-05T21:00Z,15,223,6.5,0.0,47.0,0.2,20.6,12.0,0.0,0.0,13.6
2023-04-05T21:00Z,16,68,1.3,0.0,14.8,7.0,5.6,41.6,0.0,0.0,29.7
2023-04-05T21:00Z,17,321,0.0,0.0,81.5,0.8,0.0,0.0,0.0,0.0,17.8
2023-04-05T21:00Z,18,219,5.5,0.0,45.5,1.1,17.5,14.7,0.0,0.0,15.8
2023-04-05T21:30Z,1,13,0.7,0.0,2.4,19.2,4.9,18.7,0.0,0.0,54.0
2023-04-05T21:30Z,2,33,1.9,0.0,6.2,0.0,13.1,62.5,0.0,0.0,16.3
2023-04-05T21:30Z,3,57,5.7,0.0,12.7,0.0,12.7,52.7,0.0,0.0,16.3
2023-04-05T21:30Z,4,3,0.1,0.0,0.0,0.0,62.1,35.6,0.0,0.0,2.3
2023-04-05T21:30Z,5,185,37.7,0.0,35.4,0.0,1.2,0.9,0.0,0.0,24.7
2023-04-05T21:30Z,6,66,2.8,0.0,15.7,0.6,7.4,33.3,0.0,0.0,40.3
2023-04-05T21:30Z,7,366,0.0,0.0,92.9,0.0,0.0,0.0,0.0,0.0,7.1
2023-04-05T21:30Z,8,268,4.8,0.0,66.3,0.0,4.8,12.8,0.0,0.0,11.2
2023-04-05T21:30Z,9,298,11.0,0.0,72.2,0.0,0.4,0.4,0.0,0.0,16.0
2023-04-05T21:30Z,10,333,1.6,0.0,48.6,0.1,27.7,0.1,0.0,0.0,21.9
2023-04-05T21:30Z,11,339,0.4,0.0,85.5,0.0,6.9,0.0,0.0,0.0,7.2
2023-04-05T21:30Z,12,279,1.6,0.0,69.1,0.1,25.8,0.0,0.0,0.0,3.3
2023-04-05T21:30Z,13,287,0.8,0.0,59.6,0.8,26.1,0.0,0.0,0.0,12.7
2023-04-05T21:30Z,14,259,0.0,0.0,64.6,1.4,25.1,0.0,0.0,0.0,8.9
2023-04-05T21:30Z,15,211,6.8,0.0,43.0,0.2,22.8,13.0,0.0,0.0,14.2
2023-04-05T21:30Z,16,72,1.4,0.0,15.6,5.7,5.5,44.0,0.0,0.0,27.7
2023-04-05T21:30Z,17,316,0.0,0.0,80.1,0.2,0.1,0.0,0.0,0.0,19.6
2023-04-05T21:30Z,18,209,5.7,0.0,42.4,0.8,19.1,15.8,0.0,0.0,16.2
2023-04-05T22:00Z,1,11,0.7,0.0,2.2,18.6,3.9,19.4,0.0,0.0,55.3
2023-04-05T22:00Z,2,34,2.0,0.0,6.5,0.0,11.9,63.3,0.0,0.0,16.3
2023-04-05T22:00Z,3,49,4.3,0.0,11.0,0.0,13.7,55.4,0.0,0.0,15.6
2023-04-05T22:00Z,4,3,0.0,0.0,0.0,0.0,61.7,36.1,0.0,0.0,2.2
2023-04-05T22:00Z,5,168,38.4,0.0,30.8,0.0,3.3,1.5,0.0,0.0,26.0
2023-04-05T22:00Z,6,59,2.1,0.0,14.0,0.9,7.6,34.3,0.0,0.1,41.0
2023-04-05T22:00Z,7,365,0.0,0.0,92.8,0.0,0.0,0.0,0.0,0.0,7.2
2023-04-05T22:00Z,8,246,5.1,0.0,60.6,0.1,5.4,15.2,0.0,0.0,13.6
2023-04-05T22:00Z,9,267,14.7,0.0,63.2,0.0,1.3,0.7,0.0,0.0,20.1
2023-04-05T22:00Z,10,321,2.3,0.0,42.2,0.1,30.1,0.1,0.0,0.0,25.2
2023-04-05T22:00Z,11,333,0.5,0.0,83.9,0.0,7.3,0.0,0.0,0.1,8.2
2023-04-05T22:00Z,12,262,2.1,0.0,64.5,0.1,29.1,0.1,0.0,0.0,4.0
2023-04-05T22:00Z,13,287,1.0,0.0,59.7,0.7,24.6,0.0,0.0,0.0,13.9
2023-04-05T22:00Z,14,274,0.0,0.0,68.5,1.2,20.5,0.0,0.0,0.0,9.8
2023-04-05T22:00Z,15,198,7.6,0.0,38.4,0.1,24.1,14.1,0.0,0.0,15.6
2023-04-05T22:00Z,16,70,1.5,0.0,14.9,4.6,6.1,45.5,0.0,0.0,27.4
2023-04-05T22:00Z,17,313,0.0,0.0,79.5,0.3,0.0,0.0,0.0,0.0,20.2
2023-04-05T22:00Z,18,198,6.3,0.0,38.7,0.7,20.1,16.8,0.0,0.0,17.4
2023-04-05T22:30Z,1,9,0.5,0.0,1.8,18.4,2.6,20.1,0.0,0.0,56.5
2023-04-05T22:30Z,2,34,2.0,0.0,6.7,0.0,9.9,65.3,0.0,0.0,16.0
2023-04-05T22:30Z,3,44,2.7,0.0,10.1,0.0,14.9,57.5,0.0,0.0,14.8
2023-04-05T22:30Z,4,3,0.0,0.0,0.0,0.0,61.5,36.4,0.0,0.0,2.0
2023-04-05T22:30Z,5,149,37.9,0.0,26.2,0.0,5.9,2.2,0.0,0.0,27.8
2023-04-05T22:30Z,6,57,1.5,0.0,13.4,1.8,8.2,34.9,0.0,0.0,40.3
2023-04-05T22:30Z,7,353,0.0,0.0,89.7,0.0,0.0,0.0,0.0,0.0,10.4
2023-04-05T22:30Z,8,178,6.5,0.0,43.0,0.2,9.8,20.2,0.0,0.0,20.3
2023-04-05T22:30Z,9,217,19.7,0.0,49.0,0.0,3.1,1.1,0.0,0.0,27.1
2023-04-05T22:30Z,10,306,2.6,0.0,38.7,0.1,30.5,0.1,0.0,0.0,28.0
2023-04-05T22:30Z,11,326,0.5,0.0,82.2,0.0,8.1,0.0,0.0,0.0,9.1
2023-04-05T22:30Z,12,246,1.9,0.0,60.0,0.1,34.1,0.1,0.0,0.0,3.8
2023-04-05T22:30Z,13,263,1.0,0.0,55.4,0.7,28.7,0.0,0.0,0.0,14.3
2023-04-05T22:30Z,14,249,0.0,0.0,61.8,1.1,26.5,0.0,0.0,0.0,10.6
2023-04-05T22:30Z,15,183,8.7,0.0,33.8,0.1,26.1,14.9,0.0,0.0,16.3
2023-04-05T22:30Z,16,63,1.6,0.0,13.2,4.1,5.9,47.5,0.0,0.0,27.7
2023-04-05T22:30Z,17,304,0.0,0.0,77.0,0.5,0.0,0.0,0.0,0.0,22.5
2023-04-05T22:30Z,18,181,7.1,0.0,34.7,0.7,21.6,17.7,0.0,0.0,18.2
2023-04-05T23:00Z,1,11,0.6,0.0,2.0,19.3,3.2,19.7,0.0,0.0,55.2
2023-04-05T23:00Z,2,36,2.0,0.0,6.6,0.0,11.2,65.2,0.0,0.0,14.9
2023-04-05T23:00Z,3,36,2.8,0.0,7.9,0.0,15.3,59.5,0.0,0.0,14.5
2023-04-05T23:00Z,4,3,0.0,0.0,0.0,0.0,61.6,36.3,0.0,0.0,1.9
2023-04-05T23:00Z,5,147,37.5,0.0,25.8,0.0,6.0,2.8,0.0,0.0,27.8
2023-04-05T23:00Z,6,50,1.4,0.0,11.4,1.6,8.6,36.6,0.0,0.1,40.4
2023-04-05T23:00Z,7,352,0.0,0.0,89.3,0.0,0.0,0.0,0.0,0.0,10.7
2023-04-05T23:00Z,8,162,6.5,0.0,38.7,0.2,10.9,22.7,0.0,0.1,20.9
2023-04-05T23:00Z,9,201,21.1,0.0,44.6,0.0,3.4,1.4,0.0,0.0,29.4
2023-04-05T23:00Z,10,310,2.1,0.0,36.9,0.1,32.9,0.1,0.0,0.0,27.9
2023-04-05T23:00Z,11,326,0.3,0.0,82.3,0.0,8.3,0.0,0.0,0.1,8.9
2023-04-05T23:00Z,12,228,1.6,0.0,55.5,0.1,39.1,0.1,0.0,0.0,3.6
2023-04-05T23:00Z,13,260,0.7,0.0,55.0,0.6,30.0,0.1,0.0,0.0,13.7
2023-04-05T23:00Z,14,249,0.0,0.0,61.7,0.9,27.1,0.0,0.0,0.0,10.3
2023-04-05T23:00Z,15,180,8.1,0.0,33.0,0.1,26.7,15.2,0.0,0.0,17.0
2023-04-05T23:00Z,16,57,1.6,0.0,11.3,3.5,6.9,49.5,0.0,0.0,27.1
2023-04-05T23:00Z,17,297,0.0,0.0,75.4,0.5,0.1,0.0,0.0,0.0,24.1
2023-04-05T23:00Z,18,176,6.7,0.0,33.8,0.6,22.3,18.0,0.0,0.0,18.7
2023-04-05T23:30Z,1,12,0.6,0.0,2.0,20.4,3.5,18.7,0.0,0.0,54.7
2023-04-05T23:30Z,2,38,1.9,0.0,6.7,0.0,11.6,65.6,0.0,0.0,14.2
2023-04-05T23:30Z,3,31,2.5,0.0,6.8,0.0,15.1,61.5,0.0,0.0,14.1
2023-04-05T23:30Z,4,3,0.1,0.0,0.0,0.0,62.1,35.9,0.0,0.0,1.9
2023-04-05T23:30Z,5,147,36.0,0.0,26.3,0.0,6.1,3.3,0.0,0.0,28.3
2023-04-05T23:30Z,6,47,1.3,0.0,10.9,1.4,8.3,37.4,0.0,0.0,40.8
2023-04-05T23:30Z,7,349,0.0,0.0,88.6,0.0,0.0,0.0,0.0,0.0,11.4
2023-04-05T23:30Z,8,148,6.3,0.0,35.2,0.2,12.0,25.0,0.0,0.0,21.4
2023-04-05T23:30Z,9,194,20.8,0.0,42.8,0.0,3.5,1.8,0.0,0.0,31.1
2023-04-05T23:30Z,10,305,1.7,0.0,36.4,0.1,33.1,0.1,0.0,0.0,28.6
2023-04-05T23:30Z,11,324,0.2,0.0,81.7,0.0,9.0,0.0,0.0,0.0,9.1
2023-04-05T23:30Z,12,217,1.0,0.0,52.5,0.1,43.4,0.1,0.0,0.0,2.9
2023-04-05T23:30Z,13,234,0.5,0.0,49.2,0.6,36.2,0.1,0.0,0.0,13.5
2023-04-05T23:30Z,14,215,0.0,0.0,52.8,0.8,35.8,0.0,0.0,0.0,10.6
2023-04-05T23:30Z,15,176,7.6,0.0,32.1,0.1,27.9,15.4,0.0,0.0,16.9
2023-04-05T23:30Z,16,52,1.6,0.0,8.9,3.7,10.1,50.4,0.0,0.0,25.3
2023-04-05T23:30Z,17,294,0.0,0.0,74.6,0.5,0.1,0.0,0.0,0.0,24.8
2023-04-05T23:30Z,18,171,6.3,0.0,32.9,0.6,23.6,18.1,0.0,0.0,18.5
2023-04-06T00:00Z,1,11,0.5,0.0,1.9,21.6,3.2,17.9,0.0,0.0,54.9
2023-04-06T00:00Z,2,39,2.0,0.0,6.8,0.0,11.7,64.7,0.0,0.1,14.8
2023-04-06T00:00Z,3,27,2.4,0.0,5.7,0.0,14.9,63.3,0.0,0.0,13.7
2023-04-06T00:00Z,4,3,0.1,0.0,0.0,0.0,61.1,37.0,0.0,0.1,1.8
2023-04-06T00:00Z,5,145,36.1,0.0,25.8,0.0,6.2,3.8,0.0,0.0,28.1
2023-04-06T00:00Z,6,44,1.3,0.0,9.5,0.3,9.9,36.8,0.0,0.0,42.2
2023-04-06T00:00Z,7,346,0.0,0.0,87.7,0.0,0.0,0.0,0.0,0.0,12.3
2023-04-06T00:00Z,8,141,6.3,0.0,33.2,0.1,12.6,26.4,0.0,0.1,21.4
2023-04-06T00:00Z,9,193,20.5,0.0,42.7,0.0,3.5,2.2,0.0,0.0,31.0
2023-04-06T00:00Z,10,298,1.6,0.0,35.7,0.1,32.7,0.1,0.0,0.0,29.8
2023-04-06T00:00Z,11,339,0.1,0.0,85.6,0.0,6.4,0.0,0.0,0.0,7.9
2023-04-06T00:00Z,12,232,0.7,0.0,56.6,0.1,40.1,0.1,0.0,0.0,2.5
2023-04-06T00:00Z,13,225,0.4,0.0,48.7,0.5,37.2,0.0,0.0,0.0,13.2
2023-04-06T00:00Z,14,206,0.0,0.0,50.4,0.7,37.8,0.0,0.0,0.0,11.1
2023-04-06T00:00Z,15,178,7.5,0.0,32.6,0.1,27.7,15.2,0.0,0.0,16.8
2023-04-06T00:00Z,16,59,1.6,0.0,10.5,3.3,10.1,48.9,0.0,0.0,25.5
2023-04-06T00:00Z,17,300,0.0,0.0,76.2,0.4,0.1,0.0,0.0,0.0,23.3
2023-04-06T00:00Z,18,172,6.2,0.0,33.6,0.5,23.5,17.8,0.0,0.0,18.3
2023-04-06T00:30Z,1,10,0.5,0.0,1.8,22.0,3.2,18.5,0.0,0.0,54.0
2023-04-06T00:30Z,2,39,1.9,0.0,6.7,0.0,11.9,64.3,0.0,0.0,15.0
2023-04-06T00:30Z,3,29,2.3,0.0,6.3,0.0,14.3,63.8,0.0,0.0,13.3
2023-04-06T00:30Z,4,3,0.1,0.0,0.0,0.0,59.4,38.9,0.0,0.0,1.6
2023-04-06T00:30Z,5,145,36.1,0.0,25.7,0.0,6.1,4.2,0.0,0.0,27.8
2023-04-06T00:30Z,6,43,1.3,0.0,8.8,0.2,10.3,36.0,0.0,0.0,43.3
2023-04-06T00:30Z,7,352,0.0,0.0,89.4,0.0,0.0,0.0,0.0,0.0,10.6
2023-04-06T00:30Z,8,159,5.5,0.0,38.0,0.0,11.9,25.3,0.0,0.0,19.2
2023-04-06T00:30Z,9,184,21.1,0.0,40.3,0.0,3.6,2.5,0.0,0.0,32.6
2023-04-06T00:30Z,10,290,0.4,0.0,34.8,0.1,34.7,0.1,0.0,0.0,30.0
2023-04-06T00:30Z,11,320,0.0,0.0,80.6,0.0,11.2,0.0,0.0,0.0,8.2
2023-04-06T00:30Z,12,218,0.1,0.0,52.9,0.1,45.0,0.1,0.0,0.0,1.9
2023-04-06T00:30Z,13,181,0.0,0.0,41.2,0.4,48.0,0.0,0.0,0.0,10.2
2023-04-06T00:30Z,14,172,0.0,0.0,41.1,0.5,49.2,0.0,0.0,0.0,9.2
2023-04-06T00:30Z,15,177,7.5,0.0,32.6,0.1,27.6,15.3,0.0,0.0,16.9
2023-04-06T00:30Z,16,63,1.5,0.0,11.8,3.2,9.7,47.7,0.0,0.0,26.1
2023-04-06T00:30Z,17,298,0.0,0.0,74.8,0.3,2.0,0.0,0.0,0.0,22.9
2023-04-06T00:30Z,18,168,6.2,0.0,33.5,0.5,23.6,17.8,0.0,0.0,18.4
2023-04-06T01:00Z,1,11,0.5,0.0,1.9,22.1,3.3,18.9,0.0,0.0,53.2
2023-04-06T01:00Z,2,38,1.9,0.0,6.6,0.0,11.9,64.4,0.0,0.0,15.2
2023-04-06T01:00Z,3,25,2.2,0.0,5.4,0.0,14.3,65.3,0.0,0.0,12.9
2023-04-06T01:00Z,4,3,0.1,0.0,0.0,0.0,56.0,42.5,0.0,0.0,1.4
2023-04-06T01:00Z,5,144,36.0,0.0,25.6,0.0,6.5,4.8,0.0,0.0,27.1
2023-04-06T01:00Z,6,42,1.1,0.0,7.8,0.4,12.1,36.7,0.0,0.0,41.9
2023-04-06T01:00Z,7,351,0.0,0.0,89.2,0.0,0.0,0.0,0.0,0.0,10.8
2023-04-06T01:00Z,8,154,5.3,0.0,36.7,0.1,12.9,25.6,0.0,0.0,19.3
2023-04-06T01:00Z,9,186,21.0,0.0,40.7,0.0,4.0,2.7,0.0,0.0,31.7
2023-04-06T01:00Z,10,295,0.3,0.0,34.4,0.1,35.7,0.1,0.0,0.0,29.5
2023-04-06T01:00Z,11,324,0.0,0.0,81.8,0.0,10.0,0.0,0.0,0.0,8.2
2023-04-06T01:00Z,12,215,0.0,0.0,52.2,0.1,45.9,0.0,0.0,0.0,1.7
2023-04-06T01:00Z,13,176,0.0,0.0,40.2,0.4,48.9,0.0,0.0,0.0,10.5
2023-04-06T01:00Z,14,167,0.0,0.0,39.8,0.4,49.9,0.0,0.0,0.0,9.9
2023-04-06T01:00Z,15,176,7.5,0.0,32.4,0.1,27.7,15.7,0.0,0.0,16.7
2023-04-06T01:00Z,16,59,1.6,0.0,10.8,2.8,9.5,48.3,0.0,0.0,27.0
2023-04-06T01:00Z,17,292,0.0,0.0,73.4,0.3,2.0,0.0,0.0,0.0,24.3
2023-04-06T01:00Z,18,168,6.2,0.0,33.2,0.4,23.6,18.1,0.0,0.0,18.5
2023-04-06T01:30Z,1,12,0.6,0.0,2.1,21.4,3.9,19.2,0.0,0.0,52.8
2023-04-06T01:30Z,2,37,1.9,0.0,6.4,0.0,12.0,64.5,0.0,0.0,15.2
2023-04-06T01:30Z,3,27,2.4,0.0,5.8,0.0,14.0,65.3,0.0,0.0,12.5
2023-04-06T01:30Z,4,3,0.1,0.0,0.0,0.0,52.8,45.9,0.0,0.0,1.3
2023-04-06T01:30Z,5,142,36.6,0.0,24.9,0.0,6.3,5.4,0.0,0.0,26.7
2023-04-06T01:30Z,6,42,1.2,0.0,7.7,0.7,12.0,36.1,0.0,0.0,42.2
2023-04-06T01:30Z,7,349,0.0,0.0,88.6,0.0,0.0,0.0,0.0,0.0,11.4
2023-04-06T01:30Z,8,146,5.5,0.0,34.0,0.1,15.0,26.2,0.0,0.0,19.1
2023-04-06T01:30Z,9,184,20.0,0.0,38.1,0.0,6.8,2.9,0.0,0.0,32.2
2023-04-06T01:30Z,10,300,0.0,0.0,34.6,0.0,36.7,0.0,0.0,0.0,28.6
2023-04-06T01:30Z,11,329,0.0,0.0,82.9,0.0,8.5,0.0,0.0,0.0,8.5
2023-04-06T01:30Z,12,214,0.0,0.0,51.9,0.1,46.0,0.0,0.0,0.0,2.0
2023-04-06T01:30Z,13,169,0.0,0.0,40.3,0.4,49.1,0.0,0.0,0.0,10.2
2023-04-06T01:30Z,14,169,0.0,0.0,40.3,0.4,49.1,0.0,0.0,0.0,10.2
2023-04-06T01:30Z,15,172,7.5,0.0,31.1,0.1,28.3,16.0,0.0,0.0,17.0
2023-04-06T01:30Z,16,55,1.6,0.0,9.8,2.7,9.5,48.8,0.0,0.0,27.6
2023-04-06T01:30Z,17,288,0.0,0.0,72.5,0.4,1.7,0.0,0.0,0.0,25.4
2023-04-06T01:30Z,18,165,6.2,0.0,32.1,0.4,24.0,18.4,0.0,0.0,18.9
2023-04-06T02:00Z,1,12,0.6,0.0,2.1,20.5,4.0,19.6,0.0,0.0,53.2
2023-04-06T02:00Z,2,37,1.9,0.0,6.3,0.0,12.1,64.3,0.0,0.0,15.4
2023-04-06T02:00Z,3,24,2.3,0.0,5.0,0.0,14.0,66.3,0.0,0.0,12.3
2023-04-06T02:00Z,4,3,0.1,0.0,0.0,0.0,51.2,47.6,0.0,0.0,1.2
2023-04-06T02:00Z,5,136,37.0,0.0,23.2,0.0,6.8,5.8,0.0,0.0,27.2
2023-04-06T02:00Z,6,35,1.2,0.0,5.9,1.1,12.4,35.4,0.0,0.0,44.0
2023-04-06T02:00Z,7,343,0.0,0.0,87.1,0.0,0.0,0.9,0.0,0.0,12.0
2023-04-06T02:00Z,8,135,5.3,0.0,30.8,0.2,18.0,26.8,0.0,0.0,18.9
2023-04-06T02:00Z,9,186,18.4,0.0,37.8,0.0,8.8,3.1,0.0,0.0,31.8
2023-04-06T02:00Z,10,294,0.0,0.0,31.5,0.0,38.7,0.0,0.0,0.0,29.7
2023-04-06T02:00Z,11,321,0.0,0.0,80.8,0.0,10.2,0.0,0.0,0.0,9.0
2023-04-06T02:00Z,12,193,0.0,0.0,46.3,0.1,51.5,0.0,0.0,0.0,2.0
2023-04-06T02:00Z,13,151,0.0,0.0,35.6,0.4,52.9,0.0,0.0,0.0,11.2
2023-04-06T02:00Z,14,151,0.0,0.0,35.5,0.4,52.9,0.0,0.0,0.0,11.2
2023-04-06T02:00Z,15,167,7.4,0.0,29.6,0.1,29.1,16.2,0.0,0.0,17.6
2023-04-06T02:00Z,16,54,1.6,0.0,9.4,2.6,9.8,49.0,0.0,0.0,27.6
2023-04-06T02:00Z,17,285,0.0,0.0,71.5,0.6,2.0,0.2,0.0,0.0,25.7
2023-04-06T02:00Z,18,159,6.1,0.0,30.7,0.4,24.6,18.7,0.0,0.0,19.4
2023-04-06T02:30Z,1,12,0.6,0.0,2.1,19.7,3.9,19.8,0.0,0.0,53.9
2023-04-06T02:30Z,2,37,1.9,0.0,6.4,0.0,11.6,64.0,0.0,0.0,16.1
2023-04-06T02:30Z,3,21,2.2,0.0,4.4,0.0,13.9,67.2,0.0,0.0,12.3
2023-04-06T02:30Z,4,3,0.1,0.0,0.0,0.0,50.3,48.6,0.0,0.0,1.1
2023-04-06T02:30Z,5,136,37.2,0.0,23.1,0.0,6.7,6.2,0.0,0.0,26.8
2023-04-06T02:30Z,6,38,1.0,0.0,6.0,1.4,13.8,34.3,0.0,0.0,43.5
2023-04-06T02:30Z,7,341,0.0,0.0,86.6,0.0,0.0,1.8,0.0,0.0,11.5
2023-04-06T02:30Z,8,137,5.0,0.0,31.3,0.2,17.6,26.6,0.0,0.0,19.2
2023-04-06T02:30Z,9,187,18.4,0.0,38.1,0.0,8.7,3.2,0.0,0.0,31.6
2023-04-06T02:30Z,10,294,0.0,0.0,30.9,0.0,38.8,0.0,0.0,0.0,30.3
2023-04-06T02:30Z,11,320,0.0,0.0,80.6,0.0,10.2,0.0,0.0,0.0,9.2
2023-04-06T02:30Z,12,192,0.0,0.0,46.2,0.1,51.7,0.0,0.0,0.0,2.1
2023-04-06T02:30Z,13,149,0.0,0.0,35.0,0.3,52.9,0.0,0.0,0.0,11.7
2023-04-06T02:30Z,14,148,0.0,0.0,34.8,0.3,53.0,0.0,0.0,0.0,11.8
2023-04-06T02:30Z,15,165,7.2,0.0,29.2,0.1,29.8,16.2,0.0,0.0,17.5
2023-04-06T02:30Z,16,55,1.6,0.0,9.8,2.5,9.4,48.9,0.0,0.0,27.9
2023-04-06T02:30Z,17,285,0.0,0.0,71.4,0.6,2.2,0.2,0.0,0.0,25.6
2023-04-06T02:30Z,18,158,6.0,0.0,30.4,0.4,25.1,18.7,0.0,0.0,19.4
2023-04-06T03:00Z,1,11,0.6,0.0,2.0,19.3,3.5,19.5,0.0,0.0,55.1
2023-04-06T03:00Z,2,36,1.9,0.0,6.3,0.0,11.3,62.9,0.0,0.0,17.6
2023-04-06T03:00Z,3,21,2.6,0.0,4.2,0.0,13.3,65.4,0.0,0.0,14.4
2023-04-06T03:00Z,4,3,0.0,0.0,0.0,0.0,49.8,49.1,0.0,0.0,1.1
2023-04-06T03:00Z,5,135,40.6,0.0,21.9,0.0,6.2,6.3,0.0,0.0,24.9
2023-04-06T03:00Z,6,37,1.2,0.0,5.7,1.4,13.5,33.1,0.0,0.0,45.0
2023-04-06T03:00Z,7,286,1.4,0.0,71.6,0.0,3.9,2.0,0.0,0.0,21.1
2023-04-06T03:00Z,8,103,7.1,0.0,21.3,0.3,20.1,27.9,0.0,0.0,23.2
2023-04-06T03:00Z,9,179,21.5,0.0,33.9,0.0,9.5,3.2,0.0,0.0,31.9
2023-04-06T03:00Z,10,289,0.0,0.0,29.0,0.0,39.0,0.0,0.0,0.0,31.9
2023-04-06T03:00Z,11,313,0.0,0.0,79.0,0.0,10.9,0.0,0.0,0.2,10.0
2023-04-06T03:00Z,12,193,0.0,0.0,46.4,0.1,51.0,0.0,0.0,0.0,2.5
2023-04-06T03:00Z,13,144,0.0,0.0,33.8,0.3,53.1,0.0,0.0,0.0,12.8
2023-04-06T03:00Z,14,144,0.0,0.0,33.8,0.3,53.1,0.0,0.0,0.0,12.7
2023-04-06T03:00Z,15,164,8.0,0.0,28.8,0.1,28.7,16.1,0.0,0.0,18.4
2023-04-06T03:00Z,16,39,1.7,0.0,5.6,2.6,9.9,49.8,0.0,0.0,30.4
2023-04-06T03:00Z,17,242,0.0,0.0,60.6,0.5,2.0,0.2,0.0,0.0,36.8
2023-04-06T03:00Z,18,150,6.6,0.0,28.8,0.4,24.4,18.6,0.0,0.0,21.2
2023-04-06T03:30Z,1,10,0.6,0.0,1.8,19.4,2.9,18.7,0.0,0.0,56.6
2023-04-06T03:30Z,2,34,1.9,0.0,6.3,0.0,10.1,62.5,0.0,0.0,19.2
2023-04-06T03:30Z,3,16,2.5,0.0,3.1,0.0,13.0,64.1,0.0,0.0,17.2
2023-04-06T03:30Z,4,3,0.0,0.0,0.0,0.0,49.5,49.3,0.0,0.0,1.1
2023-04-06T03:30Z,5,138,39.0,0.0,23.0,0.0,6.3,6.5,0.0,0.0,25.1
2023-04-06T03:30Z,6,37,1.0,0.0,6.2,1.2,12.2,31.9,0.0,0.0,47.5
2023-04-06T03:30Z,7,273,1.5,0.0,68.1,0.0,4.8,2.1,0.0,0.0,23.5
2023-04-06T03:30Z,8,104,6.2,0.0,21.7,0.3,19.4,27.8,0.0,0.0,24.7
2023-04-06T03:30Z,9,191,18.4,0.0,36.8,0.0,10.1,3.2,0.0,0.0,31.5
2023-04-06T03:30Z,10,282,0.0,0.0,28.2,0.0,38.2,0.0,0.0,0.0,33.6
2023-04-06T03:30Z,11,313,0.0,0.0,78.9,0.0,10.7,0.0,0.0,0.0,10.4
2023-04-06T03:30Z,12,193,0.0,0.0,46.5,0.1,50.5,0.0,0.0,0.0,3.0
2023-04-06T03:30Z,13,142,0.0,0.0,33.2,0.3,52.9,0.0,0.0,0.0,13.5
2023-04-06T03:30Z,14,142,0.0,0.0,33.3,0.3,53.0,0.0,0.0,0.0,13.4
2023-04-06T03:30Z,15,162,7.6,0.0,28.4,0.1,28.4,16.0,0.0,0.0,19.5
2023-04-06T03:30Z,16,39,1.7,0.0,5.8,2.6,9.1,48.4,0.0,0.0,32.5
2023-04-06T03:30Z,17,241,0.0,0.0,60.2,0.3,2.3,0.2,0.0,0.0,37.0
2023-04-06T03:30Z,18,148,6.3,0.0,28.5,0.4,24.1,18.4,0.0,0.0,22.4
2023-04-06T04:00Z,1,10,0.5,0.0,1.8,20.2,2.8,18.2,0.0,0.0,56.5
2023-04-06T04:00Z,2,34,1.8,0.0,6.1,0.0,10.1,61.7,0.0,0.0,20.3
2023-04-06T04:00Z,3,16,1.8,0.0,3.1,0.0,12.1,62.4,0.0,0.0,20.5
2023-04-06T04:00Z,4,3,0.0,0.0,0.0,0.0,49.3,49.6,0.0,0.0,1.1
2023-04-06T04:00Z,5,138,39.7,0.0,22.8,0.0,6.5,6.5,0.0,0.0,24.5
2023-04-06T04:00Z,6,32,0.9,0.0,6.0,1.1,9.2,29.6,0.0,0.0,53.2
2023-04-06T04:00Z,7,333,0.0,0.0,84.4,0.0,0.0,1.8,0.0,0.0,13.7
2023-04-06T04:00Z,8,120,5.3,0.0,27.1,0.2,15.3,26.7,0.0,0.0,25.4
2023-04-06T04:00Z,9,187,20.1,0.0,36.7,0.0,8.5,3.0,0.0,0.0,31.7
2023-04-06T04:00Z,10,272,0.0,0.0,28.9,0.0,35.1,0.0,0.0,0.0,35.9
2023-04-06T04:00Z,11,335,0.0,0.0,84.6,0.0,5.9,0.0,0.0,0.1,9.3
2023-04-06T04:00Z,12,209,0.0,0.0,50.7,0.1,46.3,0.0,0.0,0.0,2.9
2023-04-06T04:00Z,13,156,0.0,0.0,33.2,0.4,49.6,0.0,0.0,0.0,16.8
2023-04-06T04:00Z,14,143,0.0,0.0,33.7,0.5,51.3,0.0,0.0,0.0,14.6
2023-04-06T04:00Z,15,163,7.4,0.0,29.8,0.1,26.0,15.5,0.0,0.0,21.2
2023-04-06T04:00Z,16,51,1.5,0.0,9.2,2.8,8.9,46.2,0.0,0.0,31.5
2023-04-06T04:00Z,17,271,0.0,0.0,68.0,0.2,2.2,0.2,0.0,0.0,29.5
2023-04-06T04:00Z,18,154,6.1,0.0,30.4,0.4,22.2,17.8,0.0,0.0,23.0
2023-04-06T04:30Z,1,8,0.5,0.0,1.5,22.3,2.4,17.0,0.0,0.0,56.4
2023-04-06T04:30Z,2,34,1.9,0.0,6.2,0.0,9.7,59.9,0.0,0.0,22.3
2023-04-06T04:30Z,3,18,1.0,0.0,4.0,0.0,11.1,60.5,0.0,0.0,23.3
2023-04-06T04:30Z,4,3,0.0,0.0,0.0,0.0,49.0,49.8,0.0,0.0,1.1
2023-04-06T04:30Z,5,138,39.3,0.0,23.0,0.0,7.1,6.1,0.0,0.0,24.6
2023-04-06T04:30Z,6,27,0.6,0.0,4.8,1.1,9.0,28.2,0.0,0.0,56.3
2023-04-06T04:30Z,7,330,0.0,0.0,83.9,0.0,0.0,1.8,0.0,0.0,14.3
2023-04-06T04:30Z,8,117,4.6,0.0,26.5,0.2,14.8,25.3,0.0,0.0,28.6
2023-04-06T04:30Z,9,196,18.6,0.0,39.4,0.0,8.2,2.6,0.0,0.0,31.1
2023-04-06T04:30Z,10,267,0.0,0.0,28.2,0.1,34.0,0.0,0.0,0.0,37.7
2023-04-06T04:30Z,11,327,0.0,0.0,82.7,0.0,7.2,0.0,0.0,0.0,10.0
2023-04-06T04:30Z,12,203,0.0,0.0,49.0,0.1,47.6,0.1,0.0,0.0,3.2
2023-04-06T04:30Z,13,168,0.0,0.0,35.1,0.6,45.9,0.0,0.0,0.0,18.4
2023-04-06T04:30Z,14,153,0.0,0.0,36.2,0.7,47.9,0.0,0.0,0.0,15.2
2023-04-06T04:30Z,15,166,7.3,0.0,30.2,0.2,25.4,14.9,0.0,0.0,22.0
2023-04-06T04:30Z,16,50,1.4,0.0,8.9,4.5,8.9,43.7,0.0,0.0,32.6
2023-04-06T04:30Z,17,265,0.0,0.0,67.0,0.3,0.5,0.2,0.0,0.0,31.9
2023-04-06T04:30Z,18,154,6.1,0.0,30.6,0.7,21.6,17.1,0.0,0.0,23.9
2023-04-06T05:00Z,1,10,0.5,0.0,1.7,24.8,3.0,15.9,0.0,0.0,54.0
2023-04-06T05:00Z,2,34,1.8,0.0,5.9,0.0,10.3,58.3,0.0,0.1,23.5
2023-04-06T05:00Z,3,21,1.3,0.0,4.8,0.0,9.8,58.1,0.0,0.1,25.9
2023-04-06T05:00Z,4,3,0.1,0.0,0.0,0.0,49.4,49.4,0.0,0.1,1.1
2023-04-06T05:00Z,5,160,37.0,0.0,29.4,0.0,5.4,5.5,0.0,0.0,22.7
2023-04-06T05:00Z,6,27,0.7,0.0,4.4,1.0,9.7,26.2,0.0,0.0,58.0
2023-04-06T05:00Z,7,345,0.0,0.0,87.7,0.0,0.0,0.9,0.0,0.0,11.4
2023-04-06T05:00Z,8,169,3.6,0.0,41.2,0.2,8.7,21.6,0.0,0.1,24.7
2023-04-06T05:00Z,9,259,13.3,0.0,61.6,0.0,2.0,2.3,0.0,0.1,20.7
2023-04-06T05:00Z,10,259,0.4,0.0,30.4,0.1,29.7,0.1,0.0,0.0,39.3
2023-04-06T05:00Z,11,331,0.1,0.0,83.7,0.0,6.5,0.0,0.0,0.0,9.6
2023-04-06T05:00Z,12,228,0.9,0.0,55.5,0.1,39.6,0.1,0.0,0.0,3.8
2023-04-06T05:00Z,13,178,0.2,0.0,32.5,0.6,43.2,0.0,0.0,0.0,23.4
2023-04-06T05:00Z,14,131,0.0,0.0,30.7,0.9,50.5,0.0,0.0,0.1,17.8
2023-04-06T05:00Z,15,179,6.8,0.0,35.2,0.2,22.8,13.5,0.0,0.0,21.5
2023-04-06T05:00Z,16,57,1.3,0.0,10.8,6.0,8.4,39.8,0.0,0.1,33.6
2023-04-06T05:00Z,17,270,0.0,0.0,68.1,0.3,1.0,0.0,0.0,0.0,30.5
2023-04-06T05:00Z,18,169,5.7,0.0,34.8,0.9,19.6,15.5,0.0,0.0,23.5
2023-04-06T05:30Z,1,11,0.5,0.0,1.7,27.0,3.5,14.9,0.0,0.0,52.4
2023-04-06T05:30Z,2,37,1.7,0.0,5.7,0.0,12.3,55.7,0.0,0.1,24.6
2023-04-06T05:30Z,3,23,1.1,0.0,5.3,0.0,8.7,55.6,0.0,0.0,29.3
2023-04-06T05:30Z,4,3,0.1,0.0,0.0,0.0,50.6,48.1,0.0,0.1,1.2
2023-04-06T05:30Z,5,173,35.2,0.0,33.0,0.0,4.8,5.1,0.0,0.1,21.9
2023-04-06T05:30Z,6,34,0.5,0.0,5.4,1.1,11.1,24.0,0.0,0.2,57.8
2023-04-06T05:30Z,7,353,0.0,0.0,89.5,0.0,0.0,0.0,0.0,0.1,10.4
2023-04-06T05:30Z,8,196,2.6,0.0,48.5,0.2,5.4,19.8,0.0,0.2,23.5
2023-04-06T05:30Z,9,287,10.0,0.0,69.7,0.0,1.3,1.9,0.0,0.2,16.9
2023-04-06T05:30Z,10,263,1.0,0.0,36.0,0.1,25.0,0.1,0.0,0.2,37.7
2023-04-06T05:30Z,11,315,0.4,0.0,79.4,0.0,9.7,0.0,0.0,0.6,9.9
2023-04-06T05:30Z,12,245,1.4,0.0,60.1,0.1,33.4,0.1,0.0,0.3,4.5
2023-04-06T05:30Z,13,200,0.5,0.0,37.4,0.6,36.3,0.0,0.0,0.2,24.9
2023-04-06T05:30Z,14,143,0.0,0.0,34.0,1.1,45.5,0.0,0.0,0.2,19.2
2023-04-06T05:30Z,15,191,5.9,0.0,40.0,0.3,20.0,12.5,0.0,0.2,21.2
2023-04-06T05:30Z,16,67,1.2,0.0,13.6,7.8,7.6,36.4,0.0,0.0,33.4
2023-04-06T05:30Z,17,277,0.0,0.0,69.5,0.5,2.0,0.0,0.0,0.1,27.9
2023-04-06T05:30Z,18,179,5.0,0.0,38.9,1.1,17.4,14.4,0.0,0.2,23.0
2023-04-06T06:00Z,1,10,0.5,0.0,1.7,26.4,3.3,13.9,0.0,0.1,54.2
2023-04-06T06:00Z,2,35,1.7,0.0,5.6,0.0,11.8,53.4,0.0,0.4,27.1
2023-04-06T06:00Z,3,31,0.9,0.0,7.5,0.0,7.9,53.9,0.0,0.2,29.6
2023-04-06T06:00Z,4,3,0.1,0.0,0.0,0.0,50.4,47.8,0.0,0.3,1.4
2023-04-06T06:00Z,5,180,34.0,0.0,35.2,0.0,4.4,4.5,0.0,0.3,21.5
2023-04-06T06:00Z,6,36,0.5,0.0,6.4,1.7,9.8,22.4,0.0,0.9,58.4
2023-04-06T06:00Z,7,350,0.0,0.0,88.7,0.0,0.0,0.0,0.0,0.5,10.8
2023-04-06T06:00Z,8,196,2.7,0.0,48.5,0.2,6.0,17.6,0.0,0.8,24.2
2023-04-06T06:00Z,9,281,10.7,0.0,68.1,0.0,1.4,1.4,0.0,0.7,17.8
2023-04-06T06:00Z,10,259,0.6,0.0,33.2,0.1,26.4,0.1,0.0,0.8,38.8
2023-04-06T06:00Z,11,345,0.0,0.0,87.7,0.0,0.5,0.0,0.0,3.8,8.0
2023-04-06T06:00Z,12,239,1.2,0.0,58.6,0.2,33.7,0.1,0.0,1.5,4.7
2023-04-06T06:00Z,13,200,0.3,0.0,37.3,0.7,35.7,0.0,0.0,0.7,25.2
2023-04-06T06:00Z,14,153,0.0,0.0,36.8,1.3,42.4,0.0,0.0,0.4,19.2
2023-04-06T06:00Z,15,195,5.7,0.0,41.4,0.3,19.7,11.9,0.0,0.8,20.3
2023-04-06T06:00Z,16,68,1.2,0.0,15.1,8.3,4.5,34.0,0.0,0.3,36.6
2023-04-06T06:00Z,17,274,0.0,0.0,68.7,0.3,2.1,0.0,0.0,0.5,28.3
2023-04-06T06:00Z,18,182,4.8,0.0,40.1,1.2,16.8,13.7,0.0,0.7,22.7
