from,regions.regionid,regions.intensity.forecast,biomass,coal,gas,hydro,imports,nuclear,other,solar,wind
2023-07-29T22:30Z,1,0,0.0,0.0,0.0,9.6,0.0,0.0,0.0,0.0,90.4
2023-07-29T22:30Z,2,16,1.1,0.0,1.5,2.1,2.0,18.5,0.0,0.0,74.8
2023-07-29T22:30Z,3,23,0.2,0.0,5.1,0.5,2.2,29.1,0.0,0.0,62.8
2023-07-29T22:30Z,4,7,0.4,0.0,0.6,1.0,29.6,32.6,0.0,0.0,35.7
2023-07-29T22:30Z,5,104,23.9,0.0,18.8,0.2,6.1,7.2,0.0,0.0,43.8
2023-07-29T22:30Z,6,42,0.3,0.0,10.0,0.5,0.9,9.3,0.0,0.0,79.1
2023-07-29T22:30Z,7,63,0.5,0.2,14.9,0.2,0.7,7.1,0.0,0.0,76.3
2023-07-29T22:30Z,8,49,1.2,0.6,10.2,0.5,1.7,17.7,0.0,0.0,68.1
2023-07-29T22:30Z,9,224,11.7,5.6,39.7,0.1,3.0,3.3,0.0,0.0,36.7
2023-07-29T22:30Z,10,81,2.0,0.9,17.7,0.0,0.5,17.0,0.0,0.0,61.9
2023-07-29T22:30Z,11,245,2.4,1.0,59.1,0.1,0.8,2.4,0.0,0.0,34.2
2023-07-29T22:30Z,12,152,6.5,3.2,28.7,0.3,2.3,9.3,0.0,0.0,49.8
2023-07-29T22:30Z,13,97,2.1,1.0,21.6,0.2,0.6,14.4,0.0,0.0,60.2
2023-07-29T22:30Z,14,129,0.9,0.4,31.5,0.8,0.2,7.2,0.0,0.0,59.0
2023-07-29T22:30Z,15,104,5.1,1.4,21.7,0.4,3.2,14.0,0.0,0.0,54.3
2023-07-29T22:30Z,16,6,1.1,0.0,1.1,3.1,0.0,16.2,0.0,0.0,78.5
2023-07-29T22:30Z,17,32,0.3,0.0,8.0,0.8,0.0,4.3,0.0,0.0,86.6
2023-07-29T22:30Z,18,88,4.2,1.1,18.2,0.8,2.6,13.6,0.0,0.0,59.5
2023-07-29T23:00Z,1,0,0.0,0.0,0.0,7.8,0.0,0.0,0.0,0.0,92.2
2023-07-29T23:00Z,2,17,1.0,0.0,1.8,1.7,1.8,18.9,0.0,0.2,74.5
2023-07-29T23:00Z,3,24,0.2,0.0,5.5,0.4,1.6,29.0,0.0,0.0,63.2
2023-07-29T23:00Z,4,8,0.5,0.0,0.8,0.9,25.5,32.8,0.0,0.1,39.4
2023-07-29T23:00Z,5,115,23.5,0.0,21.9,0.2,4.8,6.1,0.0,0.2,43.4
2023-07-29T23:00Z,6,43,0.3,0.0,9.5,0.4,1.4,9.2,0.0,0.2,79.0
2023-07-29T23:00Z,7,56,0.6,0.3,13.1,0.2,0.7,7.1,0.0,0.7,77.4
2023-07-29T23:00Z,8,56,1.5,0.6,11.4,0.4,1.6,16.9,0.0,0.3,67.3
2023-07-29T23:00Z,9,224,11.2,4.8,42.1,0.1,2.3,2.8,0.0,0.2,36.7
2023-07-29T23:00Z,10,83,1.6,0.7,19.0,0.0,0.3,17.1,0.0,0.1,61.2
2023-07-29T23:00Z,11,283,1.3,0.4,70.5,0.0,0.4,0.8,0.0,0.2,26.4
2023-07-29T23:00Z,12,161,6.5,2.8,31.8,0.2,1.8,8.3,0.0,0.4,48.2
2023-07-29T23:00Z,13,102,1.8,0.7,23.7,0.2,0.4,14.0,0.0,0.1,59.2
2023-07-29T23:00Z,14,139,0.7,0.3,34.3,0.5,0.1,7.1,0.0,0.1,56.9
2023-07-29T23:00Z,15,111,4.9,1.3,23.5,0.3,2.8,13.7,0.0,0.2,53.4
2023-07-29T23:00Z,16,9,1.0,0.0,1.2,2.4,0.7,16.1,0.0,0.4,78.1
2023-07-29T23:00Z,17,33,0.3,0.0,7.8,0.7,0.5,4.2,0.0,0.1,86.5
2023-07-29T23:00Z,18,94,4.1,1.1,19.8,0.6,2.4,13.3,0.0,0.2,58.5
2023-07-29T23:30Z,1,0,0.0,0.0,0.0,7.0,0.0,0.0,0.0,0.0,93.0
2023-07-29T23:30Z,2,10,1.5,0.0,2.1,1.4,0.0,18.6,0.0,0.0,76.4
2023-07-29T23:30Z,3,44,0.3,0.0,11.2,0.3,0.0,28.5,0.0,0.0,59.8
2023-07-29T23:30Z,4,8,0.8,0.0,1.7,0.8,6.1,38.3,0.0,0.0,52.3
2023-07-29T23:30Z,5,135,24.1,0.0,27.0,0.1,0.7,5.3,0.0,0.0,42.8
2023-07-29T23:30Z,6,39,0.3,0.0,9.9,0.3,0.0,8.8,0.0,0.0,80.7
2023-07-29T23:30Z,7,88,0.5,0.1,21.9,0.1,0.0,5.4,0.0,0.0,72.1
2023-07-29T23:30Z,8,57,1.6,0.3,13.4,0.3,0.0,16.9,0.0,0.0,67.5
2023-07-29T23:30Z,9,191,12.6,2.4,38.9,0.1,0.4,2.8,0.0,0.0,42.7
2023-07-29T23:30Z,10,86,1.1,0.2,21.1,0.0,0.0,17.8,0.0,0.0,59.8
2023-07-29T23:30Z,11,316,0.4,0.1,79.8,0.0,0.0,1.0,0.0,0.0,18.7
2023-07-29T23:30Z,12,158,6.5,1.2,35.2,0.2,0.2,8.1,0.0,0.0,48.6
2023-07-29T23:30Z,13,105,1.1,0.2,25.9,0.1,0.0,15.0,0.0,0.0,57.6
2023-07-29T23:30Z,14,155,0.4,0.1,39.1,0.5,0.0,7.3,0.0,0.0,52.6
2023-07-29T23:30Z,15,116,5.0,0.8,26.2,0.3,0.5,14.1,0.0,0.0,53.2
2023-07-29T23:30Z,16,10,1.2,0.0,2.1,2.2,0.0,15.3,0.0,0.0,79.2
2023-07-29T23:30Z,17,55,0.3,0.0,14.0,0.5,0.0,3.1,0.0,0.0,82.1
2023-07-29T23:30Z,18,98,4.2,0.6,22.4,0.5,0.4,13.5,0.0,0.0,58.3
2023-07-30T00:00Z,1,0,0.0,0.0,0.0,6.8,0.0,0.0,0.0,0.0,93.2
2023-07-30T00:00Z,2,11,1.5,0.0,2.3,1.3,0.0,19.2,0.0,0.0,75.7
2023-07-30T00:00Z,3,41,0.3,0.0,10.4,0.2,0.0,29.5,0.0,0.0,59.6
2023-07-30T00:00Z,4,8,0.8,0.0,1.8,0.8,2.5,40.4,0.0,0.0,53.6
2023-07-30T00:00Z,5,137,24.0,0.0,27.6,0.1,0.2,4.5,0.0,0.1,43.6
2023-07-30T00:00Z,6,41,0.3,0.0,10.2,0.3,0.0,9.0,0.0,0.1,80.1
2023-07-30T00:00Z,7,93,0.6,0.0,23.3,0.1,0.0,5.5,0.0,0.5,70.1
2023-07-30T00:00Z,8,58,1.8,0.1,14.0,0.2,0.0,16.7,0.0,0.1,67.1
2023-07-30T00:00Z,9,180,12.4,0.9,39.7,0.0,0.1,2.3,0.0,0.1,44.4
2023-07-30T00:00Z,10,84,1.0,0.1,20.8,0.0,0.0,18.2,0.0,0.0,59.9
2023-07-30T00:00Z,11,301,0.8,0.1,76.1,0.0,0.0,1.5,0.0,0.0,21.5
2023-07-30T00:00Z,12,156,6.4,0.5,36.4,0.1,0.1,7.8,0.0,0.1,48.6
2023-07-30T00:00Z,13,103,1.0,0.1,25.8,0.1,0.0,15.2,0.0,0.0,57.8
2023-07-30T00:00Z,14,155,0.4,0.0,39.2,0.4,0.0,7.4,0.0,0.1,52.5
2023-07-30T00:00Z,15,112,5.0,0.4,26.0,0.2,0.2,13.9,0.0,0.2,54.0
2023-07-30T00:00Z,16,11,1.2,0.0,2.3,2.1,0.0,16.8,0.0,0.1,77.6
2023-07-30T00:00Z,17,74,0.2,0.0,18.6,0.4,0.0,3.3,0.0,0.0,77.4
2023-07-30T00:00Z,18,97,4.2,0.3,22.6,0.5,0.2,13.6,0.0,0.1,58.5
2023-07-30T00:30Z,1,0,0.0,0.0,0.0,6.5,0.0,0.0,0.0,0.0,93.5
2023-07-30T00:30Z,2,11,1.4,0.0,2.4,1.1,0.0,19.3,0.0,0.0,75.9
2023-07-30T00:30Z,3,42,0.2,0.0,10.7,0.2,0.0,29.0,0.0,0.0,59.8
2023-07-30T00:30Z,4,9,0.8,0.0,2.0,0.7,0.0,40.9,0.0,0.0,55.6
2023-07-30T00:30Z,5,137,23.0,0.0,27.7,0.1,0.0,4.0,0.0,0.0,45.3
2023-07-30T00:30Z,6,41,0.3,0.0,10.4,0.2,0.0,8.9,0.0,0.0,80.2
2023-07-30T00:30Z,7,97,0.6,0.0,24.5,0.1,0.0,5.4,0.0,0.0,69.5
2023-07-30T00:30Z,8,60,1.8,0.0,14.5,0.2,0.0,16.7,0.0,0.0,66.7
2023-07-30T00:30Z,9,172,11.8,0.3,39.6,0.0,0.0,2.1,0.0,0.0,46.3
2023-07-30T00:30Z,10,80,1.2,0.0,19.9,0.0,0.0,17.8,0.0,0.0,61.1
2023-07-30T00:30Z,11,285,1.3,0.0,71.8,0.0,0.0,1.4,0.0,0.0,25.4
2023-07-30T00:30Z,12,151,6.3,0.1,36.2,0.1,0.0,7.7,0.0,0.0,49.6
2023-07-30T00:30Z,13,95,1.3,0.0,23.7,0.1,0.0,14.8,0.0,0.0,60.1
2023-07-30T00:30Z,14,132,0.5,0.0,33.3,0.4,0.0,7.4,0.0,0.0,58.4
2023-07-30T00:30Z,15,107,4.9,0.2,25.1,0.2,0.0,13.9,0.0,0.0,55.6
2023-07-30T00:30Z,16,11,1.2,0.0,2.4,1.8,0.0,16.7,0.0,0.0,77.9
2023-07-30T00:30Z,17,75,0.3,0.0,18.9,0.3,0.0,3.2,0.0,0.0,77.3
2023-07-30T00:30Z,18,92,4.1,0.2,21.9,0.4,0.0,13.5,0.0,0.0,59.9
2023-07-30T01:00Z,1,0,0.0,0.0,0.0,6.5,0.0,0.0,0.0,0.0,93.5
2023-07-30T01:00Z,2,11,1.4,0.0,2.4,1.0,0.0,19.9,0.0,0.0,75.3
2023-07-30T01:00Z,3,45,0.2,0.0,11.4,0.2,0.0,29.6,0.0,0.0,58.6
2023-07-30T01:00Z,4,9,0.8,0.0,2.0,0.6,0.0,42.2,0.0,0.1,54.3
2023-07-30T01:00Z,5,139,23.5,0.0,28.0,0.0,0.0,3.9,0.0,0.1,44.4
2023-07-30T01:00Z,6,46,0.3,0.0,11.6,0.2,0.0,8.8,0.0,0.1,79.0
2023-07-30T01:00Z,7,102,0.6,0.0,25.7,0.0,0.0,5.5,0.0,0.5,67.7
2023-07-30T01:00Z,8,63,1.8,0.1,15.2,0.2,0.0,17.2,0.0,0.1,65.4
2023-07-30T01:00Z,9,176,12.1,0.5,39.9,0.0,0.0,2.0,0.0,0.1,45.5
2023-07-30T01:00Z,10,76,1.4,0.1,18.8,0.0,0.0,18.0,0.0,0.1,61.7
2023-07-30T01:00Z,11,278,1.6,0.0,70.1,0.0,0.0,1.1,0.0,0.5,26.7
2023-07-30T01:00Z,12,152,6.4,0.2,36.0,0.1,0.0,7.8,0.0,0.3,49.1
2023-07-30T01:00Z,13,93,1.4,0.0,22.9,0.1,0.0,14.9,0.0,0.1,60.5
2023-07-30T01:00Z,14,131,0.6,0.0,33.0,0.4,0.0,7.3,0.0,0.2,58.5
2023-07-30T01:00Z,15,107,5.0,0.1,25.3,0.2,0.0,14.1,0.0,0.0,55.2
2023-07-30T01:00Z,16,11,1.3,0.0,2.5,1.7,0.0,17.0,0.0,0.0,77.5
2023-07-30T01:00Z,17,77,0.2,0.0,19.4,0.3,0.0,3.3,0.0,0.1,76.6
2023-07-30T01:00Z,18,92,4.2,0.1,22.0,0.4,0.0,13.7,0.0,0.0,59.5
2023-07-30T01:30Z,1,0,0.0,0.0,0.0,7.0,0.0,0.0,0.0,0.0,93.0
2023-07-30T01:30Z,2,12,1.6,0.0,2.6,0.8,0.0,20.8,0.0,0.0,74.2
2023-07-30T01:30Z,3,47,0.2,0.0,11.9,0.1,0.0,29.3,0.0,0.0,58.5
2023-07-30T01:30Z,4,10,0.9,0.0,2.3,0.4,0.0,44.0,0.0,0.0,52.4
2023-07-30T01:30Z,5,141,23.9,0.0,28.5,0.0,0.0,3.5,0.0,0.0,44.1
2023-07-30T01:30Z,6,46,0.3,0.0,11.6,0.2,0.0,8.7,0.0,0.0,79.2
2023-07-30T01:30Z,7,112,0.6,0.0,28.2,0.0,0.0,5.3,0.0,0.0,65.8
2023-07-30T01:30Z,8,65,1.9,0.1,15.6,0.1,0.0,16.6,0.0,0.0,65.7
2023-07-30T01:30Z,9,178,12.1,1.0,39.0,0.0,0.0,1.7,0.0,0.0,46.1
2023-07-30T01:30Z,10,74,1.3,0.1,18.1,0.0,0.0,18.1,0.0,0.0,62.5
2023-07-30T01:30Z,11,310,0.7,0.0,78.5,0.0,0.0,0.4,0.0,0.0,20.5
2023-07-30T01:30Z,12,148,6.7,0.5,34.1,0.1,0.0,7.6,0.0,0.0,51.0
2023-07-30T01:30Z,13,90,1.3,0.1,22.1,0.1,0.0,15.0,0.0,0.0,61.3
2023-07-30T01:30Z,14,131,0.5,0.0,32.9,0.5,0.0,7.3,0.0,0.0,58.8
2023-07-30T01:30Z,15,106,5.1,0.0,25.5,0.2,0.0,14.1,0.0,0.0,55.2
2023-07-30T01:30Z,16,12,1.5,0.0,2.6,1.9,0.0,17.4,0.0,0.0,76.6
2023-07-30T01:30Z,17,73,0.3,0.0,18.6,0.3,0.0,3.2,0.0,0.0,77.6
2023-07-30T01:30Z,18,93,4.3,0.0,22.1,0.4,0.0,13.7,0.0,0.0,59.5
2023-07-30T02:00Z,1,0,0.0,0.0,0.0,8.3,0.0,0.0,0.0,0.0,91.7
2023-07-30T02:00Z,2,12,1.6,0.0,2.6,0.8,0.0,20.5,0.0,0.0,74.4
2023-07-30T02:00Z,3,46,0.2,0.0,11.6,0.1,0.0,29.4,0.0,0.2,58.4
2023-07-30T02:00Z,4,10,0.9,0.0,2.4,0.5,0.0,43.2,0.0,0.1,53.0
2023-07-30T02:00Z,5,139,24.1,0.0,27.9,0.0,0.0,3.5,0.0,0.0,44.4
2023-07-30T02:00Z,6,46,0.3,0.0,11.6,0.2,0.0,8.7,0.0,0.1,79.3
2023-07-30T02:00Z,7,110,0.6,0.0,27.7,0.0,0.0,5.3,0.0,0.7,65.6
2023-07-30T02:00Z,8,64,1.9,0.1,15.5,0.1,0.0,16.7,0.0,0.1,65.6
2023-07-30T02:00Z,9,176,12.1,0.6,39.4,0.0,0.0,1.8,0.0,0.0,46.1
2023-07-30T02:00Z,10,72,1.3,0.1,17.8,0.0,0.0,17.9,0.0,0.0,62.9
2023-07-30T02:00Z,11,328,0.2,0.0,83.1,0.0,0.0,0.4,0.0,0.3,16.0
2023-07-30T02:00Z,12,142,6.8,0.4,33.1,0.1,0.0,7.6,0.0,0.1,51.9
2023-07-30T02:00Z,13,89,1.3,0.1,22.0,0.1,0.0,15.0,0.0,0.1,61.4
2023-07-30T02:00Z,14,131,0.5,0.0,32.9,0.6,0.0,7.2,0.0,0.5,58.3
2023-07-30T02:00Z,15,106,5.1,0.0,25.4,0.2,0.0,14.0,0.0,0.0,55.2
2023-07-30T02:00Z,16,12,1.5,0.0,2.5,2.1,0.0,17.2,0.0,0.0,76.7
2023-07-30T02:00Z,17,71,0.3,0.0,17.8,0.4,0.0,3.3,0.0,0.0,78.2
2023-07-30T02:00Z,18,92,4.3,0.0,22.0,0.5,0.0,13.7,0.0,0.0,59.5
2023-07-30T02:30Z,1,0,0.0,0.0,0.0,9.4,0.0,0.0,0.0,0.0,90.6
2023-07-30T02:30Z,2,12,1.6,0.0,2.6,0.8,0.0,20.0,0.0,0.0,75.0
2023-07-30T02:30Z,3,45,0.2,0.0,11.4,0.1,0.0,29.0,0.0,0.0,59.2
2023-07-30T02:30Z,4,11,0.9,0.0,2.4,0.5,0.0,42.3,0.0,0.0,53.9
2023-07-30T02:30Z,5,138,23.0,0.0,28.0,0.0,0.0,3.5,0.0,0.0,45.5
2023-07-30T02:30Z,6,44,0.3,0.0,11.1,0.2,0.0,8.5,0.0,0.0,79.9
2023-07-30T02:30Z,7,114,0.6,0.0,28.8,0.0,0.0,5.4,0.0,0.0,65.2
2023-07-30T02:30Z,8,61,1.8,0.0,15.0,0.1,0.0,16.5,0.0,0.0,66.5
2023-07-30T02:30Z,9,168,11.6,0.0,39.0,0.0,0.0,1.7,0.0,0.0,47.6
2023-07-30T02:30Z,10,69,1.2,0.0,17.0,0.0,0.0,17.7,0.0,0.0,64.1
2023-07-30T02:30Z,11,328,0.2,0.0,83.3,0.0,0.0,0.5,0.0,0.0,16.0
2023-07-30T02:30Z,12,138,6.5,0.0,33.0,0.1,0.0,7.6,0.0,0.0,52.8
2023-07-30T02:30Z,13,85,1.2,0.0,21.3,0.1,0.0,14.7,0.0,0.0,62.7
2023-07-30T02:30Z,14,126,0.5,0.0,31.8,0.6,0.0,7.0,0.0,0.0,60.0
2023-07-30T02:30Z,15,105,4.9,0.0,25.0,0.2,0.0,13.8,0.0,0.0,56.0
2023-07-30T02:30Z,16,11,1.4,0.0,2.4,2.3,0.0,16.8,0.0,0.0,77.2
2023-07-30T02:30Z,17,70,0.3,0.0,17.7,0.4,0.0,3.2,0.0,0.0,78.4
2023-07-30T02:30Z,18,90,4.1,0.0,21.6,0.5,0.0,13.5,0.0,0.0,60.3
2023-07-30T03:00Z,1,0,0.0,0.0,0.0,10.4,0.0,0.0,0.0,0.0,89.6
2023-07-30T03:00Z,2,12,1.6,0.0,2.5,0.9,0.0,19.1,0.0,0.0,76.0
2023-07-30T03:00Z,3,45,0.3,0.0,11.3,0.1,0.0,28.7,0.0,0.1,59.5
2023-07-30T03:00Z,4,10,0.9,0.0,2.3,0.5,0.0,41.4,0.0,0.0,54.8
2023-07-30T03:00Z,5,136,22.7,0.0,27.6,0.0,0.0,3.4,0.0,0.0,46.3
2023-07-30T03:00Z,6,44,0.3,0.0,11.1,0.2,0.0,8.6,0.0,0.1,79.7
2023-07-30T03:00Z,7,116,0.6,0.0,29.1,0.0,0.0,5.6,0.0,0.2,64.3
2023-07-30T03:00Z,8,62,1.8,0.1,15.0,0.1,0.0,16.3,0.0,0.2,66.5
2023-07-30T03:00Z,9,171,11.3,0.6,38.7,0.0,0.0,1.7,0.0,0.1,47.6
2023-07-30T03:00Z,10,69,1.2,0.1,17.1,0.0,0.0,17.5,0.0,0.1,64.1
2023-07-30T03:00Z,11,322,0.4,0.0,81.6,0.0,0.0,1.1,0.0,0.1,16.6
2023-07-30T03:00Z,12,138,6.3,0.3,32.4,0.1,0.0,7.5,0.0,0.4,53.1
2023-07-30T03:00Z,13,84,1.2,0.1,20.9,0.1,0.0,14.8,0.0,0.1,62.9
2023-07-30T03:00Z,14,123,0.5,0.0,30.9,0.5,0.0,7.0,0.0,0.2,61.0
2023-07-30T03:00Z,15,103,4.8,0.0,24.7,0.2,0.0,13.7,0.0,0.1,56.4
2023-07-30T03:00Z,16,11,1.4,0.0,2.3,2.4,0.0,16.3,0.0,0.0,77.6
2023-07-30T03:00Z,17,71,0.3,0.0,18.1,0.5,0.0,3.2,0.0,0.2,77.8
2023-07-30T03:00Z,18,89,4.1,0.0,21.3,0.5,0.0,13.3,0.0,0.1,60.7
2023-07-30T03:30Z,1,0,0.0,0.0,0.0,11.6,0.0,0.0,0.0,0.0,88.4
2023-07-30T03:30Z,2,12,1.6,0.0,2.4,0.9,0.0,18.5,0.0,0.0,76.5
2023-07-30T03:30Z,3,43,0.3,0.0,10.9,0.1,0.0,28.2,0.0,0.0,60.4
2023-07-30T03:30Z,4,10,0.9,0.0,2.2,0.5,0.0,41.1,0.0,0.0,55.3
2023-07-30T03:30Z,5,136,23.6,0.0,27.2,0.0,0.0,3.3,0.0,0.0,45.9
2023-07-30T03:30Z,6,40,0.3,0.0,10.1,0.2,0.0,8.7,0.0,0.0,80.7
2023-07-30T03:30Z,7,112,0.7,0.1,28.2,0.1,0.0,6.1,0.0,0.0,64.9
2023-07-30T03:30Z,8,60,2.0,0.2,14.4,0.1,0.0,16.3,0.0,0.0,67.1
2023-07-30T03:30Z,9,173,11.8,1.1,37.6,0.0,0.0,1.7,0.0,0.0,47.8
2023-07-30T03:30Z,10,68,1.2,0.1,16.6,0.0,0.0,17.7,0.0,0.0,64.4
2023-07-30T03:30Z,11,324,0.5,0.1,81.9,0.0,0.0,1.7,0.0,0.0,15.7
2023-07-30T03:30Z,12,138,6.6,0.6,31.6,0.1,0.7,7.4,0.0,0.0,53.0
2023-07-30T03:30Z,13,83,1.2,0.1,20.5,0.1,0.0,15.1,0.0,0.0,62.9
2023-07-30T03:30Z,14,123,0.5,0.0,30.9,0.5,0.0,7.3,0.0,0.0,60.9
2023-07-30T03:30Z,15,101,5.1,0.0,24.1,0.3,0.1,13.8,0.0,0.0,56.7
2023-07-30T03:30Z,16,11,1.4,0.0,2.3,2.6,0.0,15.7,0.0,0.0,78.0
2023-07-30T03:30Z,17,75,0.3,0.0,19.0,0.5,0.0,3.2,0.0,0.0,77.0
2023-07-30T03:30Z,18,88,4.2,0.0,20.8,0.6,0.1,13.3,0.0,0.0,61.0
2023-07-30T04:00Z,1,0,0.0,0.0,0.0,13.7,0.0,0.0,0.0,0.0,86.3
2023-07-30T04:00Z,2,11,1.5,0.0,2.4,0.8,0.0,17.9,0.0,0.0,77.3
2023-07-30T04:00Z,3,42,0.3,0.0,10.5,0.2,0.0,27.7,0.0,0.0,61.4
2023-07-30T04:00Z,4,9,0.9,0.0,2.0,0.5,0.0,39.7,0.0,0.2,56.7
2023-07-30T04:00Z,5,130,22.1,0.0,26.4,0.0,0.0,3.4,0.0,0.0,48.1
2023-07-30T04:00Z,6,31,0.3,0.0,7.7,0.2,0.0,8.6,0.0,0.1,83.1
2023-07-30T04:00Z,7,110,0.7,0.1,27.5,0.1,0.0,6.4,0.0,0.0,65.3
2023-07-30T04:00Z,8,56,1.8,0.2,13.3,0.1,0.0,16.0,0.0,0.0,68.5
2023-07-30T04:00Z,9,174,10.9,1.3,37.6,0.0,0.0,1.7,0.0,0.1,48.3
2023-07-30T04:00Z,10,60,1.3,0.1,14.5,0.0,0.0,17.7,0.0,0.2,66.2
2023-07-30T04:00Z,11,272,1.8,0.2,67.9,0.0,0.2,1.9,0.0,0.2,27.8
2023-07-30T04:00Z,12,135,6.1,0.8,30.5,0.1,0.6,7.4,0.0,0.3,54.2
2023-07-30T04:00Z,13,75,1.2,0.1,18.4,0.1,0.0,15.2,0.0,0.2,64.7
2023-07-30T04:00Z,14,115,0.5,0.1,28.9,0.6,0.0,7.6,0.0,0.2,62.1
2023-07-30T04:00Z,15,94,4.8,0.0,22.4,0.3,0.1,13.7,0.0,0.1,58.5
2023-07-30T04:00Z,16,10,1.3,0.0,2.1,2.8,0.0,15.2,0.0,0.0,78.6
2023-07-30T04:00Z,17,73,0.3,0.0,18.5,0.6,0.0,3.3,0.0,0.1,77.3
2023-07-30T04:00Z,18,82,4.0,0.0,19.4,0.7,0.1,13.2,0.0,0.1,62.6
2023-07-30T04:30Z,1,0,0.0,0.0,0.0,15.6,0.0,0.0,0.0,0.0,84.4
2023-07-30T04:30Z,2,11,1.5,0.0,2.4,0.8,0.0,17.7,0.0,0.0,77.7
2023-07-30T04:30Z,3,43,0.3,0.0,10.9,0.1,0.0,26.9,0.0,0.0,61.8
2023-07-30T04:30Z,4,9,0.9,0.0,1.9,0.5,0.0,39.3,0.0,0.1,57.3
2023-07-30T04:30Z,5,132,21.8,0.0,26.9,0.0,0.0,3.3,0.0,0.0,47.9
2023-07-30T04:30Z,6,31,0.3,0.0,7.8,0.2,0.0,8.5,0.0,0.1,83.1
2023-07-30T04:30Z,7,103,0.8,0.1,25.8,0.1,0.0,6.8,0.0,0.1,66.4
2023-07-30T04:30Z,8,57,1.9,0.2,13.4,0.1,0.0,15.9,0.0,0.1,68.4
2023-07-30T04:30Z,9,171,11.1,1.3,36.9,0.0,0.0,1.8,0.0,0.1,48.7
2023-07-30T04:30Z,10,60,1.2,0.2,14.5,0.0,0.0,18.2,0.0,0.2,65.8
2023-07-30T04:30Z,11,269,1.9,0.2,67.4,0.0,0.0,1.8,0.0,0.5,28.2
2023-07-30T04:30Z,12,134,6.3,0.7,30.3,0.1,0.0,7.2,0.0,0.3,55.1
2023-07-30T04:30Z,13,74,1.1,0.1,18.1,0.2,0.0,15.0,0.0,0.2,65.2
2023-07-30T04:30Z,14,113,0.5,0.1,28.5,0.7,0.0,7.3,0.0,0.2,62.7
2023-07-30T04:30Z,15,94,4.8,0.0,22.4,0.3,0.0,13.6,0.0,0.1,58.7
2023-07-30T04:30Z,16,10,1.3,0.0,2.0,3.1,0.0,14.7,0.0,0.0,78.8
2023-07-30T04:30Z,17,71,0.3,0.0,18.0,0.7,0.0,3.2,0.0,0.1,77.7
2023-07-30T04:30Z,18,82,4.0,0.0,19.3,0.7,0.0,13.0,0.0,0.1,62.8
2023-07-30T05:00Z,1,0,0.0,0.0,0.0,16.0,0.0,0.0,0.0,0.0,84.0
2023-07-30T05:00Z,2,11,1.6,0.0,2.4,0.6,0.0,17.8,0.0,0.1,77.6
2023-07-30T05:00Z,3,41,0.3,0.0,10.4,0.1,0.0,27.5,0.0,0.1,61.6
2023-07-30T05:00Z,4,8,1.0,0.0,1.8,0.3,0.0,39.2,0.0,0.4,57.3
2023-07-30T05:00Z,5,130,21.3,0.0,26.6,0.0,0.0,3.3,0.0,0.1,48.7
2023-07-30T05:00Z,6,36,0.4,0.0,9.1,0.1,0.0,8.6,0.0,0.8,81.0
2023-07-30T05:00Z,7,102,0.8,0.1,25.5,0.0,0.0,7.3,0.0,1.0,65.3
2023-07-30T05:00Z,8,57,1.8,0.2,13.4,0.1,0.0,15.8,0.0,0.7,68.0
2023-07-30T05:00Z,9,167,11.0,1.4,35.7,0.0,0.0,1.7,0.0,0.9,49.3
2023-07-30T05:00Z,10,53,1.3,0.2,12.8,0.0,0.0,18.5,0.0,1.2,66.1
2023-07-30T05:00Z,11,296,0.8,0.2,74.4,0.0,0.0,1.7,0.0,4.5,18.5
2023-07-30T05:00Z,12,130,6.3,0.8,29.2,0.1,0.0,6.7,0.0,2.3,54.6
2023-07-30T05:00Z,13,70,1.3,0.1,17.0,0.2,0.0,14.4,0.0,1.3,65.7
2023-07-30T05:00Z,14,111,0.5,0.1,28.0,0.8,0.0,6.3,0.0,1.6,62.8
2023-07-30T05:00Z,15,93,4.7,0.0,22.1,0.3,0.0,13.5,0.0,1.2,58.2
2023-07-30T05:00Z,16,10,1.3,0.0,2.1,3.0,0.0,14.8,0.0,0.1,78.7
2023-07-30T05:00Z,17,72,0.3,0.0,18.1,0.7,0.0,3.2,0.0,0.7,77.1
2023-07-30T05:00Z,18,81,3.9,0.0,19.1,0.7,0.0,12.9,0.0,1.0,62.3
2023-07-30T05:30Z,1,0,0.0,0.0,0.0,15.6,0.0,0.0,0.0,0.0,84.4
2023-07-30T05:30Z,2,12,1.8,0.0,2.4,0.3,0.0,17.1,0.0,0.3,78.0
2023-07-30T05:30Z,3,44,0.3,0.0,11.1,0.1,0.0,28.7,0.0,0.3,59.5
2023-07-30T05:30Z,4,9,1.1,0.0,2.0,0.2,0.0,38.4,0.0,0.8,57.5
2023-07-30T05:30Z,5,131,20.7,0.0,26.9,0.0,0.0,2.7,0.0,0.3,49.4
2023-07-30T05:30Z,6,39,0.4,0.0,9.8,0.1,0.0,8.3,0.0,2.0,79.4
2023-07-30T05:30Z,7,94,0.8,0.1,23.4,0.0,0.0,7.6,0.0,3.0,65.1
2023-07-30T05:30Z,8,59,1.8,0.2,14.0,0.1,0.0,15.5,0.0,1.9,66.5
2023-07-30T05:30Z,9,164,10.6,1.4,35.0,0.0,0.0,1.3,0.0,2.1,49.6
2023-07-30T05:30Z,10,61,1.1,0.1,12.3,0.0,2.0,18.1,0.0,2.5,63.8
2023-07-30T05:30Z,11,233,1.7,0.2,58.1,0.0,0.1,2.1,0.0,10.4,27.3
2023-07-30T05:30Z,12,129,5.8,0.7,29.0,0.1,0.4,5.9,0.0,5.6,52.6
2023-07-30T05:30Z,13,77,1.1,0.1,16.5,0.3,2.6,13.0,0.0,2.8,63.6
2023-07-30T05:30Z,14,115,0.4,0.1,26.9,0.9,4.4,5.1,0.0,3.5,58.7
2023-07-30T05:30Z,15,93,4.5,0.0,21.4,0.3,1.0,13.0,0.0,2.8,57.1
2023-07-30T05:30Z,16,10,1.4,0.0,2.0,2.7,0.0,14.9,0.0,0.3,78.7
2023-07-30T05:30Z,17,72,0.3,0.0,18.3,0.6,0.0,3.0,0.0,1.8,76.0
2023-07-30T05:30Z,18,81,3.8,0.0,18.5,0.7,0.8,12.5,0.0,2.4,61.3
2023-07-30T06:00Z,1,0,0.0,0.0,0.0,15.1,0.0,0.0,0.0,0.0,84.9
2023-07-30T06:00Z,2,12,1.8,0.0,2.5,0.2,0.0,16.3,0.0,0.5,78.7
2023-07-30T06:00Z,3,47,0.3,0.0,11.8,0.0,0.0,28.5,0.0,0.6,58.8
2023-07-30T06:00Z,4,9,1.0,0.0,2.0,0.1,0.0,37.7,0.0,1.1,58.1
2023-07-30T06:00Z,5,132,20.6,0.0,27.3,0.0,0.0,2.2,0.0,0.5,49.3
2023-07-30T06:00Z,6,46,0.4,0.0,11.6,0.0,0.0,8.0,0.0,3.6,76.4
2023-07-30T06:00Z,7,87,0.9,0.1,21.7,0.0,0.0,7.4,0.0,6.2,63.7
2023-07-30T06:00Z,8,62,1.8,0.2,14.8,0.0,0.0,14.7,0.0,3.8,64.6
2023-07-30T06:00Z,9,152,10.5,1.0,33.0,0.0,0.0,1.1,0.0,3.8,50.7
2023-07-30T06:00Z,10,60,0.9,0.1,12.3,0.0,2.1,18.0,0.0,4.0,62.7
2023-07-30T06:00Z,11,200,1.9,0.1,49.7,0.0,0.2,1.8,0.0,17.3,29.0
2023-07-30T06:00Z,12,121,5.4,0.4,27.8,0.1,0.5,5.1,0.0,10.8,49.8
2023-07-30T06:00Z,13,76,0.7,0.0,16.5,0.3,2.9,12.4,0.0,4.6,62.5
2023-07-30T06:00Z,14,115,0.3,0.0,26.7,0.8,4.9,4.3,0.0,5.9,56.9
2023-07-30T06:00Z,15,90,4.4,0.0,20.6,0.3,1.0,12.7,0.0,4.9,56.1
2023-07-30T06:00Z,16,10,1.4,0.0,2.0,2.4,0.0,14.3,0.0,0.4,79.5
2023-07-30T06:00Z,17,77,0.3,0.0,19.3,0.5,0.0,2.9,0.0,3.6,73.4
2023-07-30T06:00Z,18,78,3.7,0.0,17.9,0.6,0.8,12.2,0.0,4.2,60.5
2023-07-30T06:30Z,1,0,0.0,0.0,0.0,14.2,0.0,0.0,0.0,0.0,85.8
2023-07-30T06:30Z,2,11,1.8,0.0,2.3,0.1,0.0,15.6,0.0,0.7,79.4
2023-07-30T06:30Z,3,41,0.3,0.0,10.2,0.0,0.0,28.0,0.0,1.0,60.4
2023-07-30T06:30Z,4,9,1.0,0.0,1.9,0.0,0.0,34.7,0.0,2.1,60.3
2023-07-30T06:30Z,5,129,20.7,0.0,26.5,0.0,0.0,2.1,0.0,1.1,49.6
2023-07-30T06:30Z,6,48,0.3,0.0,12.2,0.0,0.0,7.2,0.0,5.6,74.6
2023-07-30T06:30Z,7,89,0.9,0.1,22.2,0.0,0.0,6.8,0.0,9.3,60.7
2023-07-30T06:30Z,8,60,1.9,0.2,14.3,0.0,0.0,14.7,0.0,6.2,62.7
2023-07-30T06:30Z,9,146,9.8,1.2,31.3,0.0,0.0,0.9,0.0,6.2,50.6
2023-07-30T06:30Z,10,82,0.5,0.1,8.8,0.0,9.7,15.4,0.0,5.8,59.7
2023-07-30T06:30Z,11,191,1.4,0.1,47.2,0.0,1.0,1.7,0.0,23.6,25.1
2023-07-30T06:30Z,12,114,4.4,0.5,24.8,0.1,3.2,4.6,0.0,17.7,44.5
2023-07-30T06:30Z,13,97,0.4,0.1,14.1,0.2,12.5,11.7,0.0,6.5,54.6
2023-07-30T06:30Z,14,127,0.1,0.0,24.5,0.7,17.9,4.3,0.0,7.9,44.6
2023-07-30T06:30Z,15,92,4.1,0.0,18.6,0.3,4.4,12.0,0.0,7.4,53.2
2023-07-30T06:30Z,16,9,1.4,0.0,1.9,1.8,0.0,13.2,0.0,0.6,81.1
2023-07-30T06:30Z,17,75,0.3,0.0,18.9,0.4,0.0,2.8,0.0,5.6,72.1
2023-07-30T06:30Z,18,81,3.5,0.0,16.3,0.5,3.5,11.6,0.0,6.3,58.3
2023-07-30T07:00Z,1,0,0.0,0.0,0.0,13.1,0.0,0.0,0.0,0.0,86.9
2023-07-30T07:00Z,2,12,1.4,0.0,2.6,0.1,0.0,15.2,0.0,0.9,79.8
2023-07-30T07:00Z,3,45,0.2,0.0,11.4,0.0,0.0,27.6,0.0,1.4,59.3
2023-07-30T07:00Z,4,9,0.7,0.0,2.0,0.1,0.0,33.5,0.0,3.8,60.0
2023-07-30T07:00Z,5,131,17.1,0.0,28.1,0.0,0.0,1.9,0.0,2.2,50.8
2023-07-30T07:00Z,6,43,0.3,0.0,10.8,0.0,0.0,7.0,0.0,7.6,74.2
2023-07-30T07:00Z,7,82,0.7,0.0,20.5,0.0,0.0,6.7,0.0,10.7,61.2
2023-07-30T07:00Z,8,58,1.5,0.1,14.1,0.0,0.0,14.7,0.0,8.1,61.4
2023-07-30T07:00Z,9,140,7.7,0.6,31.8,0.0,0.0,0.8,0.0,8.6,50.4
2023-07-30T07:00Z,10,75,0.5,0.0,6.5,0.0,10.2,14.9,0.0,8.2,59.8
2023-07-30T07:00Z,11,191,0.8,0.1,47.7,0.0,0.6,1.5,0.0,27.9,21.5
2023-07-30T07:00Z,12,107,3.4,0.3,24.3,0.1,2.6,4.0,0.0,23.8,41.4
2023-07-30T07:00Z,13,90,0.3,0.0,12.0,0.3,12.7,11.2,0.0,9.2,54.3
2023-07-30T07:00Z,14,120,0.1,0.0,22.7,0.9,17.6,4.1,0.0,11.0,43.7
2023-07-30T07:00Z,15,88,3.3,0.0,17.7,0.3,4.4,11.6,0.0,9.9,52.8
2023-07-30T07:00Z,16,10,1.1,0.0,2.1,1.3,0.0,13.6,0.0,0.8,81.1
2023-07-30T07:00Z,17,77,0.2,0.0,19.3,0.3,0.0,2.8,0.0,6.4,71.0
2023-07-30T07:00Z,18,78,2.8,0.0,15.9,0.4,3.5,11.2,0.0,8.5,57.7
2023-07-30T07:30Z,1,0,0.0,0.0,0.0,12.1,0.0,0.0,0.0,0.0,87.9
2023-07-30T07:30Z,2,11,0.9,0.0,2.6,0.2,0.0,15.0,0.0,1.1,80.2
2023-07-30T07:30Z,3,42,0.2,0.0,10.7,0.0,0.0,27.4,0.0,1.7,60.0
2023-07-30T07:30Z,4,8,0.5,0.0,1.8,0.1,0.0,31.9,0.0,5.4,60.4
2023-07-30T07:30Z,5,132,11.1,0.0,30.1,0.0,0.0,1.7,0.0,3.2,53.9
2023-07-30T07:30Z,6,43,0.2,0.0,10.8,0.0,0.0,6.6,0.0,9.2,73.2
2023-07-30T07:30Z,7,81,0.5,0.1,20.2,0.0,0.0,6.7,0.0,11.1,61.5
2023-07-30T07:30Z,8,56,0.9,0.1,13.7,0.0,0.0,13.6,0.0,9.3,62.3
2023-07-30T07:30Z,9,131,4.9,0.6,30.3,0.0,0.0,0.9,0.0,11.1,52.2
2023-07-30T07:30Z,10,77,0.2,0.0,7.0,0.0,10.3,14.3,0.0,10.3,57.9
2023-07-30T07:30Z,11,168,0.6,0.1,41.9,0.1,0.8,1.4,0.0,33.1,22.2
2023-07-30T07:30Z,12,101,2.1,0.2,23.3,0.2,2.7,3.6,0.0,27.2,40.7
2023-07-30T07:30Z,13,89,0.1,0.0,11.7,0.4,12.5,10.4,0.0,11.6,53.3
2023-07-30T07:30Z,14,114,0.0,0.0,21.3,1.2,16.6,3.8,0.0,13.9,43.1
2023-07-30T07:30Z,15,84,2.1,0.0,17.1,0.3,4.3,11.0,0.0,12.0,53.2
2023-07-30T07:30Z,16,10,0.7,0.0,2.2,0.8,0.0,13.8,0.0,1.0,81.5
2023-07-30T07:30Z,17,84,0.1,0.0,21.3,0.2,0.0,2.7,0.0,6.9,68.8
2023-07-30T07:30Z,18,76,1.8,0.0,15.6,0.3,3.5,10.8,0.0,10.3,57.7
2023-07-30T08:00Z,1,0,0.0,0.0,0.0,10.2,0.0,0.0,0.0,0.0,89.8
2023-07-30T08:00Z,2,11,1.0,0.0,2.5,0.1,0.0,14.6,0.0,1.3,80.5
2023-07-30T08:00Z,3,37,0.2,0.0,9.3,0.0,0.0,26.6,0.0,2.0,61.9
2023-07-30T08:00Z,4,7,0.5,0.0,1.6,0.1,0.0,30.3,0.0,6.4,61.1
2023-07-30T08:00Z,5,133,10.9,0.0,30.4,0.0,0.0,1.0,0.0,3.3,54.3
2023-07-30T08:00Z,6,47,0.2,0.0,11.8,0.0,0.0,6.0,0.0,10.8,71.1
2023-07-30T08:00Z,7,80,0.5,0.1,20.0,0.0,0.0,6.5,0.0,12.4,60.5
2023-07-30T08:00Z,8,59,1.0,0.1,14.4,0.0,0.0,12.4,0.0,10.1,62.0
2023-07-30T08:00Z,9,132,4.3,0.7,30.3,0.0,0.0,1.0,0.0,12.9,50.8
2023-07-30T08:00Z,10,68,0.0,0.0,5.1,0.0,10.2,14.0,0.0,12.7,58.1
2023-07-30T08:00Z,11,154,0.5,0.1,38.1,0.1,1.0,1.1,0.0,37.5,21.6
2023-07-30T08:00Z,12,100,1.7,0.3,22.5,0.3,3.6,3.2,0.0,30.0,38.4
2023-07-30T08:00Z,13,82,0.0,0.0,10.3,0.5,12.3,10.0,0.0,14.0,52.9
2023-07-30T08:00Z,14,109,0.0,0.0,20.6,1.3,16.4,3.5,0.0,16.4,41.9
2023-07-30T08:00Z,15,82,2.0,0.0,16.7,0.3,4.2,10.5,0.0,13.6,52.8
2023-07-30T08:00Z,16,9,0.9,0.0,2.0,0.7,0.0,13.2,0.0,1.1,82.0
2023-07-30T08:00Z,17,77,0.2,0.0,19.4,0.1,0.0,2.5,0.0,8.3,69.4
2023-07-30T08:00Z,18,73,1.7,0.0,15.0,0.3,3.4,10.3,0.0,11.7,57.5
2023-07-30T08:30Z,1,0,0.0,0.0,0.0,10.7,0.0,0.0,0.0,0.0,89.3
2023-07-30T08:30Z,2,10,1.0,0.0,2.1,0.2,0.0,14.0,0.0,1.4,81.2
2023-07-30T08:30Z,3,40,0.2,0.0,10.0,0.0,0.0,25.4,0.0,2.2,62.2
2023-07-30T08:30Z,4,6,0.5,0.0,1.4,0.1,0.0,27.1,0.0,7.2,63.7
2023-07-30T08:30Z,5,119,10.9,0.0,26.8,0.0,0.0,1.7,0.0,3.7,57.0
2023-07-30T08:30Z,6,44,0.2,0.0,11.0,0.0,0.0,6.1,0.0,12.5,70.1
2023-07-30T08:30Z,7,94,0.4,0.3,23.0,0.0,0.0,5.1,0.0,14.1,57.0
2023-07-30T08:30Z,8,63,0.9,0.7,13.7,0.0,0.1,12.6,0.0,10.9,61.0
2023-07-30T08:30Z,9,148,3.8,3.6,27.3,0.0,0.5,1.0,0.0,14.2,49.6
2023-07-30T08:30Z,10,77,0.0,0.0,4.9,0.0,12.2,13.1,0.0,14.3,55.6
2023-07-30T08:30Z,11,153,0.4,0.3,37.2,0.0,1.7,1.1,0.0,40.1,19.2
2023-07-30T08:30Z,12,107,1.5,1.4,20.2,0.2,6.9,3.2,0.0,30.3,36.3
2023-07-30T08:30Z,13,88,0.0,0.0,9.3,0.3,17.5,9.4,0.0,15.0,48.5
2023-07-30T08:30Z,14,107,0.0,0.0,16.8,0.7,26.6,3.4,0.0,16.3,36.2
2023-07-30T08:30Z,15,82,1.9,0.0,15.6,0.2,6.1,10.0,0.0,14.6,51.6
2023-07-30T08:30Z,16,9,0.9,0.0,1.9,1.3,0.0,12.4,0.0,1.2,82.3
2023-07-30T08:30Z,17,68,0.2,0.0,17.3,0.2,0.0,2.5,0.0,10.1,69.7
2023-07-30T08:30Z,18,75,1.6,0.0,14.1,0.4,5.0,9.9,0.0,12.7,56.4
2023-07-30T09:00Z,1,0,0.0,0.0,0.0,8.9,0.0,0.0,0.0,0.0,91.1
2023-07-30T09:00Z,2,11,1.1,0.0,2.4,0.1,0.0,14.7,0.0,1.7,80.1
2023-07-30T09:00Z,3,42,0.2,0.0,10.7,0.0,0.0,25.2,0.0,2.4,61.5
2023-07-30T09:00Z,4,7,0.6,0.0,1.6,0.0,0.0,26.0,0.0,7.7,64.0
2023-07-30T09:00Z,5,126,10.7,0.0,28.8,0.0,0.0,1.0,0.0,4.3,55.1
2023-07-30T09:00Z,6,46,0.2,0.0,11.7,0.0,0.0,6.0,0.0,13.3,68.8
2023-07-30T09:00Z,7,56,0.5,0.1,13.7,0.0,0.1,6.1,0.0,16.6,62.8
2023-07-30T09:00Z,8,61,0.9,0.3,14.4,0.0,0.2,12.0,0.0,12.4,59.8
2023-07-30T09:00Z,9,127,3.5,1.3,27.1,0.0,0.9,1.0,0.0,16.1,50.2
2023-07-30T09:00Z,10,74,0.0,0.0,4.2,0.0,12.2,13.3,0.0,15.4,54.9
2023-07-30T09:00Z,11,161,0.3,0.1,39.9,0.1,1.7,0.9,0.0,38.9,18.2
2023-07-30T09:00Z,12,103,1.3,0.4,21.0,0.3,8.0,2.8,0.0,31.7,34.5
2023-07-30T09:00Z,13,89,0.0,0.0,9.7,0.4,17.7,8.9,0.0,15.8,47.5
2023-07-30T09:00Z,14,113,0.0,0.0,18.6,1.1,26.7,2.9,0.0,16.4,34.4
2023-07-30T09:00Z,15,82,1.8,0.0,15.5,0.2,6.1,9.9,0.0,15.3,51.1
2023-07-30T09:00Z,16,9,1.0,0.0,2.0,0.6,0.0,12.8,0.0,1.5,82.2
2023-07-30T09:00Z,17,79,0.2,0.0,19.9,0.1,0.0,2.4,0.0,10.9,66.5
2023-07-30T09:00Z,18,73,1.6,0.0,14.1,0.3,5.0,9.7,0.0,13.3,56.0
2023-07-30T09:30Z,1,0,0.0,0.0,0.0,10.8,0.0,0.0,0.0,0.0,89.2
2023-07-30T09:30Z,2,9,1.2,0.0,2.0,0.0,0.0,15.0,0.0,2.0,79.8
2023-07-30T09:30Z,3,35,0.2,0.0,8.7,0.0,0.0,25.4,0.0,2.7,62.9
2023-07-30T09:30Z,4,5,0.6,0.0,1.0,0.0,4.9,26.1,0.0,7.5,59.9
2023-07-30T09:30Z,5,126,10.7,0.0,28.8,0.0,0.0,0.8,0.0,5.3,54.4
2023-07-30T09:30Z,6,40,0.2,0.0,10.2,0.0,0.0,6.3,0.0,15.2,68.2
2023-07-30T09:30Z,7,146,0.4,0.4,35.9,0.0,0.1,3.9,0.0,12.8,46.5
2023-07-30T09:30Z,8,63,1.0,1.1,12.8,0.0,0.2,12.1,0.0,14.6,58.2
2023-07-30T09:30Z,9,155,3.5,4.7,25.9,0.0,1.0,0.6,0.0,16.0,48.4
2023-07-30T09:30Z,10,86,0.0,0.0,3.6,0.0,15.2,12.8,0.0,14.8,53.6
2023-07-30T09:30Z,11,155,0.4,0.6,36.5,0.1,3.2,1.1,0.0,35.0,23.2
2023-07-30T09:30Z,12,109,1.3,1.8,18.3,0.2,10.8,2.9,0.0,31.0,33.8
2023-07-30T09:30Z,13,94,0.0,0.0,8.1,0.3,22.7,8.6,0.0,15.4,44.8
2023-07-30T09:30Z,14,107,0.0,0.0,15.1,0.8,34.4,2.5,0.0,16.2,31.1
2023-07-30T09:30Z,15,83,1.8,0.1,14.5,0.2,8.4,9.7,0.0,15.1,50.2
2023-07-30T09:30Z,16,8,1.0,0.0,1.7,1.4,0.0,13.0,0.0,1.7,81.3
2023-07-30T09:30Z,17,105,0.2,0.0,26.5,0.2,0.0,2.0,0.0,10.3,60.9
2023-07-30T09:30Z,18,78,1.6,0.0,13.7,0.3,6.9,9.7,0.0,13.2,54.5
2023-07-30T10:00Z,1,0,0.0,0.0,0.0,9.2,0.0,0.0,0.0,0.0,90.8
2023-07-30T10:00Z,2,12,1.1,0.0,2.6,0.1,0.0,15.0,0.0,2.6,78.6
2023-07-30T10:00Z,3,46,0.2,0.0,11.6,0.0,0.3,25.2,0.0,3.0,59.7
2023-07-30T10:00Z,4,5,0.4,0.0,1.0,0.0,13.2,27.2,0.0,7.5,50.6
2023-07-30T10:00Z,5,130,10.3,0.0,29.9,0.0,0.5,1.4,0.0,5.3,52.6
2023-07-30T10:00Z,6,55,0.2,0.0,13.8,0.0,0.0,6.2,0.0,15.0,64.7
2023-07-30T10:00Z,7,104,0.5,0.1,26.0,0.0,0.1,6.2,0.0,14.3,52.8
2023-07-30T10:00Z,8,63,1.0,0.3,15.0,0.0,0.3,12.2,0.0,15.0,56.3
2023-07-30T10:00Z,9,126,4.0,1.3,27.2,0.0,0.6,0.8,0.0,17.2,48.9
2023-07-30T10:00Z,10,91,0.0,0.0,4.9,0.0,15.3,12.9,0.0,15.2,51.7
2023-07-30T10:00Z,11,150,0.4,0.1,36.3,0.1,2.9,0.8,0.0,35.7,23.7
2023-07-30T10:00Z,12,110,1.5,0.5,22.5,0.2,9.6,2.6,0.0,30.0,33.2
2023-07-30T10:00Z,13,105,0.0,0.0,10.7,0.3,22.8,8.2,0.0,14.9,43.2
2023-07-30T10:00Z,14,126,0.0,0.0,19.7,0.8,34.4,1.1,0.0,14.4,29.6
2023-07-30T10:00Z,15,92,1.8,0.3,16.2,0.2,8.8,9.6,0.0,15.2,47.9
2023-07-30T10:00Z,16,10,1.0,0.0,2.2,0.5,0.0,13.7,0.0,2.3,80.4
2023-07-30T10:00Z,17,97,0.2,0.0,24.5,0.1,0.0,2.3,0.0,10.2,62.7
2023-07-30T10:00Z,18,82,1.6,0.2,15.0,0.2,7.1,9.7,0.0,13.3,52.8
2023-07-30T10:30Z,1,0,0.0,0.0,0.0,8.7,0.0,0.0,0.0,0.0,91.3
2023-07-30T10:30Z,2,13,1.2,0.0,2.9,0.2,0.0,15.0,0.0,3.1,77.7
2023-07-30T10:30Z,3,53,0.2,0.0,13.3,0.0,0.4,24.7,0.0,3.3,58.1
2023-07-30T10:30Z,4,5,0.4,0.0,1.0,0.1,19.6,24.3,0.0,7.9,46.6
2023-07-30T10:30Z,5,140,9.8,0.0,32.4,0.0,0.9,1.6,0.0,4.9,50.5
2023-07-30T10:30Z,6,64,0.2,0.0,16.1,0.0,0.1,6.3,0.0,14.5,62.8
2023-07-30T10:30Z,7,104,0.5,0.2,25.9,0.0,0.2,6.2,0.0,14.4,52.7
2023-07-30T10:30Z,8,67,0.9,0.3,16.1,0.0,0.3,12.2,0.0,15.0,55.2
2023-07-30T10:30Z,9,121,4.1,1.5,25.6,0.0,0.6,0.9,0.0,18.2,49.0
2023-07-30T10:30Z,10,99,0.0,0.0,5.6,0.0,16.2,12.6,0.0,15.5,50.1
2023-07-30T10:30Z,11,149,0.4,0.1,36.4,0.0,2.3,0.8,0.0,36.9,23.0
2023-07-30T10:30Z,12,115,1.6,0.6,23.9,0.1,8.5,2.6,0.0,29.3,33.3
2023-07-30T10:30Z,13,115,0.0,0.0,12.7,0.2,22.4,7.9,0.0,14.5,42.3
2023-07-30T10:30Z,14,140,0.0,0.0,24.1,0.6,32.2,0.5,0.0,12.9,29.7
2023-07-30T10:30Z,15,98,1.8,0.6,16.9,0.2,9.9,9.4,0.0,15.1,46.1
2023-07-30T10:30Z,16,10,1.0,0.0,2.3,0.7,0.0,13.4,0.0,2.8,79.8
2023-07-30T10:30Z,17,109,0.2,0.0,27.5,0.1,0.0,2.3,0.0,9.5,60.5
2023-07-30T10:30Z,18,87,1.6,0.4,15.8,0.2,8.1,9.4,0.0,13.2,51.2
2023-07-30T11:00Z,1,0,0.0,0.0,0.0,8.8,0.0,0.0,0.0,0.0,91.2
2023-07-30T11:00Z,2,13,1.1,0.0,3.0,0.2,0.0,15.1,0.0,3.1,77.4
2023-07-30T11:00Z,3,56,0.2,0.0,14.1,0.0,0.1,24.7,0.0,3.3,57.5
2023-07-30T11:00Z,4,6,0.5,0.0,1.2,0.1,14.5,23.0,0.0,9.4,51.3
2023-07-30T11:00Z,5,146,9.9,0.0,34.0,0.0,0.4,1.9,0.0,4.4,49.3
2023-07-30T11:00Z,6,58,0.2,0.0,14.6,0.0,0.0,6.7,0.0,13.1,65.3
2023-07-30T11:00Z,7,109,0.5,0.2,27.1,0.0,0.1,5.9,0.0,13.5,52.8
2023-07-30T11:00Z,8,69,1.0,0.3,16.4,0.0,0.2,12.5,0.0,14.1,55.5
2023-07-30T11:00Z,9,132,4.1,1.6,28.1,0.0,0.5,1.1,0.0,17.2,47.4
2023-07-30T11:00Z,10,100,0.0,0.0,5.7,0.0,16.4,12.8,0.0,14.9,50.2
2023-07-30T11:00Z,11,139,0.5,0.2,33.4,0.0,2.8,1.1,0.0,36.2,25.8
2023-07-30T11:00Z,12,123,1.6,0.6,25.6,0.1,8.9,2.9,0.0,25.6,34.7
2023-07-30T11:00Z,13,117,0.0,0.0,13.1,0.2,22.5,7.9,0.0,13.2,43.1
2023-07-30T11:00Z,14,145,0.0,0.0,25.2,0.5,32.3,0.4,0.0,10.4,31.2
2023-07-30T11:00Z,15,99,1.8,0.4,17.5,0.2,10.1,9.4,0.0,14.1,46.5
2023-07-30T11:00Z,16,11,1.0,0.0,2.4,0.9,0.0,13.6,0.0,2.7,79.4
2023-07-30T11:00Z,17,114,0.2,0.0,29.0,0.2,0.0,2.2,0.0,8.5,60.0
2023-07-30T11:00Z,18,89,1.6,0.3,16.3,0.3,8.3,9.5,0.0,12.4,51.3
2023-07-30T11:30Z,1,0,0.0,0.0,0.0,9.1,0.0,0.0,0.0,0.0,90.9
2023-07-30T11:30Z,2,11,1.1,0.0,2.4,0.3,0.0,15.7,0.0,3.1,77.4
2023-07-30T11:30Z,3,50,0.2,0.0,12.6,0.1,0.4,25.2,0.0,3.6,57.9
2023-07-30T11:30Z,4,5,0.4,0.0,0.9,0.1,20.1,21.8,0.0,9.3,47.5
2023-07-30T11:30Z,5,128,9.8,0.0,29.4,0.0,1.2,2.3,0.0,4.7,52.6
2023-07-30T11:30Z,6,51,0.2,0.0,13.0,0.1,0.1,7.1,0.0,12.5,67.1
2023-07-30T11:30Z,7,103,0.5,0.1,25.6,0.0,0.2,5.3,0.0,13.6,54.7
2023-07-30T11:30Z,8,61,0.9,0.2,14.6,0.0,0.4,13.0,0.0,13.7,57.2
2023-07-30T11:30Z,9,119,4.1,1.1,25.7,0.0,0.9,1.3,0.0,17.2,49.7
2023-07-30T11:30Z,10,98,0.0,0.0,3.6,0.0,17.6,12.9,0.0,15.0,50.9
2023-07-30T11:30Z,11,104,0.6,0.2,24.0,0.1,5.3,1.3,0.0,38.2,30.3
2023-07-30T11:30Z,12,111,1.5,0.4,22.0,0.2,13.6,3.2,0.0,23.4,35.7
2023-07-30T11:30Z,13,111,0.0,0.0,10.2,0.2,25.0,8.0,0.0,12.6,44.0
2023-07-30T11:30Z,14,132,0.0,0.0,20.7,0.6,36.8,0.4,0.0,8.8,32.8
2023-07-30T11:30Z,15,88,1.8,0.1,14.8,0.2,11.8,9.7,0.0,13.8,47.8
2023-07-30T11:30Z,16,9,0.9,0.0,2.0,0.9,0.0,13.8,0.0,2.8,79.6
2023-07-30T11:30Z,17,99,0.2,0.0,25.0,0.1,0.0,2.2,0.0,8.7,63.7
2023-07-30T11:30Z,18,80,1.6,0.1,13.9,0.3,9.6,9.7,0.0,12.2,52.7
2023-07-30T12:00Z,1,0,0.0,0.0,0.0,10.1,0.0,0.0,0.0,0.0,89.9
2023-07-30T12:00Z,2,11,1.1,0.0,2.4,0.5,0.0,16.0,0.0,3.6,76.4
2023-07-30T12:00Z,3,49,0.2,0.0,12.3,0.1,1.7,25.3,0.0,3.7,56.7
2023-07-30T12:00Z,4,4,0.3,0.0,0.7,0.1,32.1,21.8,0.0,7.3,37.7
2023-07-30T12:00Z,5,126,9.3,0.0,29.0,0.0,2.9,2.2,0.0,4.4,52.1
2023-07-30T12:00Z,6,52,0.2,0.0,13.0,0.1,0.3,7.4,0.0,12.8,66.1
2023-07-30T12:00Z,7,114,0.4,0.1,28.5,0.0,0.4,4.5,0.0,11.5,54.6
2023-07-30T12:00Z,8,60,0.9,0.2,14.5,0.1,1.1,13.2,0.0,12.9,57.1
2023-07-30T12:00Z,9,119,4.2,1.1,26.2,0.0,1.4,1.4,0.0,15.4,50.3
2023-07-30T12:00Z,10,97,0.0,0.0,3.4,0.0,17.6,12.4,0.0,14.6,51.9
2023-07-30T12:00Z,11,100,0.7,0.2,23.2,0.1,4.3,1.3,0.0,38.7,31.6
2023-07-30T12:00Z,12,111,1.7,0.4,22.5,0.2,10.9,3.3,0.0,21.9,39.0
2023-07-30T12:00Z,13,110,0.0,0.0,9.9,0.3,25.0,8.1,0.0,11.8,45.0
2023-07-30T12:00Z,14,131,0.0,0.0,20.3,0.7,37.1,0.5,0.0,7.4,34.1
2023-07-30T12:00Z,15,88,1.8,0.0,15.0,0.2,11.7,9.8,0.0,13.2,48.3
2023-07-30T12:00Z,16,9,0.9,0.0,2.0,0.7,0.0,13.8,0.0,3.2,79.4
2023-07-30T12:00Z,17,98,0.1,0.0,24.8,0.1,0.0,2.1,0.0,8.9,63.9
2023-07-30T12:00Z,18,79,1.6,0.0,14.0,0.2,9.5,9.8,0.0,11.7,53.2
2023-07-30T12:30Z,1,0,0.0,0.0,0.0,13.5,0.0,0.0,0.0,0.0,86.5
2023-07-30T12:30Z,2,10,1.1,0.0,2.3,0.3,0.0,16.6,0.0,4.4,75.3
2023-07-30T12:30Z,3,46,0.2,0.0,11.6,0.0,1.1,25.7,0.0,3.8,57.6
2023-07-30T12:30Z,4,4,0.3,0.0,0.6,0.1,30.7,22.6,0.0,7.5,38.2
2023-07-30T12:30Z,5,127,10.0,0.0,29.3,0.0,1.7,1.6,0.0,4.3,53.2
2023-07-30T12:30Z,6,53,0.2,0.0,13.5,0.1,0.2,7.8,0.0,13.5,64.8
2023-07-30T12:30Z,7,107,0.3,0.1,26.8,0.0,0.3,4.1,0.0,10.5,57.9
2023-07-30T12:30Z,8,62,1.0,0.3,14.4,0.0,0.9,13.5,0.0,13.0,57.0
2023-07-30T12:30Z,9,118,4.1,1.5,24.0,0.0,1.7,1.6,0.0,14.9,52.2
2023-07-30T12:30Z,10,94,0.0,0.0,2.8,0.0,17.5,12.5,0.0,13.9,53.3
2023-07-30T12:30Z,11,104,0.5,0.2,24.4,0.0,3.5,1.1,0.0,41.0,29.4
2023-07-30T12:30Z,12,111,1.6,0.6,21.3,0.1,11.9,3.1,0.0,21.9,39.3
2023-07-30T12:30Z,13,106,0.0,0.0,9.1,0.2,25.0,8.1,0.0,11.0,46.6
2023-07-30T12:30Z,14,126,0.0,0.0,19.1,0.5,37.1,0.4,0.0,6.5,36.4
2023-07-30T12:30Z,15,86,1.8,0.0,14.4,0.2,11.8,9.9,0.0,12.8,49.2
2023-07-30T12:30Z,16,9,0.9,0.0,2.0,1.3,0.0,14.5,0.0,3.8,77.4
2023-07-30T12:30Z,17,88,0.1,0.0,22.3,0.2,0.0,2.1,0.0,9.2,66.1
2023-07-30T12:30Z,18,77,1.6,0.0,13.3,0.3,9.6,10.0,0.0,11.4,53.7
2023-07-30T13:00Z,1,0,0.0,0.0,0.0,17.0,0.0,0.0,0.0,0.0,83.0
2023-07-30T13:00Z,2,10,1.2,0.0,2.2,0.5,0.0,17.3,0.0,4.9,74.0
2023-07-30T13:00Z,3,42,0.2,0.0,10.6,0.1,1.8,25.9,0.0,3.9,57.6
2023-07-30T13:00Z,4,3,0.3,0.0,0.5,0.1,35.0,22.5,0.0,7.6,34.0
2023-07-30T13:00Z,5,122,10.5,0.0,27.8,0.0,2.5,1.3,0.0,5.0,52.9
2023-07-30T13:00Z,6,54,0.2,0.0,13.7,0.1,0.4,8.8,0.0,12.0,64.9
2023-07-30T13:00Z,7,100,0.3,0.1,24.9,0.0,0.4,3.8,0.0,9.2,61.3
2023-07-30T13:00Z,8,61,1.1,0.3,14.0,0.1,1.3,14.0,0.0,11.8,57.4
2023-07-30T13:00Z,9,118,4.4,1.5,23.8,0.0,2.0,1.5,0.0,14.3,52.4
2023-07-30T13:00Z,10,94,0.0,0.0,2.7,0.0,17.6,12.6,0.0,12.7,54.4
2023-07-30T13:00Z,11,94,0.6,0.2,21.5,0.1,4.3,1.0,0.0,40.8,31.6
2023-07-30T13:00Z,12,108,1.7,0.6,20.3,0.2,12.9,3.0,0.0,21.3,40.0
2023-07-30T13:00Z,13,104,0.0,0.0,8.2,0.3,25.2,8.2,0.0,10.3,47.8
2023-07-30T13:00Z,14,122,0.0,0.0,17.5,0.7,37.8,0.6,0.0,6.4,37.0
2023-07-30T13:00Z,15,85,1.9,0.2,13.7,0.3,12.2,10.0,0.0,12.3,49.5
2023-07-30T13:00Z,16,9,1.0,0.0,1.9,2.4,0.0,14.7,0.0,4.3,75.8
2023-07-30T13:00Z,17,87,0.2,0.0,22.0,0.4,0.0,2.2,0.0,8.3,67.1
2023-07-30T13:00Z,18,76,1.7,0.2,12.7,0.6,9.9,10.1,0.0,11.1,53.9
2023-07-30T13:30Z,1,0,0.0,0.0,0.0,23.4,0.0,0.0,0.0,0.0,76.6
2023-07-30T13:30Z,2,11,1.2,0.0,2.4,0.7,0.0,19.1,0.0,5.2,71.4
2023-07-30T13:30Z,3,47,0.2,0.0,11.9,0.1,0.7,26.6,0.0,3.7,56.8
2023-07-30T13:30Z,4,4,0.3,0.0,0.7,0.2,26.9,21.5,0.0,10.0,40.4
2023-07-30T13:30Z,5,131,11.1,0.0,29.8,0.0,0.9,1.2,0.0,5.5,51.5
2023-07-30T13:30Z,6,62,0.2,0.0,15.7,0.1,0.2,10.3,0.0,10.1,63.4
2023-07-30T13:30Z,7,98,0.3,0.1,24.6,0.0,0.2,3.3,0.0,8.6,62.9
2023-07-30T13:30Z,8,67,1.1,0.3,15.5,0.1,0.8,15.0,0.0,11.1,56.2
2023-07-30T13:30Z,9,119,4.4,1.1,24.3,0.0,2.1,1.2,0.0,14.9,52.0
2023-07-30T13:30Z,10,95,0.0,0.0,2.9,0.0,17.5,13.9,0.0,10.8,54.9
2023-07-30T13:30Z,11,111,0.4,0.1,26.4,0.1,3.3,0.9,0.0,40.2,28.6
2023-07-30T13:30Z,12,116,1.6,0.4,22.0,0.4,13.5,2.9,0.0,21.4,37.8
2023-07-30T13:30Z,13,109,0.0,0.0,9.5,0.5,25.6,8.7,0.0,8.8,47.0
2023-07-30T13:30Z,14,131,0.0,0.0,19.9,1.2,38.4,0.6,0.0,5.7,34.1
2023-07-30T13:30Z,15,91,1.9,0.4,14.8,0.4,12.2,10.2,0.0,11.7,48.4
2023-07-30T13:30Z,16,9,1.0,0.0,2.0,3.7,0.0,16.0,0.0,4.5,72.7
2023-07-30T13:30Z,17,95,0.2,0.0,23.9,0.5,0.0,2.0,0.0,7.3,66.1
2023-07-30T13:30Z,18,81,1.7,0.3,13.7,0.8,10.0,10.4,0.0,10.5,52.5
2023-07-30T14:00Z,1,0,0.0,0.0,0.0,26.2,0.0,0.0,0.0,0.0,73.8
2023-07-30T14:00Z,2,12,1.3,0.0,2.6,0.5,0.0,21.6,0.0,5.3,68.6
2023-07-30T14:00Z,3,47,0.4,0.0,11.8,0.1,1.9,28.4,0.0,3.4,54.1
2023-07-30T14:00Z,4,4,0.3,0.0,0.5,0.1,40.8,18.9,0.0,9.1,30.4
2023-07-30T14:00Z,5,134,12.2,0.0,30.4,0.0,0.7,1.5,0.0,5.3,50.0
2023-07-30T14:00Z,6,67,0.3,0.0,16.9,0.1,0.5,12.3,0.0,10.2,59.6
2023-07-30T14:00Z,7,128,0.3,0.3,31.6,0.0,0.3,1.9,0.0,10.5,55.0
2023-07-30T14:00Z,8,90,1.3,1.3,18.6,0.1,1.4,14.9,0.0,11.0,51.4
2023-07-30T14:00Z,9,175,3.6,4.5,30.7,0.0,1.9,1.3,0.0,14.2,43.9
2023-07-30T14:00Z,10,103,0.0,0.0,4.1,0.0,18.3,14.9,0.0,8.2,54.5
2023-07-30T14:00Z,11,118,0.3,0.4,27.1,0.1,6.6,0.8,0.0,42.0,22.6
2023-07-30T14:00Z,12,132,1.2,1.5,22.0,0.4,25.8,2.5,0.0,18.3,28.2
2023-07-30T14:00Z,13,114,0.0,0.0,9.9,0.5,27.0,8.6,0.0,7.0,47.0
2023-07-30T14:00Z,14,131,0.0,0.0,19.1,1.3,40.5,0.7,0.0,4.8,33.5
2023-07-30T14:00Z,15,105,2.0,0.9,16.8,0.4,12.3,10.7,0.0,11.1,45.9
2023-07-30T14:00Z,16,10,1.1,0.0,2.2,3.9,0.0,18.0,0.0,4.5,70.2
2023-07-30T14:00Z,17,114,0.2,0.0,29.0,0.4,0.0,1.3,0.0,8.3,60.8
2023-07-30T14:00Z,18,94,1.8,0.7,15.7,0.8,10.0,11.0,0.0,10.1,49.8
2023-07-30T14:30Z,1,0,0.0,0.0,0.0,26.7,0.0,0.2,0.0,0.0,73.1
2023-07-30T14:30Z,2,14,1.4,0.0,3.2,0.2,0.1,21.8,0.0,5.1,68.2
2023-07-30T14:30Z,3,56,0.1,0.0,14.1,0.0,7.9,27.6,0.0,2.7,47.6
2023-07-30T14:30Z,4,2,0.0,0.0,0.0,0.0,64.7,14.6,0.0,4.9,15.9
2023-07-30T14:30Z,5,136,10.5,0.0,31.2,0.0,6.6,1.8,0.0,4.4,45.5
2023-07-30T14:30Z,6,74,0.3,0.0,18.8,0.0,2.6,13.1,0.0,9.8,55.4
2023-07-30T14:30Z,7,113,0.2,0.0,28.5,0.0,0.8,2.1,0.0,11.4,56.9
2023-07-30T14:30Z,8,78,1.3,0.0,19.5,0.0,4.9,15.7,0.0,10.1,48.5
2023-07-30T14:30Z,9,128,4.5,0.0,31.0,0.0,2.8,1.4,0.0,14.8,45.5
2023-07-30T14:30Z,10,103,0.0,0.0,4.5,0.0,18.0,14.5,0.0,6.6,56.4
2023-07-30T14:30Z,11,122,0.4,0.0,29.6,0.1,5.9,0.8,0.0,39.1,24.1
2023-07-30T14:30Z,12,120,1.7,0.0,24.3,0.4,24.0,2.2,0.0,16.9,30.5
2023-07-30T14:30Z,13,118,0.0,0.0,11.7,0.6,26.7,8.2,0.0,5.5,47.3
2023-07-30T14:30Z,14,138,0.0,0.0,22.1,1.5,39.2,0.6,0.0,3.9,32.7
2023-07-30T14:30Z,15,99,1.9,0.1,17.5,0.3,16.6,10.3,0.0,9.9,43.4
2023-07-30T14:30Z,16,12,1.2,0.0,2.6,4.9,0.0,17.9,0.0,4.2,69.2
2023-07-30T14:30Z,17,122,0.1,0.0,30.9,0.3,0.0,0.7,0.0,8.8,59.2
2023-07-30T14:30Z,18,89,1.7,0.1,16.4,0.9,13.4,10.7,0.0,9.1,47.7
2023-07-30T15:00Z,1,0,0.0,0.0,0.0,30.4,0.0,1.0,0.0,0.0,68.6
2023-07-30T15:00Z,2,16,1.3,0.0,3.6,0.0,3.3,22.5,0.0,5.4,63.8
2023-07-30T15:00Z,3,68,0.2,0.0,17.0,0.0,9.5,29.0,0.0,2.3,42.0
2023-07-30T15:00Z,4,2,0.0,0.0,0.0,0.0,64.0,16.6,0.0,4.7,14.7
2023-07-30T15:00Z,5,152,10.5,0.0,35.2,0.0,6.8,1.7,0.0,4.0,41.7
2023-07-30T15:00Z,6,86,0.3,0.0,21.7,0.0,3.8,13.4,0.0,8.9,51.9
2023-07-30T15:00Z,7,139,0.1,0.0,35.2,0.0,0.6,1.2,0.0,10.6,52.2
2023-07-30T15:00Z,8,96,1.4,0.0,23.9,0.0,5.9,16.0,0.0,8.9,43.9
2023-07-30T15:00Z,9,155,4.3,0.0,38.0,0.0,2.8,2.2,0.0,11.8,41.0
2023-07-30T15:00Z,10,108,0.1,0.0,5.8,0.0,18.0,13.6,0.0,5.7,56.8
2023-07-30T15:00Z,11,143,0.4,0.0,34.8,0.1,5.3,0.9,0.0,34.8,23.6
2023-07-30T15:00Z,12,138,1.7,0.0,29.5,0.5,20.5,2.2,0.0,15.3,30.2
2023-07-30T15:00Z,13,124,0.0,0.0,13.6,0.7,27.1,7.3,0.0,4.8,46.4
2023-07-30T15:00Z,14,143,0.0,0.0,24.1,1.6,39.0,1.0,0.0,3.4,30.9
2023-07-30T15:00Z,15,114,2.0,0.0,21.6,0.4,15.6,10.3,0.0,8.8,41.3
2023-07-30T15:00Z,16,14,1.1,0.0,3.2,7.6,0.0,18.1,0.0,4.3,65.8
2023-07-30T15:00Z,17,134,0.0,0.0,34.1,0.1,0.0,0.2,0.0,8.6,56.9
2023-07-30T15:00Z,18,102,1.7,0.0,20.0,1.3,12.6,10.7,0.0,8.2,45.5
2023-07-30T15:30Z,1,0,0.0,0.0,0.1,32.2,0.1,2.4,0.0,0.1,65.1
2023-07-30T15:30Z,2,15,1.4,0.0,3.4,0.0,4.0,25.1,0.0,5.5,60.6
2023-07-30T15:30Z,3,61,0.5,0.0,15.1,0.0,10.9,31.0,0.0,2.1,40.3
2023-07-30T15:30Z,4,2,0.0,0.0,0.0,0.0,64.6,17.0,0.0,4.6,13.8
2023-07-30T15:30Z,5,143,11.8,0.0,32.7,0.0,6.7,1.5,0.0,3.9,43.3
2023-07-30T15:30Z,6,78,0.4,0.0,19.6,0.0,4.6,14.2,0.0,7.9,53.2
2023-07-30T15:30Z,7,131,0.2,0.0,33.1,0.0,1.0,0.7,0.0,9.9,55.0
2023-07-30T15:30Z,8,96,1.6,0.0,22.6,0.0,7.8,15.2,0.0,8.3,44.5
2023-07-30T15:30Z,9,150,3.7,0.0,33.9,0.0,4.8,2.8,0.0,9.2,45.5
2023-07-30T15:30Z,10,111,0.0,0.0,5.1,0.0,20.7,13.8,0.0,4.8,55.6
2023-07-30T15:30Z,11,139,0.3,0.0,32.4,0.2,10.9,0.7,0.0,31.2,24.3
2023-07-30T15:30Z,12,124,1.0,0.0,22.0,0.6,36.6,1.8,0.0,12.3,25.7
2023-07-30T15:30Z,13,114,0.0,0.0,11.4,0.8,40.2,6.7,0.0,3.5,37.5
2023-07-30T15:30Z,14,116,0.0,0.0,16.4,1.3,56.2,0.7,0.0,2.4,23.0
2023-07-30T15:30Z,15,108,2.0,0.0,19.0,0.5,19.0,10.7,0.0,7.7,41.1
2023-07-30T15:30Z,16,12,1.1,0.0,2.8,11.3,0.0,19.0,0.0,4.2,61.6
2023-07-30T15:30Z,17,149,0.0,0.0,37.8,0.0,0.0,0.0,0.0,7.4,54.8
2023-07-30T15:30Z,18,98,1.8,0.0,18.1,1.9,15.3,11.1,0.0,7.2,44.6
2023-07-30T16:00Z,1,1,0.1,0.0,0.3,42.2,0.4,3.3,0.0,0.3,53.4
2023-07-30T16:00Z,2,16,1.5,0.0,3.5,0.0,5.1,27.2,0.0,4.7,58.0
2023-07-30T16:00Z,3,65,0.8,0.0,16.2,0.0,12.3,33.3,0.0,1.7,35.6
2023-07-30T16:00Z,4,2,0.0,0.0,0.0,0.0,66.0,17.2,0.0,3.7,13.1
2023-07-30T16:00Z,5,147,12.8,0.0,33.4,0.0,6.1,1.2,0.0,3.0,43.6
2023-07-30T16:00Z,6,84,0.5,0.0,21.2,0.0,4.8,13.6,0.0,6.2,53.6
2023-07-30T16:00Z,7,171,0.0,0.0,43.5,0.0,0.0,0.0,0.0,7.1,49.3
2023-07-30T16:00Z,8,106,1.7,0.0,24.0,0.1,9.8,14.3,0.0,6.8,43.3
2023-07-30T16:00Z,9,153,3.5,0.0,33.4,0.0,5.6,2.7,0.0,6.5,48.3
2023-07-30T16:00Z,10,114,0.0,0.0,6.2,0.1,20.7,14.0,0.0,4.0,55.0
2023-07-30T16:00Z,11,150,0.2,0.0,35.1,0.2,11.5,0.6,0.0,27.3,25.0
2023-07-30T16:00Z,12,122,0.8,0.0,20.8,0.7,39.5,1.8,0.0,11.1,25.4
2023-07-30T16:00Z,13,113,0.0,0.0,11.5,0.8,41.2,7.1,0.0,2.9,36.5
2023-07-30T16:00Z,14,113,0.0,0.0,15.5,1.4,57.1,0.6,0.0,2.1,23.3
2023-07-30T16:00Z,15,114,2.2,0.0,20.2,0.7,19.6,10.8,0.0,6.3,40.3
2023-07-30T16:00Z,16,14,1.1,0.0,3.2,16.2,0.0,19.4,0.0,3.4,56.6
2023-07-30T16:00Z,17,154,0.0,0.0,39.1,0.0,0.0,0.0,0.0,5.7,55.2
2023-07-30T16:00Z,18,102,1.9,0.0,19.1,2.7,15.7,11.3,0.0,5.9,43.5
2023-07-30T16:30Z,1,2,0.2,0.0,0.5,45.2,0.8,3.3,0.0,0.5,49.5
2023-07-30T16:30Z,2,18,1.7,0.0,4.1,0.0,6.5,28.7,0.0,3.8,55.2
2023-07-30T16:30Z,3,69,1.6,0.0,16.8,0.0,14.4,35.0,0.0,1.2,31.0
2023-07-30T16:30Z,4,2,0.0,0.0,0.0,0.0,68.0,17.0,0.0,2.5,12.4
2023-07-30T16:30Z,5,158,15.1,0.0,35.3,0.0,4.4,1.2,0.0,2.0,42.0
2023-07-30T16:30Z,6,87,0.7,0.0,21.8,0.0,4.8,13.6,0.0,5.0,54.1
2023-07-30T16:30Z,7,206,0.0,0.0,52.4,0.0,0.0,0.0,0.0,4.7,43.0
2023-07-30T16:30Z,8,121,2.1,0.0,27.6,0.0,9.8,13.5,0.0,5.3,41.7
2023-07-30T16:30Z,9,161,3.9,0.0,35.0,0.0,5.4,2.2,0.0,4.5,48.9
2023-07-30T16:30Z,10,118,0.0,0.0,6.2,0.1,21.4,13.9,0.0,3.2,55.3
2023-07-30T16:30Z,11,164,0.3,0.0,38.5,0.2,12.4,0.7,0.0,22.6,25.3
2023-07-30T16:30Z,12,122,0.9,0.0,20.7,0.7,40.6,2.1,0.0,9.7,25.3
2023-07-30T16:30Z,13,113,0.0,0.0,11.1,0.9,40.2,7.9,0.0,2.4,37.4
2023-07-30T16:30Z,14,111,0.0,0.0,15.3,1.6,56.0,1.1,0.0,1.9,24.2
2023-07-30T16:30Z,15,120,2.7,0.0,21.3,0.6,18.9,10.9,0.0,5.1,40.6
2023-07-30T16:30Z,16,20,1.2,0.0,4.7,17.1,0.0,20.9,0.0,2.7,53.3
2023-07-30T16:30Z,17,175,0.0,0.0,44.3,0.0,0.0,0.0,0.0,3.9,51.8
2023-07-30T16:30Z,18,109,2.3,0.0,20.6,2.7,15.2,11.5,0.0,4.7,43.0
2023-07-30T17:00Z,1,2,0.3,0.0,0.5,52.5,1.0,3.5,0.0,0.4,41.8
2023-07-30T17:00Z,2,19,2.1,0.0,4.1,0.0,8.3,31.7,0.0,3.0,50.9
2023-07-30T17:00Z,3,76,2.2,0.0,18.4,0.0,15.7,36.0,0.0,0.9,26.8
2023-07-30T17:00Z,4,2,0.0,0.0,0.0,0.0,70.1,16.8,0.0,1.9,11.3
2023-07-30T17:00Z,5,159,16.0,0.0,35.4,0.0,3.5,0.9,0.0,1.3,42.8
2023-07-30T17:00Z,6,95,0.8,0.0,24.0,0.0,5.0,13.4,0.0,3.9,53.0
2023-07-30T17:00Z,7,214,0.0,0.0,54.2,0.0,0.0,0.0,0.0,3.0,42.8
2023-07-30T17:00Z,8,141,2.4,0.0,33.2,0.0,8.8,12.9,0.0,3.7,39.0
2023-07-30T17:00Z,9,191,4.0,0.0,43.8,0.0,3.8,1.2,0.0,3.0,44.1
2023-07-30T17:00Z,10,111,0.0,0.0,3.6,0.0,21.6,13.0,0.0,2.6,59.0
2023-07-30T17:00Z,11,183,0.3,0.0,43.5,0.2,12.3,0.7,0.0,18.2,24.8
2023-07-30T17:00Z,12,128,1.0,0.0,22.6,0.7,40.7,2.6,0.0,7.6,24.8
2023-07-30T17:00Z,13,108,0.0,0.0,9.8,0.8,39.0,9.5,0.0,2.0,38.9
2023-07-30T17:00Z,14,109,0.0,0.0,15.2,1.8,54.8,2.4,0.0,1.6,24.3
2023-07-30T17:00Z,15,127,2.8,0.0,23.1,0.4,19.8,10.7,0.0,3.9,39.2
2023-07-30T17:00Z,16,27,1.4,0.0,6.3,17.6,0.0,21.9,0.0,2.2,50.6
2023-07-30T17:00Z,17,176,0.0,0.0,44.7,0.0,0.0,0.0,0.0,2.7,52.6
2023-07-30T17:00Z,18,116,2.5,0.0,22.2,2.7,15.9,11.5,0.0,3.6,41.6
2023-07-30T17:30Z,1,2,0.3,0.0,0.4,54.8,1.0,4.4,0.0,0.3,38.9
2023-07-30T17:30Z,2,18,2.6,0.0,3.8,0.0,9.7,35.3,0.0,2.7,46.0
2023-07-30T17:30Z,3,72,2.8,0.0,17.2,0.0,17.6,40.1,0.0,0.7,21.6
2023-07-30T17:30Z,4,2,0.0,0.0,0.0,0.0,70.7,18.3,0.0,1.3,9.8
2023-07-30T17:30Z,5,141,20.3,0.0,29.6,0.0,4.0,0.8,0.0,0.8,44.4
2023-07-30T17:30Z,6,89,1.0,0.0,22.3,0.0,5.7,14.9,0.0,2.9,53.3
2023-07-30T17:30Z,7,210,0.0,0.0,53.2,0.0,0.0,0.0,0.0,1.8,44.9
2023-07-30T17:30Z,8,141,3.5,0.0,34.1,0.0,6.9,14.0,0.0,2.3,39.1
2023-07-30T17:30Z,9,192,6.5,0.0,45.5,0.0,2.3,1.0,0.0,1.9,42.7
2023-07-30T17:30Z,10,114,0.0,0.0,6.4,0.0,18.8,13.4,0.0,1.8,59.6
2023-07-30T17:30Z,11,195,0.8,0.0,47.2,0.1,9.4,0.9,0.0,12.8,28.8
2023-07-30T17:30Z,12,133,2.4,0.0,26.6,0.5,29.5,3.0,0.0,6.1,32.0
2023-07-30T17:30Z,13,106,0.0,0.0,10.0,0.6,27.1,9.9,0.0,1.8,50.6
2023-07-30T17:30Z,14,97,0.0,0.0,15.5,1.9,39.6,2.9,0.0,1.7,38.4
2023-07-30T17:30Z,15,125,3.8,0.0,22.9,0.3,18.1,11.0,0.0,2.9,40.9
2023-07-30T17:30Z,16,31,1.8,0.0,7.3,18.3,0.0,23.5,0.0,1.9,47.2
2023-07-30T17:30Z,17,175,0.0,0.0,44.5,0.0,0.0,0.0,0.0,1.8,53.7
2023-07-30T17:30Z,18,114,3.3,0.0,22.2,2.7,14.5,12.0,0.0,2.7,42.6
2023-07-30T18:00Z,1,2,0.3,0.0,0.3,55.0,1.0,5.6,0.0,0.2,37.6
2023-07-30T18:00Z,2,18,3.3,0.0,3.5,0.0,9.9,38.9,0.0,2.2,42.2
2023-07-30T18:00Z,3,56,3.3,0.0,13.0,0.0,18.3,43.0,0.0,0.5,22.0
2023-07-30T18:00Z,4,2,0.0,0.0,0.0,0.0,71.7,19.2,0.0,0.8,8.3
2023-07-30T18:00Z,5,128,24.4,0.0,25.1,0.0,4.4,0.8,0.0,0.5,44.8
2023-07-30T18:00Z,6,73,1.4,0.0,17.9,0.0,6.6,16.8,0.0,2.1,55.1
2023-07-30T18:00Z,7,214,0.0,0.0,54.3,0.0,0.0,0.0,0.0,1.1,44.6
2023-07-30T18:00Z,8,133,4.5,0.0,32.3,0.0,7.2,14.9,0.0,1.6,39.6
2023-07-30T18:00Z,9,187,9.3,0.0,44.7,0.0,1.7,1.5,0.0,1.2,41.7
2023-07-30T18:00Z,10,64,0.1,0.0,9.4,0.0,5.6,16.5,0.0,1.2,67.3
2023-07-30T18:00Z,11,203,1.4,0.0,50.2,0.2,6.7,1.0,0.0,8.5,32.1
2023-07-30T18:00Z,12,139,4.4,0.0,30.7,0.4,21.1,2.9,0.0,4.1,36.3
2023-07-30T18:00Z,13,74,0.1,0.0,12.4,0.6,12.1,10.2,0.0,1.3,63.4
2023-07-30T18:00Z,14,92,0.0,0.0,18.1,1.4,24.7,2.2,0.0,1.5,52.1
2023-07-30T18:00Z,15,123,4.6,0.0,21.6,0.3,18.6,11.1,0.0,1.8,41.9
2023-07-30T18:00Z,16,33,2.1,0.0,7.8,18.1,0.0,24.9,0.0,1.6,45.6
2023-07-30T18:00Z,17,177,0.0,0.0,44.9,0.0,0.0,0.0,0.0,1.2,54.0
2023-07-30T18:00Z,18,108,4.0,0.0,21.4,2.5,15.0,12.2,0.0,1.8,43.1
2023-07-30T18:30Z,1,3,0.5,0.0,0.7,55.3,2.2,6.3,0.0,0.2,34.7
2023-07-30T18:30Z,2,21,3.3,0.0,4.2,0.0,13.6,39.9,0.0,1.4,37.7
2023-07-30T18:30Z,3,69,5.0,0.0,15.9,0.0,17.3,39.3,0.0,0.2,22.4
2023-07-30T18:30Z,4,2,0.0,0.0,0.0,0.0,74.3,18.1,0.0,0.5,7.1
2023-07-30T18:30Z,5,136,26.6,0.0,26.3,0.0,1.7,0.7,0.0,0.2,44.5
2023-07-30T18:30Z,6,87,1.8,0.0,21.4,0.0,6.5,15.5,0.0,1.1,53.8
2023-07-30T18:30Z,7,220,0.0,0.0,55.9,0.0,0.0,0.0,0.0,0.6,43.5
2023-07-30T18:30Z,8,155,4.8,0.0,37.7,0.0,5.3,13.1,0.0,0.8,38.3
2023-07-30T18:30Z,9,201,7.5,0.0,48.8,0.0,0.5,1.6,0.0,0.6,41.1
2023-07-30T18:30Z,10,42,0.0,0.0,10.8,0.0,0.0,16.6,0.0,0.5,72.1
2023-07-30T18:30Z,11,212,1.0,0.0,51.4,0.2,11.2,1.0,0.0,3.5,31.7
2023-07-30T18:30Z,12,136,2.6,0.0,28.3,0.4,30.0,2.8,0.0,1.7,34.1
2023-07-30T18:30Z,13,68,0.0,0.0,12.8,0.5,22.4,10.0,0.0,0.5,53.7
2023-07-30T18:30Z,14,96,0.0,0.0,15.1,1.3,46.9,2.1,0.0,0.5,34.1
2023-07-30T18:30Z,15,130,5.0,0.0,24.5,0.2,16.4,11.2,0.0,0.8,41.8
2023-07-30T18:30Z,16,44,2.2,0.0,10.3,19.1,0.1,25.5,0.0,1.0,41.8
2023-07-30T18:30Z,17,190,0.0,0.0,48.3,0.0,0.0,0.0,0.0,0.6,51.1
2023-07-30T18:30Z,18,115,4.4,0.0,24.3,2.6,13.3,12.3,0.0,0.8,42.4
2023-07-30T19:00Z,1,4,0.6,0.0,0.8,58.5,2.6,6.7,0.0,0.1,30.7
2023-07-30T19:00Z,2,21,3.0,0.0,4.4,0.0,14.2,42.7,0.0,0.5,35.2
2023-07-30T19:00Z,3,65,5.1,0.0,14.9,0.0,17.3,39.1,0.0,0.1,23.5
2023-07-30T19:00Z,4,2,0.0,0.0,0.0,0.0,75.9,18.0,0.0,0.1,5.9
2023-07-30T19:00Z,5,142,28.3,0.0,27.3,0.0,1.9,0.7,0.0,0.1,41.7
2023-07-30T19:00Z,6,86,1.9,0.0,21.1,0.0,6.7,15.4,0.0,0.4,54.5
2023-07-30T19:00Z,7,226,0.0,0.0,57.3,0.0,0.0,0.0,0.0,0.2,42.5
2023-07-30T19:00Z,8,158,5.0,0.0,38.6,0.0,5.3,13.1,0.0,0.3,37.7
2023-07-30T19:00Z,9,208,7.9,0.0,50.3,0.0,0.5,1.4,0.0,0.2,39.6
2023-07-30T19:00Z,10,52,0.0,0.0,13.3,0.0,0.0,17.1,0.0,0.2,69.4
2023-07-30T19:00Z,11,218,1.0,0.0,53.1,0.2,11.5,1.1,0.0,1.2,31.9
2023-07-30T19:00Z,12,139,2.7,0.0,28.9,0.6,30.8,3.1,0.0,0.6,33.3
2023-07-30T19:00Z,13,73,0.0,0.0,13.8,0.6,23.9,10.4,0.0,0.2,51.2
2023-07-30T19:00Z,14,95,0.0,0.0,14.4,1.2,49.5,2.4,0.0,0.2,32.3
2023-07-30T19:00Z,15,135,5.3,0.0,25.4,0.2,16.9,11.5,0.0,0.3,40.4
2023-07-30T19:00Z,16,46,2.1,0.0,10.8,21.3,0.2,26.0,0.0,0.4,39.2
2023-07-30T19:00Z,17,193,0.0,0.0,49.1,0.0,0.0,0.0,0.0,0.2,50.7
2023-07-30T19:00Z,18,118,4.6,0.0,25.1,2.9,13.6,12.6,0.0,0.3,40.9
2023-07-30T19:30Z,1,6,0.6,0.0,1.2,61.2,3.1,7.4,0.0,0.0,26.6
2023-07-30T19:30Z,2,28,3.2,0.0,5.9,0.0,15.4,42.7,0.0,0.0,32.8
2023-07-30T19:30Z,3,79,4.8,0.0,18.4,0.0,15.9,37.8,0.0,0.0,23.2
2023-07-30T19:30Z,4,2,0.0,0.0,0.0,0.0,77.7,17.5,0.0,0.0,4.8
2023-07-30T19:30Z,5,158,28.8,0.0,31.4,0.0,1.7,0.6,0.0,0.0,37.6
2023-07-30T19:30Z,6,101,1.7,0.0,24.9,0.0,6.0,15.0,0.0,0.0,52.4
2023-07-30T19:30Z,7,239,0.0,0.0,60.7,0.0,0.0,0.0,0.0,0.0,39.3
2023-07-30T19:30Z,8,166,5.0,0.0,40.6,0.0,4.9,12.8,0.0,0.0,36.7
2023-07-30T19:30Z,9,208,8.8,0.0,50.2,0.0,0.5,1.5,0.0,0.0,39.0
2023-07-30T19:30Z,10,68,0.0,0.0,17.4,0.0,0.0,17.0,0.0,0.0,65.7
2023-07-30T19:30Z,11,228,1.2,0.0,55.5,0.2,10.0,1.1,0.0,0.0,32.0
2023-07-30T19:30Z,12,151,3.1,0.0,32.4,0.6,26.3,3.5,0.0,0.0,34.1
2023-07-30T19:30Z,13,87,0.0,0.0,17.8,0.7,21.0,10.5,0.0,0.0,50.1
2023-07-30T19:30Z,14,108,0.0,0.0,18.4,1.6,44.7,2.8,0.0,0.0,32.6
2023-07-30T19:30Z,15,132,5.4,0.0,27.6,0.2,17.3,11.2,0.0,0.0,38.2
2023-07-30T19:30Z,16,53,2.1,0.0,12.8,23.4,0.3,25.5,0.0,0.0,36.0
2023-07-30T19:30Z,17,208,0.0,0.0,52.8,0.0,0.0,0.0,0.0,0.0,47.2
2023-07-30T19:30Z,18,124,4.7,0.0,27.4,3.2,14.0,12.3,0.0,0.0,38.5
2023-07-30T20:00Z,1,5,0.7,0.0,1.1,60.2,3.0,9.0,0.0,0.0,25.9
2023-07-30T20:00Z,2,27,3.3,0.0,5.7,0.0,15.0,44.7,0.0,0.0,31.4
2023-07-30T20:00Z,3,78,3.8,0.0,18.4,0.0,16.1,39.4,0.0,0.0,22.3
2023-07-30T20:00Z,4,2,0.0,0.0,0.0,0.0,77.5,18.6,0.0,0.0,4.0
2023-07-30T20:00Z,5,153,29.9,0.0,29.8,0.0,3.4,0.7,0.0,0.0,36.3
2023-07-30T20:00Z,6,85,1.4,0.0,21.1,0.0,5.9,15.4,0.0,0.0,56.2
2023-07-30T20:00Z,7,229,0.0,0.0,58.0,0.0,0.0,0.0,0.0,0.0,42.0
2023-07-30T20:00Z,8,154,5.3,0.0,37.5,0.0,6.1,14.2,0.0,0.0,36.9
2023-07-30T20:00Z,9,212,11.0,0.0,50.5,0.0,1.3,1.9,0.0,0.0,35.4
2023-07-30T20:00Z,10,66,0.0,0.0,16.8,0.0,0.0,17.4,0.0,0.0,65.9
2023-07-30T20:00Z,11,240,1.7,0.0,59.6,0.2,3.9,1.3,0.0,0.0,33.3
2023-07-30T20:00Z,12,173,5.4,0.0,39.5,0.6,12.3,3.7,0.0,0.0,38.4
2023-07-30T20:00Z,13,87,0.0,0.0,19.6,0.7,7.5,11.2,0.0,0.0,61.0
2023-07-30T20:00Z,14,124,0.0,0.0,24.3,1.8,21.0,3.0,0.0,0.0,49.9
2023-07-30T20:00Z,15,129,5.6,0.0,26.4,0.2,18.7,11.4,0.0,0.0,37.7
2023-07-30T20:00Z,16,53,2.3,0.0,12.7,22.3,0.8,25.8,0.0,0.0,36.2
2023-07-30T20:00Z,17,191,0.0,0.0,48.4,0.0,0.0,0.0,0.0,0.0,51.6
2023-07-30T20:00Z,18,122,4.8,0.0,26.2,3.0,15.1,12.4,0.0,0.0,38.5
2023-07-30T20:30Z,1,7,0.9,0.0,1.4,53.1,3.9,11.0,0.0,0.0,29.6
2023-07-30T20:30Z,2,26,3.4,0.0,5.4,0.0,14.9,45.0,0.0,0.0,31.3
2023-07-30T20:30Z,3,74,3.7,0.0,17.4,0.0,15.8,39.2,0.0,0.0,23.8
2023-07-30T20:30Z,4,2,0.0,0.0,0.0,0.0,78.7,18.0,0.0,0.0,3.3
2023-07-30T20:30Z,5,138,32.4,0.0,25.2,0.0,3.9,0.8,0.0,0.0,37.8
2023-07-30T20:30Z,6,65,1.3,0.0,16.1,0.0,5.5,14.4,0.0,0.0,62.8
2023-07-30T20:30Z,7,222,0.0,0.0,56.3,0.0,0.0,0.0,0.0,0.0,43.7
2023-07-30T20:30Z,8,138,5.4,0.0,33.3,0.0,6.1,14.6,0.0,0.0,40.6
2023-07-30T20:30Z,9,189,12.0,0.0,44.3,0.0,1.4,1.9,0.0,0.0,40.4
2023-07-30T20:30Z,10,59,0.0,0.0,15.0,0.0,0.0,16.7,0.0,0.0,68.3
2023-07-30T20:30Z,11,232,1.7,0.0,57.5,0.1,4.8,1.4,0.0,0.0,34.6
2023-07-30T20:30Z,12,152,5.4,0.0,33.6,0.5,15.5,3.8,0.0,0.0,41.3
2023-07-30T20:30Z,13,78,0.0,0.0,17.1,0.6,8.1,12.1,0.0,0.0,62.2
2023-07-30T20:30Z,14,113,0.0,0.0,20.9,1.5,22.8,3.3,0.0,0.0,51.4
2023-07-30T20:30Z,15,114,6.0,0.0,23.9,0.2,17.6,11.6,0.0,0.0,40.7
2023-07-30T20:30Z,16,50,2.5,0.0,11.8,18.4,0.8,27.1,0.0,0.0,39.3
2023-07-30T20:30Z,17,169,0.0,0.0,42.9,0.0,0.0,0.0,0.0,0.0,57.1
2023-07-30T20:30Z,18,110,5.2,0.0,23.7,2.4,14.3,12.7,0.0,0.0,41.6
2023-07-30T21:00Z,1,7,1.0,0.0,1.4,45.6,4.2,13.5,0.0,0.0,34.2
2023-07-30T21:00Z,2,22,3.3,0.0,4.6,0.0,13.6,46.6,0.0,0.0,31.9
2023-07-30T21:00Z,3,57,3.0,0.0,13.4,0.0,15.4,38.7,0.0,0.0,29.3
2023-07-30T21:00Z,4,2,0.0,0.0,0.0,0.0,79.7,17.2,0.0,0.0,3.0
2023-07-30T21:00Z,5,133,33.0,0.0,23.7,0.0,5.0,0.8,0.0,0.0,37.5
2023-07-30T21:00Z,6,56,1.0,0.0,13.8,0.0,4.9,13.5,0.0,0.0,66.8
2023-07-30T21:00Z,7,194,0.0,0.0,49.2,0.0,0.0,0.0,0.0,0.0,50.8
2023-07-30T21:00Z,8,110,5.5,0.0,26.1,0.0,6.9,15.7,0.0,0.0,45.9
2023-07-30T21:00Z,9,171,12.2,0.0,39.7,0.0,1.8,2.0,0.0,0.0,44.2
2023-07-30T21:00Z,10,52,0.0,0.0,13.2,0.0,0.0,16.7,0.0,0.0,70.0
2023-07-30T21:00Z,11,207,1.8,0.0,50.4,0.1,8.7,1.5,0.0,0.0,37.6
2023-07-30T21:00Z,12,134,5.0,0.0,28.3,0.3,23.9,4.1,0.0,0.0,38.4
2023-07-30T21:00Z,13,70,0.0,0.0,14.9,0.3,9.5,11.2,0.0,0.0,64.0
2023-07-30T21:00Z,14,100,0.0,0.0,17.6,1.0,26.0,3.2,0.0,0.0,52.3
2023-07-30T21:00Z,15,98,6.0,0.0,20.9,0.1,17.6,11.6,0.0,0.0,43.7
2023-07-30T21:00Z,16,42,2.6,0.0,9.9,15.2,0.3,30.1,0.0,0.0,42.0
2023-07-30T21:00Z,17,147,0.0,0.0,37.3,0.0,0.0,0.0,0.0,0.0,62.7
2023-07-30T21:00Z,18,96,5.2,0.0,20.8,1.8,14.4,12.9,0.0,0.0,44.9
2023-07-30T21:30Z,1,8,1.2,0.0,1.6,37.7,4.8,15.8,0.0,0.0,38.9
2023-07-30T21:30Z,2,22,3.3,0.0,4.6,0.0,13.7,46.4,0.0,0.0,32.1
2023-07-30T21:30Z,3,57,3.0,0.0,13.5,0.0,15.6,38.2,0.0,0.0,29.6
2023-07-30T21:30Z,4,2,0.0,0.0,0.0,0.0,79.8,17.2,0.0,0.0,3.0
2023-07-30T21:30Z,5,133,33.0,0.0,23.7,0.0,5.0,0.8,0.0,0.0,37.5
2023-07-30T21:30Z,6,56,1.0,0.0,13.9,0.0,5.0,12.7,0.0,0.0,67.4
2023-07-30T21:30Z,7,194,0.0,0.0,49.2,0.0,0.0,0.0,0.0,0.0,50.7
2023-07-30T21:30Z,8,109,5.5,0.0,26.1,0.0,6.9,15.7,0.0,0.0,45.9
2023-07-30T21:30Z,9,171,12.2,0.0,39.7,0.0,1.8,2.2,0.0,0.0,44.1
2023-07-30T21:30Z,10,52,0.0,0.0,13.3,0.0,0.0,16.6,0.0,0.0,70.1
2023-07-30T21:30Z,11,207,1.8,0.0,50.4,0.1,8.7,1.4,0.0,0.0,37.6
2023-07-30T21:30Z,12,134,5.1,0.0,28.3,0.2,23.9,4.0,0.0,0.0,38.5
2023-07-30T21:30Z,13,70,0.0,0.0,15.0,0.2,9.5,11.0,0.0,0.0,64.3
2023-07-30T21:30Z,14,100,0.0,0.0,17.6,0.6,26.1,3.2,0.0,0.0,52.5
2023-07-30T21:30Z,15,98,6.0,0.0,20.9,0.1,17.7,11.4,0.0,0.0,43.9
2023-07-30T21:30Z,16,44,2.7,0.0,10.4,11.5,0.0,31.1,0.0,0.0,44.3
2023-07-30T21:30Z,17,147,0.0,0.0,37.3,0.0,0.0,0.0,0.0,0.0,62.7
2023-07-30T21:30Z,18,96,5.3,0.0,21.0,1.3,14.5,12.7,0.0,0.0,45.3
2023-07-30T22:00Z,1,9,1.3,0.0,1.9,33.4,5.2,18.1,0.0,0.0,40.1
2023-07-30T22:00Z,2,24,3.3,0.0,4.9,0.0,13.4,46.6,0.0,0.0,31.8
2023-07-30T22:00Z,3,58,2.9,0.0,13.8,0.0,12.1,37.9,0.0,0.0,33.1
2023-07-30T22:00Z,4,2,0.0,0.0,0.0,0.0,78.3,18.9,0.0,0.0,2.8
2023-07-30T22:00Z,5,142,33.8,0.0,25.8,0.0,3.6,0.8,0.0,0.0,36.1
2023-07-30T22:00Z,6,58,0.9,0.0,14.3,0.0,3.7,12.1,0.0,0.0,68.9
2023-07-30T22:00Z,7,163,0.0,0.0,41.5,0.0,0.0,0.1,0.0,0.0,58.5
2023-07-30T22:00Z,8,97,5.7,0.0,22.9,0.0,5.7,16.9,0.0,0.0,48.8
2023-07-30T22:00Z,9,156,11.7,0.0,36.0,0.0,1.2,2.6,0.0,0.0,48.4
2023-07-30T22:00Z,10,49,0.0,0.0,12.5,0.0,0.0,17.0,0.0,0.0,70.6
2023-07-30T22:00Z,11,183,1.4,0.0,40.4,0.1,20.9,1.4,0.0,0.0,36.0
2023-07-30T22:00Z,12,128,2.9,0.0,19.3,0.2,45.3,2.9,0.0,0.0,29.4
2023-07-30T22:00Z,13,86,0.0,0.0,10.2,0.2,36.8,8.5,0.0,0.0,44.3
2023-07-30T22:00Z,14,113,0.0,0.0,8.8,0.3,63.2,2.1,0.0,0.0,25.6
2023-07-30T22:00Z,15,98,5.2,0.0,17.1,0.1,28.9,10.5,0.0,0.0,38.2
2023-07-30T22:00Z,16,48,2.8,0.0,11.2,10.3,0.0,31.7,0.0,0.0,44.0
2023-07-30T22:00Z,17,149,0.0,0.0,37.7,0.0,0.0,0.0,0.0,0.0,62.3
2023-07-30T22:00Z,18,96,4.6,0.0,17.8,1.1,24.1,11.9,0.0,0.0,40.4
