from,regions.regionid,regions.intensity.forecast,biomass,coal,gas,hydro,imports,nuclear,other,solar,wind
2023-04-23T17:30Z,1,26,0.0,0.0,6.7,3.6,0.0,0.0,0.0,0.0,89.8
2023-04-23T17:30Z,2,22,0.5,0.0,5.5,1.6,0.0,20.5,0.0,0.4,71.4
2023-04-23T17:30Z,3,36,0.5,0.0,8.9,0.4,5.8,49.9,0.0,0.4,34.0
2023-04-23T17:30Z,4,10,2.7,0.0,1.3,0.4,42.1,29.1,0.0,0.5,24.0
2023-04-23T17:30Z,5,140,31.1,0.0,25.9,0.1,10.4,10.4,0.0,1.0,21.1
2023-04-23T17:30Z,6,20,0.3,0.0,5.0,17.7,2.0,22.4,0.0,2.2,50.4
2023-04-23T17:30Z,7,368,0.0,0.0,93.3,0.0,0.0,0.0,0.0,1.8,4.8
2023-04-23T17:30Z,8,127,1.3,0.0,31.7,4.9,3.3,25.7,0.0,1.8,31.3
2023-04-23T17:30Z,9,253,10.2,0.0,61.0,0.0,3.4,3.5,0.0,2.0,19.9
2023-04-23T17:30Z,10,252,4.0,0.0,62.3,0.1,3.8,1.3,0.0,2.6,25.8
2023-04-23T17:30Z,11,314,0.0,0.0,79.5,0.0,0.3,0.1,0.0,13.1,7.0
2023-04-23T17:30Z,12,238,2.8,0.0,57.3,1.0,18.1,5.8,0.0,3.6,11.3
2023-04-23T17:30Z,13,198,1.8,0.0,44.6,1.2,33.9,1.6,0.0,2.3,14.6
2023-04-23T17:30Z,14,148,0.0,0.0,28.4,1.9,58.4,0.0,0.0,1.6,9.8
2023-04-23T17:30Z,15,176,5.4,0.0,41.5,1.3,14.4,12.9,0.0,2.6,21.9
2023-04-23T17:30Z,16,11,0.4,0.0,2.7,4.2,0.0,17.1,0.0,0.3,75.2
2023-04-23T17:30Z,17,215,0.1,0.0,54.6,11.5,0.0,3.2,0.0,2.1,28.4
2023-04-23T17:30Z,18,157,4.4,0.0,37.2,2.3,11.6,12.8,0.0,2.3,29.4
2023-04-23T18:00Z,1,15,0.0,0.0,3.7,2.8,0.0,0.0,0.0,0.0,93.5
2023-04-23T18:00Z,2,17,0.6,0.0,4.1,1.2,0.0,20.3,0.0,0.3,73.5
2023-04-23T18:00Z,3,22,0.6,0.0,5.4,0.3,6.5,50.9,0.0,0.3,36.0
2023-04-23T18:00Z,4,8,2.9,0.0,0.9,0.3,43.3,29.1,0.0,0.3,23.3
2023-04-23T18:00Z,5,148,30.3,0.0,28.4,0.1,9.5,9.8,0.0,0.5,21.4
2023-04-23T18:00Z,6,15,0.4,0.0,3.7,16.3,2.2,23.4,0.0,1.3,52.6
2023-04-23T18:00Z,7,371,0.0,0.0,94.3,0.0,0.0,0.0,0.0,1.0,4.7
2023-04-23T18:00Z,8,136,1.4,0.0,34.0,4.3,3.4,25.8,0.0,1.0,30.2
2023-04-23T18:00Z,9,255,10.2,0.0,61.6,0.0,3.2,3.4,0.0,1.2,20.4
2023-04-23T18:00Z,10,234,4.0,0.0,57.8,0.1,4.1,1.2,0.0,1.4,31.5
2023-04-23T18:00Z,11,336,0.1,0.0,85.2,0.0,0.5,0.0,0.0,8.1,6.1
2023-04-23T18:00Z,12,248,2.8,0.0,59.7,0.8,17.9,6.0,0.0,2.1,10.7
2023-04-23T18:00Z,13,202,1.6,0.0,45.9,0.9,32.8,1.5,0.0,1.2,16.0
2023-04-23T18:00Z,14,166,0.0,0.0,33.8,1.4,53.6,0.0,0.0,0.7,10.5
2023-04-23T18:00Z,15,176,5.4,0.0,41.7,1.1,14.2,12.8,0.0,1.5,23.3
2023-04-23T18:00Z,16,11,0.4,0.0,2.8,3.4,0.0,17.0,0.0,0.2,76.2
2023-04-23T18:00Z,17,231,0.1,0.0,58.6,10.2,0.0,3.5,0.0,1.2,26.4
2023-04-23T18:00Z,18,158,4.4,0.0,37.6,2.0,11.4,12.8,0.0,1.3,30.5
2023-04-23T18:30Z,1,0,0.0,0.0,0.0,2.3,0.0,0.0,0.0,0.0,97.7
2023-04-23T18:30Z,2,11,0.5,0.0,2.7,1.0,0.0,19.9,0.0,0.1,75.8
2023-04-23T18:30Z,3,26,0.5,0.0,6.3,0.3,6.3,49.5,0.0,0.1,37.0
2023-04-23T18:30Z,4,7,2.7,0.0,0.6,0.2,43.3,28.6,0.0,0.1,24.5
2023-04-23T18:30Z,5,141,30.1,0.0,26.5,0.1,9.4,9.8,0.0,0.1,24.0
2023-04-23T18:30Z,6,16,0.4,0.0,3.8,11.0,2.3,24.9,0.0,0.5,57.0
2023-04-23T18:30Z,7,373,0.0,0.0,94.8,0.0,0.0,0.0,0.0,0.5,4.8
2023-04-23T18:30Z,8,134,1.4,0.0,33.7,2.9,3.3,26.5,0.0,0.4,31.9
2023-04-23T18:30Z,9,249,10.3,0.0,60.1,0.0,3.2,3.8,0.0,0.4,22.2
2023-04-23T18:30Z,10,250,3.2,0.0,49.7,0.0,12.7,1.2,0.0,0.4,32.9
2023-04-23T18:30Z,11,365,0.0,0.0,92.6,0.0,0.0,0.0,0.0,2.7,4.7
2023-04-23T18:30Z,12,257,3.0,0.0,62.7,0.6,13.3,6.7,0.0,0.7,12.8
2023-04-23T18:30Z,13,222,1.8,0.0,47.6,0.6,26.8,1.7,0.0,0.4,21.1
2023-04-23T18:30Z,14,182,0.0,0.0,38.6,1.1,45.0,0.0,0.0,0.2,15.1
2023-04-23T18:30Z,15,184,5.4,0.0,41.8,0.7,13.2,12.9,0.0,0.5,25.5
2023-04-23T18:30Z,16,10,0.5,0.0,2.5,1.8,0.0,17.1,0.0,0.1,78.1
2023-04-23T18:30Z,17,224,0.1,0.0,56.7,7.8,0.0,3.8,0.0,0.5,31.1
2023-04-23T18:30Z,18,164,4.4,0.0,37.6,1.3,10.7,12.9,0.0,0.4,32.7
2023-04-23T19:00Z,1,0,0.0,0.0,0.0,3.2,0.0,0.0,0.0,0.0,96.8
2023-04-23T19:00Z,2,10,0.5,0.0,2.4,1.3,0.0,19.9,0.0,0.0,75.8
2023-04-23T19:00Z,3,25,0.5,0.0,6.2,0.4,6.5,49.7,0.0,0.0,36.7
2023-04-23T19:00Z,4,7,2.7,0.0,0.6,0.3,42.6,29.3,0.0,0.0,24.5
2023-04-23T19:00Z,5,129,30.3,0.0,23.4,0.1,9.8,10.1,0.0,0.0,26.4
2023-04-23T19:00Z,6,15,0.4,0.0,3.8,9.8,2.6,25.2,0.0,0.0,58.2
2023-04-23T19:00Z,7,374,0.0,0.0,95.0,0.0,0.0,0.0,0.0,0.0,5.0
2023-04-23T19:00Z,8,128,1.5,0.0,32.1,2.8,3.6,27.2,0.0,0.0,32.8
2023-04-23T19:00Z,9,240,10.9,0.0,57.7,0.0,3.5,4.1,0.0,0.0,23.9
2023-04-23T19:00Z,10,244,3.3,0.0,46.8,0.0,13.6,1.2,0.0,0.0,35.1
2023-04-23T19:00Z,11,377,0.0,0.0,95.6,0.0,0.0,0.0,0.0,0.0,4.4
2023-04-23T19:00Z,12,249,3.4,0.0,60.6,0.7,13.8,7.2,0.0,0.0,14.4
2023-04-23T19:00Z,13,218,1.9,0.0,45.9,0.7,26.8,1.8,0.0,0.0,22.9
2023-04-23T19:00Z,14,183,0.0,0.0,39.0,1.3,43.9,0.0,0.0,0.0,15.8
2023-04-23T19:00Z,15,181,5.5,0.0,40.6,0.8,13.5,13.1,0.0,0.0,26.5
2023-04-23T19:00Z,16,8,0.5,0.0,1.9,1.9,0.0,17.1,0.0,0.0,78.6
2023-04-23T19:00Z,17,224,0.1,0.0,56.7,7.2,0.0,3.5,0.0,0.0,32.4
2023-04-23T19:00Z,18,161,4.5,0.0,36.5,1.3,10.9,13.0,0.0,0.0,33.7
2023-04-23T19:30Z,1,0,0.0,0.0,0.0,3.8,0.0,0.0,0.0,0.0,96.2
2023-04-23T19:30Z,2,9,0.5,0.0,2.0,1.6,0.0,19.7,0.0,0.0,76.2
2023-04-23T19:30Z,3,26,0.6,0.0,6.3,0.5,6.5,50.3,0.0,0.0,35.9
2023-04-23T19:30Z,4,6,2.6,0.0,0.5,0.4,40.9,31.5,0.0,0.0,24.1
2023-04-23T19:30Z,5,118,29.8,0.0,20.7,0.1,10.2,10.5,0.0,0.0,28.7
2023-04-23T19:30Z,6,17,0.4,0.0,4.1,8.5,2.7,25.9,0.0,0.0,58.4
2023-04-23T19:30Z,7,373,0.0,0.0,94.7,0.0,0.0,0.0,0.0,0.0,5.3
2023-04-23T19:30Z,8,114,1.5,0.0,28.5,2.5,4.0,28.3,0.0,0.0,35.3
2023-04-23T19:30Z,9,225,11.8,0.0,53.4,0.1,4.1,4.4,0.0,0.0,26.3
2023-04-23T19:30Z,10,232,3.6,0.0,43.6,0.0,13.6,1.2,0.0,0.0,37.9
2023-04-23T19:30Z,11,379,0.0,0.0,96.1,0.0,0.0,0.1,0.0,0.0,3.8
2023-04-23T19:30Z,12,240,3.8,0.0,58.1,0.6,13.4,7.6,0.0,0.0,16.5
2023-04-23T19:30Z,13,215,2.1,0.0,45.0,0.7,25.3,2.0,0.0,0.0,24.9
2023-04-23T19:30Z,14,192,0.0,0.0,40.9,1.3,40.5,0.0,0.0,0.0,17.2
2023-04-23T19:30Z,15,173,5.6,0.0,38.5,0.8,13.2,13.5,0.0,0.0,28.4
2023-04-23T19:30Z,16,9,0.4,0.0,2.3,2.1,0.0,17.0,0.0,0.0,78.1
2023-04-23T19:30Z,17,241,0.1,0.0,61.2,5.8,0.0,3.5,0.0,0.0,29.4
2023-04-23T19:30Z,18,155,4.6,0.0,35.0,1.3,10.6,13.4,0.0,0.0,35.1
2023-04-23T20:00Z,1,0,0.0,0.0,0.0,4.5,0.0,0.0,0.0,0.0,95.5
2023-04-23T20:00Z,2,9,0.5,0.0,2.1,1.9,0.0,19.7,0.0,0.0,75.8
2023-04-23T20:00Z,3,30,0.5,0.0,7.3,0.6,6.2,50.0,0.0,0.0,35.3
2023-04-23T20:00Z,4,6,2.5,0.0,0.5,0.6,40.4,30.2,0.0,0.0,25.8
2023-04-23T20:00Z,5,110,29.8,0.0,18.7,0.2,9.6,10.2,0.0,0.0,31.4
2023-04-23T20:00Z,6,22,0.4,0.0,5.6,5.4,2.6,26.2,0.0,0.0,59.8
2023-04-23T20:00Z,7,369,0.0,0.0,93.7,0.0,0.0,0.0,0.0,0.0,6.3
2023-04-23T20:00Z,8,107,1.5,0.0,26.7,1.8,3.8,31.2,0.0,0.0,35.0
2023-04-23T20:00Z,9,207,12.8,0.0,48.7,0.1,4.1,4.8,0.0,0.0,29.5
2023-04-23T20:00Z,10,212,3.6,0.0,38.8,0.0,13.1,1.1,0.0,0.0,43.4
2023-04-23T20:00Z,11,376,0.0,0.0,95.5,0.0,0.0,0.5,0.0,0.0,4.0
2023-04-23T20:00Z,12,229,4.1,0.0,55.1,0.5,14.2,8.2,0.0,0.0,17.9
2023-04-23T20:00Z,13,200,2.2,0.0,40.8,0.7,25.4,2.0,0.0,0.0,28.9
2023-04-23T20:00Z,14,176,0.0,0.0,36.8,1.6,41.5,0.1,0.0,0.0,20.1
2023-04-23T20:00Z,15,161,5.8,0.0,35.2,0.7,13.5,14.1,0.0,0.0,30.7
2023-04-23T20:00Z,16,9,0.4,0.0,2.2,2.4,0.0,17.0,0.0,0.0,77.9
2023-04-23T20:00Z,17,253,0.1,0.0,64.2,3.4,0.0,4.0,0.0,0.0,28.3
2023-04-23T20:00Z,18,146,4.7,0.0,32.5,1.1,10.8,13.9,0.0,0.0,37.1
2023-04-23T20:30Z,1,1,0.0,0.0,0.2,4.8,0.0,0.0,0.0,0.0,95.0
2023-04-23T20:30Z,2,9,0.5,0.0,2.2,2.0,0.0,19.9,0.0,0.0,75.4
2023-04-23T20:30Z,3,32,0.5,0.0,7.9,0.6,4.0,50.7,0.0,0.0,36.2
2023-04-23T20:30Z,4,7,2.8,0.0,0.8,0.7,32.7,28.7,0.0,0.0,34.3
2023-04-23T20:30Z,5,103,30.3,0.0,16.9,0.2,6.7,9.6,0.0,0.0,36.3
2023-04-23T20:30Z,6,27,0.4,0.0,6.7,3.8,1.6,27.8,0.0,0.0,59.7
2023-04-23T20:30Z,7,356,0.0,0.0,90.3,0.0,0.0,2.7,0.0,0.0,7.1
2023-04-23T20:30Z,8,99,1.6,0.0,24.6,1.4,2.5,33.2,0.0,0.0,36.6
2023-04-23T20:30Z,9,191,13.7,0.0,44.3,0.1,3.0,4.9,0.0,0.0,34.0
2023-04-23T20:30Z,10,191,3.2,0.0,40.4,0.0,6.5,0.8,0.0,0.0,49.0
2023-04-23T20:30Z,11,373,0.0,0.0,94.8,0.0,0.1,1.2,0.0,0.0,3.9
2023-04-23T20:30Z,12,201,5.0,0.0,47.6,0.5,16.3,8.6,0.0,0.0,22.0
2023-04-23T20:30Z,13,193,2.4,0.0,42.6,0.7,15.1,1.3,0.0,0.0,37.9
2023-04-23T20:30Z,14,190,0.4,0.0,42.8,1.5,25.6,0.1,0.0,0.0,29.6
2023-04-23T20:30Z,15,151,6.1,0.0,34.2,0.6,9.7,14.6,0.0,0.0,34.7
2023-04-23T20:30Z,16,10,0.4,0.0,2.3,2.5,0.0,17.2,0.0,0.0,77.6
2023-04-23T20:30Z,17,244,0.1,0.0,62.0,2.7,0.0,5.4,0.0,0.0,29.8
2023-04-23T20:30Z,18,137,4.9,0.0,31.6,1.0,7.7,14.4,0.0,0.0,40.4
2023-04-23T21:00Z,1,0,0.0,0.0,0.0,4.0,0.0,0.0,0.0,0.0,96.0
2023-04-23T21:00Z,2,9,0.5,0.0,2.1,1.6,0.0,20.0,0.0,0.0,75.8
2023-04-23T21:00Z,3,27,0.5,0.0,6.6,0.6,4.3,51.9,0.0,0.0,36.1
2023-04-23T21:00Z,4,7,2.8,0.0,0.7,0.6,31.9,29.1,0.0,0.0,34.9
2023-04-23T21:00Z,5,92,29.6,0.0,14.2,0.2,6.8,9.6,0.0,0.0,39.7
2023-04-23T21:00Z,6,24,0.4,0.0,5.9,2.7,1.8,28.7,0.0,0.0,60.5
2023-04-23T21:00Z,7,334,0.0,0.0,84.7,0.1,0.0,6.7,0.0,0.0,8.4
2023-04-23T21:00Z,8,54,2.3,0.0,13.1,1.2,3.2,36.4,0.0,0.0,43.8
2023-04-23T21:00Z,9,161,15.2,0.0,36.1,0.1,3.5,5.3,0.0,0.0,39.9
2023-04-23T21:00Z,10,161,3.0,0.0,32.4,0.0,7.0,0.6,0.0,0.0,57.1
2023-04-23T21:00Z,11,361,0.4,0.0,91.4,0.1,1.3,1.3,0.0,0.0,5.5
2023-04-23T21:00Z,12,175,5.7,0.0,40.2,0.4,19.4,7.7,0.0,0.0,26.5
2023-04-23T21:00Z,13,166,2.2,0.0,35.1,0.5,16.6,0.6,0.0,0.0,44.8
2023-04-23T21:00Z,14,168,0.3,0.0,36.9,1.1,28.2,0.0,0.0,0.0,33.5
2023-04-23T21:00Z,15,130,6.4,0.0,28.8,0.5,10.2,15.4,0.0,0.0,38.7
2023-04-23T21:00Z,16,6,0.4,0.0,1.4,2.1,0.0,17.8,0.0,0.0,78.3
2023-04-23T21:00Z,17,209,0.1,0.0,53.0,2.1,0.0,6.9,0.0,0.0,37.8
2023-04-23T21:00Z,18,118,5.1,0.0,26.5,0.8,8.1,15.2,0.0,0.0,44.2
2023-04-23T21:30Z,1,0,0.0,0.0,0.0,3.3,0.0,0.0,0.0,0.0,96.7
2023-04-23T21:30Z,2,6,0.5,0.0,1.4,1.4,0.0,21.1,0.0,0.0,75.6
2023-04-23T21:30Z,3,17,0.6,0.0,4.2,0.5,5.6,53.5,0.0,0.0,35.7
2023-04-23T21:30Z,4,6,2.6,0.0,0.5,0.5,35.1,29.6,0.0,0.0,31.8
2023-04-23T21:30Z,5,73,30.5,0.0,9.2,0.1,8.1,9.6,0.0,0.0,42.5
2023-04-23T21:30Z,6,15,0.4,0.0,3.6,2.4,2.4,29.8,0.0,0.0,61.4
2023-04-23T21:30Z,7,272,0.6,0.0,68.9,0.3,0.9,10.6,0.0,0.0,18.7
2023-04-23T21:30Z,8,33,3.2,0.0,7.5,1.1,4.4,37.5,0.0,0.0,46.4
2023-04-23T21:30Z,9,124,17.3,0.0,26.2,0.1,4.6,5.4,0.0,0.0,46.3
2023-04-23T21:30Z,10,149,1.5,0.0,21.5,0.0,14.9,0.2,0.0,0.0,61.8
2023-04-23T21:30Z,11,303,1.9,0.0,75.2,0.1,7.5,2.1,0.0,0.0,13.2
2023-04-23T21:30Z,12,140,6.4,0.0,29.9,0.4,25.5,6.8,0.0,0.0,31.0
2023-04-23T21:30Z,13,131,0.7,0.0,20.9,0.4,34.8,0.1,0.0,0.0,43.0
2023-04-23T21:30Z,14,115,0.0,0.0,20.4,0.7,53.0,0.0,0.0,0.0,25.8
2023-04-23T21:30Z,15,102,6.8,0.0,19.5,0.4,15.8,16.5,0.0,0.0,41.0
2023-04-23T21:30Z,16,5,0.5,0.0,1.2,1.9,0.0,18.2,0.0,0.0,78.2
2023-04-23T21:30Z,17,167,0.2,0.0,42.4,1.6,0.0,7.9,0.0,0.0,47.9
2023-04-23T21:30Z,18,92,5.5,0.0,18.3,0.7,12.5,16.2,0.0,0.0,46.9
2023-04-23T22:00Z,1,0,0.0,0.0,0.0,2.9,0.0,0.0,0.0,0.0,97.1
2023-04-23T22:00Z,2,6,0.5,0.0,1.3,1.2,0.0,21.4,0.0,0.0,75.5
2023-04-23T22:00Z,3,15,0.6,0.0,3.6,0.4,5.8,54.2,0.0,0.0,35.3
2023-04-23T22:00Z,4,6,2.6,0.0,0.4,0.4,34.9,29.2,0.0,0.0,32.5
2023-04-23T22:00Z,5,71,30.7,0.0,8.6,0.1,8.0,9.5,0.0,0.0,43.2
2023-04-23T22:00Z,6,17,0.5,0.0,4.0,2.9,2.4,30.0,0.0,0.0,60.3
2023-04-23T22:00Z,7,239,1.2,0.0,60.4,0.4,1.5,12.3,0.0,0.0,24.2
2023-04-23T22:00Z,8,34,3.5,0.0,7.5,1.2,4.4,37.0,0.0,0.0,46.2
2023-04-23T22:00Z,9,119,17.6,0.0,24.8,0.1,4.6,5.3,0.0,0.0,47.6
2023-04-23T22:00Z,10,139,0.7,0.0,18.4,0.0,15.3,0.1,0.0,0.0,65.6
2023-04-23T22:00Z,11,298,1.9,0.0,73.8,0.1,8.5,2.1,0.0,0.0,13.6
2023-04-23T22:00Z,12,135,6.2,0.0,28.1,0.4,28.0,6.5,0.0,0.0,30.8
2023-04-23T22:00Z,13,124,0.3,0.0,18.7,0.3,35.5,0.0,0.0,0.0,45.1
2023-04-23T22:00Z,14,110,0.0,0.0,19.0,0.6,54.0,0.0,0.0,0.0,26.5
2023-04-23T22:00Z,15,96,7.0,0.0,17.8,0.4,16.3,16.9,0.0,0.0,41.7
2023-04-23T22:00Z,16,4,0.5,0.0,1.0,1.8,0.0,18.0,0.0,0.0,78.8
2023-04-23T22:00Z,17,158,0.2,0.0,40.1,2.0,0.0,8.3,0.0,0.0,49.3
2023-04-23T22:00Z,18,87,5.6,0.0,16.8,0.7,12.8,16.5,0.0,0.0,47.7
2023-04-23T22:30Z,1,0,0.0,0.0,0.0,3.4,0.0,0.0,0.0,0.0,96.6
2023-04-23T22:30Z,2,5,0.5,0.0,1.2,1.5,0.0,22.1,0.0,0.0,74.7
2023-04-23T22:30Z,3,13,0.6,0.0,3.2,0.6,4.5,54.4,0.0,0.0,36.8
2023-04-23T22:30Z,4,6,2.8,0.0,0.5,0.5,28.5,29.7,0.0,0.0,38.1
2023-04-23T22:30Z,5,64,31.0,0.0,6.8,0.1,6.1,9.7,0.0,0.0,46.3
2023-04-23T22:30Z,6,14,0.4,0.0,3.3,2.2,1.7,31.2,0.0,0.0,61.1
2023-04-23T22:30Z,7,239,1.2,0.0,60.2,0.3,1.1,12.9,0.0,0.0,24.3
2023-04-23T22:30Z,8,32,3.6,0.0,7.0,1.0,3.3,37.6,0.0,0.0,47.4
2023-04-23T22:30Z,9,116,17.4,0.0,24.2,0.1,3.5,5.3,0.0,0.0,49.6
2023-04-23T22:30Z,10,115,0.1,0.0,14.8,0.0,13.0,0.0,0.0,0.0,72.1
2023-04-23T22:30Z,11,298,2.0,0.0,74.0,0.1,6.6,1.8,0.0,0.0,15.5
2023-04-23T22:30Z,12,137,6.5,0.0,28.9,0.4,22.1,5.4,0.0,0.0,36.7
2023-04-23T22:30Z,13,110,0.0,0.0,16.4,0.4,33.5,0.0,0.0,0.0,49.7
2023-04-23T22:30Z,14,105,0.0,0.0,17.9,0.7,53.0,0.0,0.0,0.0,28.4
2023-04-23T22:30Z,15,90,7.0,0.0,16.9,0.4,13.6,17.3,0.0,0.0,44.8
2023-04-23T22:30Z,16,4,0.5,0.0,0.9,1.9,0.0,18.5,0.0,0.0,78.2
2023-04-23T22:30Z,17,148,0.2,0.0,37.4,1.9,0.0,9.0,0.0,0.0,51.5
2023-04-23T22:30Z,18,82,5.6,0.0,15.9,0.7,10.7,16.9,0.0,0.0,50.2
2023-04-23T23:00Z,1,0,0.0,0.0,0.0,3.4,0.0,0.0,0.0,0.0,96.6
2023-04-23T23:00Z,2,5,0.4,0.0,1.1,1.6,0.0,22.2,0.0,0.0,74.6
2023-04-23T23:00Z,3,13,0.5,0.0,3.0,0.6,4.9,55.4,0.0,0.0,35.7
2023-04-23T23:00Z,4,5,2.5,0.0,0.4,0.5,29.8,31.3,0.0,0.0,35.5
2023-04-23T23:00Z,5,58,26.8,0.0,6.5,0.1,6.8,10.0,0.0,0.0,49.8
2023-04-23T23:00Z,6,14,0.4,0.0,3.3,2.4,1.9,32.4,0.0,0.0,59.6
2023-04-23T23:00Z,7,243,1.0,0.0,61.2,0.4,1.2,13.3,0.0,0.0,22.9
2023-04-23T23:00Z,8,30,3.0,0.0,6.6,1.1,3.6,38.4,0.0,0.0,47.3
2023-04-23T23:00Z,9,105,14.4,0.0,21.9,0.1,3.9,5.3,0.0,0.0,54.4
2023-04-23T23:00Z,10,99,0.0,0.0,10.8,0.0,12.8,0.0,0.0,0.0,76.3
2023-04-23T23:00Z,11,287,1.8,0.0,70.8,0.1,7.9,1.6,0.0,0.0,17.8
2023-04-23T23:00Z,12,134,5.2,0.0,28.5,0.3,22.7,4.5,0.0,0.0,38.7
2023-04-23T23:00Z,13,99,0.0,0.0,13.8,0.3,33.0,0.0,0.0,0.0,52.8
2023-04-23T23:00Z,14,100,0.0,0.0,16.7,0.6,52.5,0.0,0.0,0.0,30.2
2023-04-23T23:00Z,15,85,5.8,0.0,15.8,0.4,13.9,17.4,0.0,0.0,46.7
2023-04-23T23:00Z,16,4,0.4,0.0,0.9,2.0,0.0,19.2,0.0,0.0,77.5
2023-04-23T23:00Z,17,141,0.2,0.0,35.8,2.0,0.0,9.3,0.0,0.0,52.7
2023-04-23T23:00Z,18,77,4.7,0.0,14.9,0.7,10.9,17.1,0.0,0.0,51.6
2023-04-23T23:30Z,1,4,0.0,0.0,1.0,3.6,0.0,0.0,0.0,0.0,95.4
2023-04-23T23:30Z,2,5,0.5,0.0,1.1,1.7,0.0,21.0,0.0,0.0,75.8
2023-04-23T23:30Z,3,20,0.5,0.0,4.8,0.5,7.2,55.5,0.0,0.0,31.4
2023-04-23T23:30Z,4,5,2.2,0.0,0.3,0.4,39.7,30.8,0.0,0.0,26.6
2023-04-23T23:30Z,5,63,22.4,0.0,9.0,0.1,10.3,10.6,0.0,0.0,47.6
2023-04-23T23:30Z,6,12,0.4,0.0,3.0,2.2,3.1,33.1,0.0,0.0,58.2
2023-04-23T23:30Z,7,224,1.0,0.0,56.5,0.4,2.2,15.9,0.0,0.0,24.0
2023-04-23T23:30Z,8,29,2.7,0.0,6.5,1.0,5.6,39.5,0.0,0.0,44.7
2023-04-23T23:30Z,9,89,13.0,0.0,18.3,0.1,6.2,6.4,0.0,0.0,56.0
2023-04-23T23:30Z,10,114,0.0,0.0,15.7,0.0,11.0,0.0,0.0,0.0,73.3
2023-04-23T23:30Z,11,244,2.1,0.0,59.0,0.2,14.0,2.8,0.0,0.0,21.9
2023-04-23T23:30Z,12,114,4.4,0.0,22.5,0.4,29.8,6.2,0.0,0.0,36.7
2023-04-23T23:30Z,13,100,0.0,0.0,13.7,0.3,34.1,0.0,0.0,0.0,51.9
2023-04-23T23:30Z,14,86,0.0,0.0,11.5,0.6,58.1,0.0,0.0,0.0,29.8
2023-04-23T23:30Z,15,82,4.9,0.0,15.1,0.4,17.0,17.5,0.0,0.0,45.1
2023-04-23T23:30Z,16,4,0.4,0.0,0.9,2.2,0.0,18.1,0.0,0.0,78.4
2023-04-23T23:30Z,17,114,0.2,0.0,29.0,2.0,0.0,9.9,0.0,0.0,58.9
2023-04-23T23:30Z,18,74,4.0,0.0,14.3,0.7,13.8,17.1,0.0,0.0,50.2
2023-04-24T00:00Z,1,5,0.0,0.0,1.3,3.1,0.0,0.0,0.0,0.0,95.6
2023-04-24T00:00Z,2,6,0.6,0.0,1.3,1.4,0.0,22.4,0.0,0.0,74.3
2023-04-24T00:00Z,3,18,0.7,0.0,4.4,0.4,7.5,57.4,0.0,0.0,29.7
2023-04-24T00:00Z,4,6,2.7,0.0,0.3,0.3,41.5,30.9,0.0,0.0,24.3
2023-04-24T00:00Z,5,59,26.9,0.0,6.8,0.1,10.1,11.0,0.0,0.0,45.1
2023-04-24T00:00Z,6,13,0.5,0.0,3.0,2.6,3.4,34.9,0.0,0.0,55.4
2023-04-24T00:00Z,7,256,0.9,0.0,64.6,0.4,1.8,13.5,0.0,0.0,18.8
2023-04-24T00:00Z,8,26,3.0,0.0,5.6,1.1,5.9,42.5,0.0,0.0,41.9
2023-04-24T00:00Z,9,83,16.7,0.0,15.9,0.1,6.3,6.7,0.0,0.0,54.3
2023-04-24T00:00Z,10,116,1.2,0.0,16.7,0.0,10.8,0.4,0.0,0.0,70.8
2023-04-24T00:00Z,11,247,3.0,0.0,60.1,0.2,10.7,5.3,0.0,0.0,20.7
2023-04-24T00:00Z,12,106,6.5,0.0,21.4,0.4,23.4,10.7,0.0,0.0,37.6
2023-04-24T00:00Z,13,104,0.7,0.0,14.8,0.4,29.8,0.2,0.0,0.0,54.1
2023-04-24T00:00Z,14,89,0.0,0.0,12.6,0.9,52.1,0.0,0.0,0.0,34.4
2023-04-24T00:00Z,15,82,6.4,0.0,15.1,0.4,13.1,18.3,0.0,0.0,46.7
2023-04-24T00:00Z,16,6,0.5,0.0,1.4,2.2,0.0,18.2,0.0,0.0,77.8
2023-04-24T00:00Z,17,159,0.2,0.0,40.4,1.9,0.0,8.6,0.0,0.0,48.9
2023-04-24T00:00Z,18,76,5.2,0.0,14.9,0.7,10.5,17.7,0.0,0.0,51.0
2023-04-24T00:30Z,1,6,0.0,0.0,1.4,4.2,0.0,0.0,0.0,0.0,94.4
2023-04-24T00:30Z,2,7,0.6,0.0,1.5,1.9,0.0,22.3,0.0,0.0,73.7
2023-04-24T00:30Z,3,21,0.6,0.0,5.2,0.6,7.1,57.8,0.0,0.0,28.7
2023-04-24T00:30Z,4,6,2.8,0.0,0.4,0.5,41.6,30.2,0.0,0.0,24.5
2023-04-24T00:30Z,5,59,26.5,0.0,6.7,0.2,9.8,10.4,0.0,0.0,46.4
2023-04-24T00:30Z,6,15,0.5,0.0,3.6,1.0,3.4,35.9,0.0,0.0,55.5
2023-04-24T00:30Z,7,247,1.1,0.0,62.4,0.2,2.1,13.3,0.0,0.0,20.8
2023-04-24T00:30Z,8,29,3.1,0.0,6.5,0.7,5.8,41.9,0.0,0.0,42.1
2023-04-24T00:30Z,9,84,16.2,0.0,16.3,0.1,6.0,6.3,0.0,0.0,55.0
2023-04-24T00:30Z,10,139,0.9,0.0,15.5,0.0,16.5,0.4,0.0,0.0,66.8
2023-04-24T00:30Z,11,228,2.9,0.0,54.2,0.2,16.9,5.1,0.0,0.0,20.6
2023-04-24T00:30Z,12,102,5.5,0.0,19.3,0.4,32.0,10.0,0.0,0.0,32.7
2023-04-24T00:30Z,13,115,0.5,0.0,13.7,0.5,33.3,0.2,0.0,0.0,51.8
2023-04-24T00:30Z,14,86,0.0,0.0,11.5,1.2,54.1,0.0,0.0,0.0,33.2
2023-04-24T00:30Z,15,86,6.3,0.0,14.5,0.4,14.4,18.1,0.0,0.0,46.3
2023-04-24T00:30Z,16,6,0.4,0.0,1.4,2.1,0.0,18.5,0.0,0.0,77.6
2023-04-24T00:30Z,17,157,0.2,0.0,39.7,2.0,0.0,8.3,0.0,0.0,49.8
2023-04-24T00:30Z,18,80,5.1,0.0,14.4,0.7,11.6,17.6,0.0,0.0,50.6
2023-04-24T01:00Z,1,4,0.0,0.0,1.0,3.5,0.0,0.0,0.0,0.0,95.5
2023-04-24T01:00Z,2,6,0.4,0.0,1.4,1.6,0.0,24.0,0.0,0.0,72.5
2023-04-24T01:00Z,3,20,0.5,0.0,4.8,0.5,6.7,58.7,0.0,0.1,28.9
2023-04-24T01:00Z,4,5,2.1,0.0,0.4,0.4,40.7,29.7,0.0,0.1,26.6
2023-04-24T01:00Z,5,50,22.5,0.0,5.9,0.1,10.4,10.3,0.0,0.0,50.8
2023-04-24T01:00Z,6,13,0.4,0.0,3.2,2.6,3.1,36.2,0.0,0.0,54.5
2023-04-24T01:00Z,7,266,0.7,0.0,67.3,0.3,1.6,12.6,0.0,0.1,17.4
2023-04-24T01:00Z,8,26,2.3,0.0,5.9,1.1,5.4,43.0,0.0,0.1,42.2
2023-04-24T01:00Z,9,79,13.5,0.0,15.9,0.1,6.2,6.3,0.0,0.0,57.9
2023-04-24T01:00Z,10,139,0.8,0.0,15.6,0.0,16.4,0.4,0.0,0.0,66.8
2023-04-24T01:00Z,11,227,2.5,0.0,54.5,0.2,15.1,5.3,0.0,0.0,22.4
2023-04-24T01:00Z,12,103,4.7,0.0,20.0,0.4,28.5,10.5,0.0,0.0,35.9
2023-04-24T01:00Z,13,121,0.5,0.0,15.1,0.3,28.5,0.2,0.0,0.0,55.3
2023-04-24T01:00Z,14,97,0.0,0.0,14.3,0.8,45.7,0.0,0.0,0.1,39.0
2023-04-24T01:00Z,15,83,5.1,0.0,14.9,0.4,12.8,18.6,0.0,0.0,48.1
2023-04-24T01:00Z,16,6,0.3,0.0,1.4,2.3,0.0,19.2,0.0,0.0,76.7
2023-04-24T01:00Z,17,162,0.2,0.0,41.0,1.9,0.0,8.5,0.0,0.1,48.4
2023-04-24T01:00Z,18,78,4.2,0.0,14.7,0.8,10.4,18.1,0.0,0.0,51.8
2023-04-24T01:30Z,1,4,0.0,0.0,0.9,4.6,0.0,0.0,0.0,0.0,94.5
2023-04-24T01:30Z,2,7,0.7,0.0,1.5,2.0,0.0,24.8,0.0,0.0,71.0
2023-04-24T01:30Z,3,16,0.6,0.0,3.7,0.6,6.6,61.4,0.0,0.0,27.0
2023-04-24T01:30Z,4,6,2.8,0.0,0.3,0.5,37.8,35.6,0.0,0.0,23.0
2023-04-24T01:30Z,5,58,27.7,0.0,6.2,0.1,7.9,8.7,0.0,0.0,49.4
2023-04-24T01:30Z,6,12,0.6,0.0,2.8,1.4,3.2,38.9,0.0,0.0,53.2
2023-04-24T01:30Z,7,271,1.0,0.0,68.5,0.2,1.5,12.2,0.0,0.0,16.6
2023-04-24T01:30Z,8,27,3.5,0.0,5.8,0.7,5.2,43.7,0.0,0.0,40.9
2023-04-24T01:30Z,9,85,16.4,0.0,16.6,0.1,4.7,5.2,0.0,0.0,57.2
2023-04-24T01:30Z,10,140,0.6,0.0,15.3,0.0,16.8,0.2,0.0,0.0,67.1
2023-04-24T01:30Z,11,250,2.8,0.0,60.5,0.2,11.7,4.3,0.0,0.0,20.5
2023-04-24T01:30Z,12,114,6.1,0.0,22.8,0.4,24.9,9.4,0.0,0.0,36.4
2023-04-24T01:30Z,13,124,0.4,0.0,15.5,0.4,27.5,0.1,0.0,0.0,56.1
2023-04-24T01:30Z,14,101,0.0,0.0,16.0,0.9,43.2,0.0,0.0,0.0,39.9
2023-04-24T01:30Z,15,89,6.4,0.0,14.9,0.4,12.0,18.7,0.0,0.0,47.5
2023-04-24T01:30Z,16,7,0.4,0.0,1.6,2.6,0.0,19.5,0.0,0.0,75.8
2023-04-24T01:30Z,17,181,0.2,0.0,46.0,1.8,0.0,8.1,0.0,0.0,44.0
2023-04-24T01:30Z,18,83,5.2,0.0,15.1,0.8,9.7,18.2,0.0,0.0,51.1
2023-04-24T02:00Z,1,3,0.0,0.0,0.8,4.0,0.0,0.0,0.0,0.0,95.2
2023-04-24T02:00Z,2,7,0.7,0.0,1.6,1.7,0.0,25.9,0.0,0.0,70.1
2023-04-24T02:00Z,3,18,0.7,0.0,4.4,0.5,6.4,61.3,0.0,0.0,26.7
2023-04-24T02:00Z,4,6,2.9,0.0,0.4,0.5,36.7,35.7,0.0,0.0,23.8
2023-04-24T02:00Z,5,61,30.5,0.0,6.2,0.1,7.1,8.2,0.0,0.0,47.9
2023-04-24T02:00Z,6,13,0.6,0.0,3.2,2.4,3.0,38.8,0.0,0.0,51.9
2023-04-24T02:00Z,7,268,1.3,0.0,67.5,0.3,1.6,11.5,0.0,0.0,17.8
2023-04-24T02:00Z,8,30,4.0,0.0,6.2,1.0,5.0,43.5,0.0,0.0,40.2
2023-04-24T02:00Z,9,86,18.5,0.0,16.1,0.1,4.3,4.9,0.0,0.1,56.0
2023-04-24T02:00Z,10,138,0.9,0.0,14.7,0.0,16.8,0.2,0.0,0.0,67.3
2023-04-24T02:00Z,11,246,3.5,0.0,59.4,0.2,10.8,4.2,0.0,0.6,21.4
2023-04-24T02:00Z,12,114,7.3,0.0,22.5,0.4,22.5,9.5,0.0,0.2,37.6
2023-04-24T02:00Z,13,126,0.6,0.0,15.6,0.3,25.0,0.1,0.0,0.0,58.3
2023-04-24T02:00Z,14,108,0.1,0.0,17.2,0.7,38.2,0.0,0.0,0.0,43.7
2023-04-24T02:00Z,15,89,7.3,0.0,14.8,0.4,11.5,18.8,0.0,0.0,47.2
2023-04-24T02:00Z,16,7,0.5,0.0,1.5,2.6,0.0,19.6,0.0,0.0,75.8
2023-04-24T02:00Z,17,179,0.2,0.0,45.4,1.8,0.0,8.0,0.0,0.0,44.6
2023-04-24T02:00Z,18,83,5.9,0.0,14.9,0.8,9.3,18.3,0.0,0.0,50.8
2023-04-24T02:30Z,1,5,0.0,0.0,1.2,4.9,0.0,0.0,0.0,0.0,93.9
2023-04-24T02:30Z,2,8,0.7,0.0,1.9,2.2,0.0,26.9,0.0,0.0,68.3
2023-04-24T02:30Z,3,17,0.7,0.0,4.0,0.6,4.8,62.6,0.0,0.0,27.3
2023-04-24T02:30Z,4,7,3.2,0.0,0.6,0.6,30.9,36.9,0.0,0.0,27.9
2023-04-24T02:30Z,5,59,32.8,0.0,4.9,0.1,5.2,8.2,0.0,0.0,48.7
2023-04-24T02:30Z,6,13,0.6,0.0,3.2,1.2,2.3,40.2,0.0,0.0,52.6
2023-04-24T02:30Z,7,296,1.2,0.0,74.9,0.2,1.0,7.1,0.0,0.0,15.6
2023-04-24T02:30Z,8,29,4.4,0.0,6.1,0.7,3.7,44.4,0.0,0.0,40.7
2023-04-24T02:30Z,9,86,19.6,0.0,15.8,0.1,3.1,5.0,0.0,0.0,56.5
2023-04-24T02:30Z,10,130,0.5,0.0,17.3,0.0,13.1,0.3,0.0,0.0,68.8
2023-04-24T02:30Z,11,269,3.1,0.0,65.6,0.1,8.6,3.7,0.0,0.0,18.9
2023-04-24T02:30Z,12,130,7.0,0.0,27.3,0.3,19.1,11.5,0.0,0.0,34.8
2023-04-24T02:30Z,13,120,0.3,0.0,17.4,0.4,27.4,0.5,0.0,0.0,54.1
2023-04-24T02:30Z,14,108,0.0,0.0,17.6,0.9,46.1,0.1,0.0,0.0,35.2
2023-04-24T02:30Z,15,91,7.6,0.0,16.2,0.4,11.0,19.0,0.0,0.0,45.9
2023-04-24T02:30Z,16,7,0.5,0.0,1.7,2.5,0.0,19.8,0.0,0.0,75.4
2023-04-24T02:30Z,17,192,0.2,0.0,48.6,2.0,0.0,7.1,0.0,0.0,42.0
2023-04-24T02:30Z,18,85,6.1,0.0,16.3,0.8,8.8,18.3,0.0,0.0,49.6
2023-04-24T03:00Z,1,4,0.0,0.0,1.1,4.7,0.0,0.0,0.0,0.0,94.2
2023-04-24T03:00Z,2,9,0.7,0.0,2.0,2.1,0.0,27.1,0.0,0.1,67.9
2023-04-24T03:00Z,3,20,0.7,0.0,4.9,0.6,4.9,62.3,0.0,0.2,26.5
2023-04-24T03:00Z,4,7,3.2,0.0,0.5,0.5,31.3,37.9,0.0,0.2,26.3
2023-04-24T03:00Z,5,60,32.3,0.0,5.4,0.1,5.3,8.9,0.0,0.1,47.9
2023-04-24T03:00Z,6,16,0.6,0.0,3.8,2.2,2.3,40.2,0.0,0.3,50.6
2023-04-24T03:00Z,7,334,0.7,0.0,84.4,0.1,0.6,2.5,0.0,1.4,10.3
2023-04-24T03:00Z,8,31,4.1,0.0,6.6,1.0,3.7,45.1,0.0,0.5,39.1
2023-04-24T03:00Z,9,87,19.8,0.0,16.1,0.1,3.2,5.3,0.0,0.1,55.4
2023-04-24T03:00Z,10,133,1.1,0.0,18.7,0.0,12.4,0.4,0.0,0.3,67.1
2023-04-24T03:00Z,11,282,3.1,0.0,69.5,0.1,6.6,2.8,0.0,0.1,17.8
2023-04-24T03:00Z,12,135,7.3,0.0,29.1,0.4,15.4,13.1,0.0,0.2,34.5
2023-04-24T03:00Z,13,125,0.7,0.0,19.0,0.3,23.8,0.8,0.0,0.2,55.2
2023-04-24T03:00Z,14,114,0.1,0.0,19.7,1.0,40.1,0.1,0.0,0.2,38.8
2023-04-24T03:00Z,15,98,7.5,0.0,18.2,0.4,9.5,18.9,0.0,0.1,45.4
2023-04-24T03:00Z,16,9,0.5,0.0,2.1,2.8,0.0,20.2,0.0,0.0,74.4
2023-04-24T03:00Z,17,198,0.2,0.0,50.3,2.0,0.0,6.3,0.0,0.0,41.3
2023-04-24T03:00Z,18,91,6.1,0.0,18.0,0.8,7.7,18.3,0.0,0.0,49.1
2023-04-24T03:30Z,1,6,0.0,0.0,1.6,6.3,0.0,0.0,0.0,0.0,92.2
2023-04-24T03:30Z,2,12,0.7,0.0,2.9,2.8,0.0,27.9,0.0,0.0,65.8
2023-04-24T03:30Z,3,25,0.6,0.0,6.2,0.8,6.0,61.0,0.0,0.0,25.5
2023-04-24T03:30Z,4,7,2.8,0.0,0.7,0.6,36.4,36.4,0.0,0.0,23.2
2023-04-24T03:30Z,5,67,31.0,0.0,7.5,0.1,6.6,9.5,0.0,0.0,45.3
2023-04-24T03:30Z,6,20,0.6,0.0,4.8,1.8,2.9,40.9,0.0,0.0,49.1
2023-04-24T03:30Z,7,384,0.0,0.0,97.4,0.0,0.0,0.0,0.0,0.0,2.6
2023-04-24T03:30Z,8,52,3.2,0.0,12.3,0.9,4.4,43.9,0.0,0.0,35.2
2023-04-24T03:30Z,9,107,18.6,0.0,21.5,0.1,4.0,5.5,0.0,0.0,50.4
2023-04-24T03:30Z,10,135,2.0,0.0,26.0,0.0,6.9,0.5,0.0,0.0,64.6
2023-04-24T03:30Z,11,344,1.5,0.0,86.9,0.0,0.6,1.9,0.0,0.0,9.1
2023-04-24T03:30Z,12,172,8.2,0.0,40.9,0.4,3.2,13.1,0.0,0.0,34.2
2023-04-24T03:30Z,13,146,1.8,0.0,30.4,0.4,5.5,0.9,0.0,0.0,61.0
2023-04-24T03:30Z,14,165,0.6,0.0,39.0,1.1,2.5,0.1,0.0,0.0,56.6
2023-04-24T03:30Z,15,116,7.1,0.0,25.3,0.5,5.9,17.9,0.0,0.0,43.3
2023-04-24T03:30Z,16,13,0.5,0.0,3.0,3.3,0.0,20.5,0.0,0.0,72.6
2023-04-24T03:30Z,17,251,0.1,0.0,63.8,1.8,0.0,4.9,0.0,0.0,29.4
2023-04-24T03:30Z,18,110,5.8,0.0,24.7,0.9,4.8,17.5,0.0,0.0,46.3
2023-04-24T04:00Z,1,4,0.0,0.0,1.0,11.1,0.0,0.0,0.0,0.0,87.9
2023-04-24T04:00Z,2,13,0.6,0.0,3.0,4.8,0.0,27.2,0.0,0.1,64.2
2023-04-24T04:00Z,3,27,0.6,0.0,6.6,1.2,6.5,60.5,0.0,0.1,24.6
2023-04-24T04:00Z,4,6,2.6,0.0,0.6,0.6,39.0,38.1,0.0,0.0,19.2
2023-04-24T04:00Z,5,73,30.5,0.0,9.2,0.2,6.9,9.2,0.0,0.0,44.1
2023-04-24T04:00Z,6,17,0.5,0.0,4.2,6.4,3.0,39.1,0.0,0.2,46.5
2023-04-24T04:00Z,7,385,0.0,0.0,97.6,0.0,0.0,0.0,0.0,0.3,2.1
2023-04-24T04:00Z,8,68,3.1,0.0,16.4,2.5,4.6,40.2,0.0,0.1,33.1
2023-04-24T04:00Z,9,117,17.9,0.0,24.2,0.1,4.1,5.1,0.0,0.0,48.6
2023-04-24T04:00Z,10,144,1.8,0.0,28.4,0.0,6.8,0.4,0.0,0.0,62.6
2023-04-24T04:00Z,11,354,0.7,0.0,89.5,0.1,0.3,1.5,0.0,2.2,5.7
2023-04-24T04:00Z,12,191,7.4,0.0,45.9,0.8,2.9,11.3,0.0,0.9,30.8
2023-04-24T04:00Z,13,160,1.7,0.0,34.4,0.5,5.1,0.8,0.0,0.0,57.5
2023-04-24T04:00Z,14,186,0.5,0.0,44.8,1.6,2.0,0.1,0.0,0.0,51.1
2023-04-24T04:00Z,15,125,6.8,0.0,27.8,0.9,5.9,17.1,0.0,0.3,41.1
2023-04-24T04:00Z,16,13,0.5,0.0,3.2,7.1,0.0,19.8,0.0,0.1,69.3
2023-04-24T04:00Z,17,267,0.1,0.0,67.6,2.9,0.0,3.7,0.0,0.3,25.4
2023-04-24T04:00Z,18,119,5.6,0.0,26.9,1.9,4.8,16.7,0.0,0.2,43.9
2023-04-24T04:30Z,1,6,0.0,0.0,1.5,17.8,0.0,0.0,0.0,0.0,80.7
2023-04-24T04:30Z,2,21,0.6,0.0,3.4,8.1,1.5,26.8,0.0,0.0,59.6
2023-04-24T04:30Z,3,31,0.5,0.0,7.1,2.0,9.2,59.3,0.0,0.0,21.8
2023-04-24T04:30Z,4,6,2.1,0.0,0.4,0.9,47.7,36.1,0.0,0.1,12.7
2023-04-24T04:30Z,5,72,30.2,0.0,9.1,0.2,10.0,8.3,0.0,0.1,42.1
2023-04-24T04:30Z,6,29,0.5,0.0,5.8,4.1,5.5,40.3,0.0,0.1,43.8
2023-04-24T04:30Z,7,387,0.0,0.0,98.3,0.0,0.0,0.0,0.0,0.0,1.7
2023-04-24T04:30Z,8,79,2.9,0.0,18.4,2.1,7.1,38.3,0.0,0.1,31.1
2023-04-24T04:30Z,9,123,17.4,0.0,25.7,0.1,5.8,4.6,0.0,0.3,46.1
2023-04-24T04:30Z,10,176,1.3,0.0,32.0,0.0,10.6,0.3,0.0,0.7,55.1
2023-04-24T04:30Z,11,356,1.1,0.0,90.0,0.1,0.9,1.1,0.0,0.0,6.8
2023-04-24T04:30Z,12,206,6.8,0.0,49.5,0.8,5.7,8.7,0.0,0.2,28.2
2023-04-24T04:30Z,13,185,1.2,0.0,37.5,0.8,8.1,0.5,0.0,0.7,51.2
2023-04-24T04:30Z,14,204,0.4,0.0,48.0,2.7,3.1,0.1,0.0,0.5,45.2
2023-04-24T04:30Z,15,137,6.5,0.0,29.7,1.4,8.7,16.2,0.0,0.3,37.2
2023-04-24T04:30Z,16,15,0.5,0.0,3.4,11.3,0.3,19.1,0.0,0.0,65.5
2023-04-24T04:30Z,17,284,0.1,0.0,71.9,2.7,0.1,2.7,0.0,0.0,22.5
2023-04-24T04:30Z,18,129,5.3,0.0,28.6,2.8,7.0,15.8,0.0,0.2,40.2
2023-04-24T05:00Z,1,7,0.0,0.0,1.8,19.1,0.0,0.0,0.0,0.0,79.1
2023-04-24T05:00Z,2,23,0.6,0.0,3.8,8.4,1.6,26.6,0.0,0.1,58.9
2023-04-24T05:00Z,3,36,0.6,0.0,8.5,1.9,9.5,56.5,0.0,0.1,23.0
2023-04-24T05:00Z,4,7,2.1,0.0,0.5,0.8,47.6,35.4,0.0,0.1,13.5
2023-04-24T05:00Z,5,80,29.8,0.0,11.0,0.2,9.2,6.7,0.0,0.1,43.0
2023-04-24T05:00Z,6,28,0.5,0.0,6.1,7.8,4.8,37.1,0.0,0.1,43.7
2023-04-24T05:00Z,7,388,0.0,0.0,98.5,0.0,0.0,0.0,0.0,0.1,1.4
2023-04-24T05:00Z,8,113,3.0,0.0,27.2,2.7,6.3,31.2,0.0,0.1,29.5
2023-04-24T05:00Z,9,142,15.9,0.0,31.0,0.1,4.9,3.2,0.0,0.2,44.6
2023-04-24T05:00Z,10,187,0.9,0.0,35.1,0.0,10.3,0.1,0.0,0.4,53.2
2023-04-24T05:00Z,11,374,0.3,0.0,94.8,0.0,0.3,0.2,0.0,0.9,3.6
2023-04-24T05:00Z,12,238,5.7,0.0,58.0,0.8,5.3,5.2,0.0,0.6,24.5
2023-04-24T05:00Z,13,202,0.8,0.0,42.4,1.0,7.7,0.3,0.0,0.3,47.5
2023-04-24T05:00Z,14,228,0.2,0.0,54.8,2.8,3.1,0.0,0.0,0.2,38.9
2023-04-24T05:00Z,15,149,6.0,0.0,33.1,1.4,8.4,15.1,0.0,0.3,35.8
2023-04-24T05:00Z,16,16,0.5,0.0,3.9,11.9,0.0,18.8,0.0,0.0,64.9
2023-04-24T05:00Z,17,330,0.0,0.0,83.8,2.1,0.0,0.9,0.0,0.1,13.1
2023-04-24T05:00Z,18,142,4.9,0.0,32.3,2.8,6.7,14.7,0.0,0.2,38.3
2023-04-24T05:30Z,1,3,0.0,0.0,0.9,19.1,0.0,0.0,0.0,0.0,80.0
2023-04-24T05:30Z,2,16,0.6,0.0,4.0,8.4,0.0,26.5,0.0,0.4,60.1
2023-04-24T05:30Z,3,38,0.5,0.0,9.3,1.7,9.1,57.5,0.0,0.2,21.6
2023-04-24T05:30Z,4,5,2.1,0.0,0.3,0.6,50.8,35.2,0.0,0.4,10.7
2023-04-24T05:30Z,5,80,30.9,0.0,10.9,0.1,8.0,5.3,0.0,0.4,44.5
2023-04-24T05:30Z,6,28,0.5,0.0,7.0,3.8,4.3,38.4,0.0,0.8,45.2
2023-04-24T05:30Z,7,388,0.0,0.0,98.5,0.0,0.0,0.0,0.0,0.4,1.1
2023-04-24T05:30Z,8,146,3.2,0.0,36.1,1.3,5.2,27.5,0.0,0.7,26.1
2023-04-24T05:30Z,9,155,14.4,0.0,34.9,0.0,3.8,2.0,0.0,1.2,43.6
2023-04-24T05:30Z,10,198,0.0,0.0,38.1,0.0,10.1,0.0,0.0,1.8,49.9
2023-04-24T05:30Z,11,361,0.1,0.0,91.6,0.0,0.3,0.0,0.0,5.7,2.3
2023-04-24T05:30Z,12,250,3.9,0.0,60.3,0.5,12.8,2.0,0.0,3.0,17.6
2023-04-24T05:30Z,13,203,0.0,0.0,42.6,1.0,14.8,0.1,0.0,1.4,40.1
2023-04-24T05:30Z,14,209,0.0,0.0,48.3,2.4,21.5,0.0,0.0,0.8,26.9
2023-04-24T05:30Z,15,155,5.5,0.0,34.5,1.2,10.9,13.7,0.0,1.5,32.8
2023-04-24T05:30Z,16,17,0.5,0.0,4.1,10.4,0.0,18.8,0.0,0.3,65.9
2023-04-24T05:30Z,17,343,0.0,0.0,87.0,2.4,0.0,0.7,0.0,0.3,9.4
2023-04-24T05:30Z,18,148,4.5,0.0,33.6,2.4,8.8,13.6,0.0,1.3,35.7
2023-04-24T06:00Z,1,8,0.0,0.0,2.0,13.5,0.0,0.0,0.0,0.0,84.5
2023-04-24T06:00Z,2,19,0.6,0.0,4.6,5.5,0.0,26.7,0.0,1.0,61.5
2023-04-24T06:00Z,3,43,0.5,0.0,10.6,1.0,8.4,58.6,0.0,0.6,20.3
2023-04-24T06:00Z,4,5,2.1,0.0,0.3,0.3,50.6,34.4,0.0,0.9,11.4
2023-04-24T06:00Z,5,85,31.1,0.0,12.1,0.1,8.0,4.6,0.0,1.0,43.3
2023-04-24T06:00Z,6,30,0.4,0.0,7.5,3.7,4.2,37.7,0.0,2.3,44.0
2023-04-24T06:00Z,7,387,0.0,0.0,98.2,0.0,0.0,0.0,0.0,0.7,1.1
2023-04-24T06:00Z,8,175,2.5,0.0,43.7,0.9,4.4,25.1,0.0,1.7,21.6
2023-04-24T06:00Z,9,179,12.8,0.0,41.6,0.0,3.3,1.4,0.0,2.8,38.1
2023-04-24T06:00Z,10,206,0.4,0.0,40.1,0.0,10.1,0.0,0.0,3.7,45.7
2023-04-24T06:00Z,11,337,0.0,0.0,85.5,0.0,0.0,0.0,0.0,12.4,2.0
2023-04-24T06:00Z,12,258,2.9,0.0,62.5,0.3,15.2,0.8,0.0,6.0,12.3
2023-04-24T06:00Z,13,211,0.4,0.0,44.9,0.8,16.6,0.1,0.0,3.0,34.2
2023-04-24T06:00Z,14,210,0.0,0.0,48.4,1.7,25.5,0.0,0.0,1.6,22.8
2023-04-24T06:00Z,15,166,5.3,0.0,37.3,0.7,11.3,13.0,0.0,3.2,29.1
2023-04-24T06:00Z,16,19,0.5,0.0,4.6,7.5,0.0,19.2,0.0,0.8,67.4
2023-04-24T06:00Z,17,327,0.0,0.0,83.0,1.8,0.0,2.3,0.0,0.9,12.1
2023-04-24T06:00Z,18,157,4.4,0.0,35.9,1.6,9.3,13.2,0.0,2.7,32.9
2023-04-24T06:30Z,1,6,0.0,0.0,1.5,9.9,0.0,0.0,0.0,0.0,88.7
2023-04-24T06:30Z,2,17,0.7,0.0,4.0,3.8,0.0,26.3,0.0,1.8,63.4
2023-04-24T06:30Z,3,43,1.0,0.0,10.6,0.7,8.4,57.9,0.0,1.2,20.2
2023-04-24T06:30Z,4,5,2.2,0.0,0.2,0.2,51.1,33.6,0.0,1.5,11.2
2023-04-24T06:30Z,5,94,31.2,0.0,14.2,0.0,6.5,3.6,0.0,1.7,42.7
2023-04-24T06:30Z,6,32,0.7,0.0,7.9,2.7,4.3,36.0,0.0,4.3,44.0
2023-04-24T06:30Z,7,385,0.0,0.0,97.6,0.0,0.0,0.0,0.0,1.2,1.1
2023-04-24T06:30Z,8,182,3.0,0.0,45.0,0.5,5.1,21.4,0.0,3.3,21.7
2023-04-24T06:30Z,9,210,9.6,0.0,50.1,0.0,2.2,0.9,0.0,4.8,32.5
2023-04-24T06:30Z,10,214,0.0,0.0,38.3,0.0,14.0,0.0,0.0,6.2,41.4
2023-04-24T06:30Z,11,296,0.1,0.0,74.8,0.0,1.3,0.0,0.0,21.3,2.6
2023-04-24T06:30Z,12,237,1.8,0.0,55.4,0.3,25.1,0.1,0.0,8.7,8.7
2023-04-24T06:30Z,13,193,0.0,0.0,36.0,0.6,33.2,0.0,0.0,4.0,26.1
2023-04-24T06:30Z,14,173,0.0,0.0,33.5,1.1,50.5,0.0,0.0,2.0,13.0
2023-04-24T06:30Z,15,166,5.1,0.0,35.9,0.5,15.1,12.4,0.0,5.1,26.0
2023-04-24T06:30Z,16,14,0.6,0.0,3.4,5.6,0.0,19.1,0.0,1.4,69.9
2023-04-24T06:30Z,17,300,0.1,0.0,76.0,1.2,0.0,2.8,0.0,1.8,18.2
2023-04-24T06:30Z,18,155,4.2,0.0,34.3,1.1,12.4,12.6,0.0,4.5,30.9
2023-04-24T07:00Z,1,11,0.0,0.0,2.7,9.9,0.0,0.0,0.0,0.0,87.4
2023-04-24T07:00Z,2,16,0.6,0.0,4.0,3.9,0.0,24.9,0.0,2.1,64.5
2023-04-24T07:00Z,3,32,2.2,0.0,7.3,0.7,9.3,54.8,0.0,1.8,23.9
2023-04-24T07:00Z,4,5,2.1,0.0,0.2,0.2,50.4,32.5,0.0,2.4,12.3
2023-04-24T07:00Z,5,96,30.9,0.0,15.0,0.0,4.9,3.1,0.0,2.4,43.8
2023-04-24T07:00Z,6,20,1.2,0.0,4.7,2.9,4.3,34.1,0.0,6.5,46.2
2023-04-24T07:00Z,7,378,0.0,0.0,96.0,0.0,0.0,0.0,0.0,2.1,1.9
2023-04-24T07:00Z,8,174,2.8,0.0,42.1,0.5,7.7,18.9,0.0,5.7,22.3
2023-04-24T07:00Z,9,232,5.8,0.0,55.7,0.0,2.3,0.6,0.0,6.7,28.9
2023-04-24T07:00Z,10,204,0.0,0.0,35.0,0.1,16.4,0.0,0.0,9.2,39.3
2023-04-24T07:00Z,11,271,0.1,0.0,68.3,0.0,2.0,0.0,0.0,26.6,3.1
2023-04-24T07:00Z,12,221,0.8,0.0,50.5,0.3,29.8,0.1,0.0,11.1,7.5
2023-04-24T07:00Z,13,178,0.0,0.0,31.9,0.8,39.8,0.0,0.0,5.4,22.1
2023-04-24T07:00Z,14,161,0.0,0.0,29.9,1.2,54.7,0.0,0.0,3.0,11.1
2023-04-24T07:00Z,15,157,4.9,0.0,33.4,0.5,16.7,12.0,0.0,7.1,25.5
2023-04-24T07:00Z,16,13,0.5,0.0,3.2,5.6,0.0,18.2,0.0,1.7,70.8
2023-04-24T07:00Z,17,289,0.1,0.0,73.2,1.6,0.0,2.8,0.0,2.5,19.8
2023-04-24T07:00Z,18,147,4.1,0.0,32.1,1.2,13.6,12.2,0.0,6.1,30.8
2023-04-24T07:30Z,1,5,0.0,0.0,1.3,9.2,0.0,0.0,0.0,0.0,89.5
2023-04-24T07:30Z,2,14,0.7,0.0,3.3,3.5,0.0,23.8,0.0,2.3,66.4
2023-04-24T07:30Z,3,32,2.4,0.0,7.2,0.7,9.4,54.1,0.0,2.3,23.9
2023-04-24T07:30Z,4,5,2.3,0.0,0.1,0.2,49.8,32.4,0.0,3.2,12.1
2023-04-24T07:30Z,5,105,29.7,0.0,17.5,0.0,4.5,3.1,0.0,2.8,42.3
2023-04-24T07:30Z,6,23,1.3,0.0,5.5,3.2,4.2,32.2,0.0,8.7,44.9
2023-04-24T07:30Z,7,374,0.0,0.0,95.0,0.0,0.0,0.0,0.0,2.7,2.4
2023-04-24T07:30Z,8,169,2.9,0.0,40.5,0.5,8.8,18.8,0.0,7.3,21.2
2023-04-24T07:30Z,9,229,6.0,0.0,54.6,0.0,2.6,0.6,0.0,8.1,28.1
2023-04-24T07:30Z,10,215,0.0,0.0,31.5,0.1,22.6,0.0,0.0,11.7,34.1
2023-04-24T07:30Z,11,248,0.0,0.0,62.6,0.0,1.9,0.0,0.0,32.2,3.3
2023-04-24T07:30Z,12,205,0.7,0.0,45.4,0.2,35.0,0.1,0.0,12.8,5.7
2023-04-24T07:30Z,13,174,0.0,0.0,27.9,0.5,47.7,0.0,0.0,6.6,17.2
2023-04-24T07:30Z,14,152,0.0,0.0,26.0,0.8,61.3,0.0,0.0,3.8,8.1
2023-04-24T07:30Z,15,155,4.7,0.0,31.4,0.4,19.8,11.5,0.0,8.7,23.5
2023-04-24T07:30Z,16,13,0.6,0.0,3.1,5.3,0.0,17.3,0.0,1.8,71.9
2023-04-24T07:30Z,17,283,0.1,0.0,71.9,1.0,0.0,2.7,0.0,3.3,21.0
2023-04-24T07:30Z,18,145,3.9,0.0,30.3,1.0,16.2,11.7,0.0,7.6,29.3
2023-04-24T08:00Z,1,11,0.0,0.0,2.8,8.1,0.0,0.0,0.0,0.0,89.0
2023-04-24T08:00Z,2,16,0.7,0.0,3.8,3.0,0.0,24.1,0.0,2.5,65.9
2023-04-24T08:00Z,3,36,2.0,0.0,8.5,0.5,8.6,55.9,0.0,2.5,22.0
2023-04-24T08:00Z,4,5,2.3,0.0,0.1,0.1,49.8,32.1,0.0,3.7,11.9
2023-04-24T08:00Z,5,108,29.3,0.0,18.4,0.0,4.3,2.8,0.0,3.2,42.1
2023-04-24T08:00Z,6,23,1.2,0.0,5.4,1.8,4.3,34.6,0.0,10.0,42.8
2023-04-24T08:00Z,7,373,0.0,0.0,94.6,0.0,0.0,0.0,0.0,2.6,2.8
2023-04-24T08:00Z,8,173,3.1,0.0,42.4,0.3,6.9,19.7,0.0,7.4,20.4
2023-04-24T08:00Z,9,228,6.7,0.0,55.9,0.0,1.0,0.6,0.0,8.4,27.3
2023-04-24T08:00Z,10,216,0.0,0.0,32.1,0.0,21.9,0.0,0.0,14.1,31.8
2023-04-24T08:00Z,11,232,0.0,0.0,58.7,0.0,1.3,0.0,0.0,36.6,3.3
2023-04-24T08:00Z,12,204,1.0,0.0,46.0,0.1,31.7,0.1,0.0,15.2,5.9
2023-04-24T08:00Z,13,172,0.0,0.0,27.3,0.4,47.3,0.0,0.0,8.7,16.4
2023-04-24T08:00Z,14,147,0.0,0.0,24.5,0.6,62.0,0.0,0.0,5.5,7.4
2023-04-24T08:00Z,15,153,4.6,0.0,31.0,0.3,19.6,11.3,0.0,10.4,22.7
2023-04-24T08:00Z,16,15,0.6,0.0,3.6,4.3,0.0,17.0,0.0,2.0,72.5
2023-04-24T08:00Z,17,307,0.1,0.0,77.9,0.6,0.0,1.7,0.0,3.4,16.3
2023-04-24T08:00Z,18,145,3.8,0.0,30.2,0.8,16.0,11.5,0.0,8.9,28.7
2023-04-24T08:30Z,1,10,0.0,0.0,2.5,8.7,0.0,0.0,0.0,0.0,88.8
2023-04-24T08:30Z,2,16,0.7,0.0,3.8,3.3,0.0,24.0,0.0,2.6,65.6
2023-04-24T08:30Z,3,32,1.9,0.0,7.6,0.5,8.7,56.4,0.0,2.9,22.0
2023-04-24T08:30Z,4,5,2.5,0.0,0.1,0.0,48.6,32.6,0.0,4.2,12.0
2023-04-24T08:30Z,5,104,29.3,0.0,17.3,0.0,4.5,2.7,0.0,3.6,42.6
2023-04-24T08:30Z,6,28,1.1,0.0,6.6,1.3,4.1,34.0,0.0,11.2,41.6
2023-04-24T08:30Z,7,371,0.0,0.0,94.0,0.0,0.0,0.0,0.0,2.8,3.1
2023-04-24T08:30Z,8,170,3.0,0.0,41.6,0.3,7.1,19.2,0.0,8.2,20.5
2023-04-24T08:30Z,9,224,6.8,0.0,54.8,0.0,1.0,0.6,0.0,9.2,27.6
2023-04-24T08:30Z,10,218,0.1,0.0,32.7,0.0,21.9,0.0,0.0,15.5,29.8
2023-04-24T08:30Z,11,212,0.0,0.0,53.8,0.0,0.2,0.0,0.0,42.6,3.5
2023-04-24T08:30Z,12,201,0.9,0.0,45.7,0.1,31.0,0.1,0.0,17.1,5.1
2023-04-24T08:30Z,13,174,0.0,0.0,28.9,0.4,45.8,0.0,0.0,10.2,14.6
2023-04-24T08:30Z,14,149,0.0,0.0,26.1,0.6,59.7,0.0,0.0,7.0,6.5
2023-04-24T08:30Z,15,152,4.6,0.0,30.8,0.3,18.7,11.3,0.0,11.8,22.5
2023-04-24T08:30Z,16,14,0.6,0.0,3.4,4.5,0.0,17.2,0.0,2.1,72.2
2023-04-24T08:30Z,17,298,0.1,0.0,75.5,0.9,0.0,1.7,0.0,3.9,17.8
2023-04-24T08:30Z,18,143,3.9,0.0,29.9,0.9,15.3,11.5,0.0,10.1,28.5
2023-04-24T09:00Z,1,11,0.0,0.0,2.7,7.3,0.0,0.0,0.0,0.0,90.0
2023-04-24T09:00Z,2,16,0.7,0.0,3.7,2.9,0.0,23.5,0.0,2.6,66.6
2023-04-24T09:00Z,3,36,2.3,0.0,8.4,0.5,9.0,53.1,0.0,3.3,23.3
2023-04-24T09:00Z,4,5,2.3,0.0,0.1,0.1,47.5,32.3,0.0,4.9,12.8
2023-04-24T09:00Z,5,110,28.0,0.0,19.3,0.0,4.2,2.8,0.0,4.0,41.8
2023-04-24T09:00Z,6,25,1.2,0.0,6.0,2.9,3.9,30.7,0.0,12.7,42.6
2023-04-24T09:00Z,7,367,0.0,0.0,93.2,0.0,0.0,0.0,0.0,3.6,3.2
2023-04-24T09:00Z,8,165,2.8,0.0,39.4,0.4,9.5,16.9,0.0,10.7,20.4
2023-04-24T09:00Z,9,215,6.0,0.0,51.0,0.0,2.6,0.6,0.0,11.0,28.8
2023-04-24T09:00Z,10,218,0.0,0.0,31.9,0.0,23.6,0.0,0.0,16.2,28.3
2023-04-24T09:00Z,11,203,0.0,0.0,51.6,0.0,0.0,0.0,0.0,44.9,3.4
2023-04-24T09:00Z,12,195,0.3,0.0,44.2,0.1,32.2,0.0,0.0,20.2,3.0
2023-04-24T09:00Z,13,174,0.0,0.0,29.2,0.3,48.3,0.0,0.0,10.1,12.1
2023-04-24T09:00Z,14,156,0.0,0.0,28.2,0.4,58.3,0.0,0.0,7.6,5.5
2023-04-24T09:00Z,15,151,4.6,0.0,30.6,0.3,18.7,11.2,0.0,12.8,21.8
2023-04-24T09:00Z,16,13,0.6,0.0,3.1,4.4,0.0,17.0,0.0,2.1,72.8
2023-04-24T09:00Z,17,281,0.1,0.0,71.3,0.8,0.0,2.3,0.0,5.2,20.3
2023-04-24T09:00Z,18,141,3.8,0.0,29.6,0.8,15.3,11.4,0.0,11.0,28.1
2023-04-24T09:30Z,1,14,0.0,0.0,3.4,5.2,0.0,0.0,0.0,0.0,91.4
2023-04-24T09:30Z,2,17,0.7,0.0,4.0,2.1,0.0,23.8,0.0,2.2,67.2
2023-04-24T09:30Z,3,36,2.6,0.0,8.3,0.4,9.3,53.3,0.0,3.4,22.8
2023-04-24T09:30Z,4,5,2.2,0.0,0.1,0.0,48.1,32.6,0.0,4.6,12.3
2023-04-24T09:30Z,5,102,28.5,0.0,17.2,0.0,3.9,2.5,0.0,3.7,44.1
2023-04-24T09:30Z,6,29,1.4,0.0,6.9,2.2,4.1,30.5,0.0,14.5,40.5
2023-04-24T09:30Z,7,365,0.0,0.0,92.7,0.0,0.0,0.0,0.0,4.2,3.1
2023-04-24T09:30Z,8,162,2.6,0.0,38.2,0.2,12.2,15.7,0.0,12.2,18.8
2023-04-24T09:30Z,9,210,5.5,0.0,49.7,0.0,2.8,0.5,0.0,11.7,29.8
2023-04-24T09:30Z,10,219,0.0,0.0,30.9,0.0,25.8,0.0,0.0,16.2,27.1
2023-04-24T09:30Z,11,186,0.0,0.0,47.2,0.0,0.0,0.0,0.0,49.4,3.4
2023-04-24T09:30Z,12,178,0.0,0.0,38.9,0.1,38.6,0.0,0.0,21.2,1.2
2023-04-24T09:30Z,13,164,0.0,0.0,26.8,0.2,54.2,0.0,0.0,10.2,8.6
2023-04-24T09:30Z,14,150,0.0,0.0,25.6,0.2,61.2,0.0,0.0,8.6,4.3
2023-04-24T09:30Z,15,146,4.6,0.0,29.0,0.2,20.4,11.2,0.0,13.6,21.0
2023-04-24T09:30Z,16,11,0.6,0.0,2.7,3.3,0.0,16.9,0.0,1.8,74.8
2023-04-24T09:30Z,17,280,0.1,0.0,71.1,0.7,0.0,2.1,0.0,6.3,19.7
2023-04-24T09:30Z,18,137,3.8,0.0,28.1,0.6,16.7,11.4,0.0,11.7,27.6
2023-04-24T10:00Z,1,15,0.0,0.0,3.8,5.3,0.0,0.0,0.0,0.0,90.8
2023-04-24T10:00Z,2,18,0.8,0.0,4.4,2.1,0.2,24.6,0.0,2.9,65.1
2023-04-24T10:00Z,3,35,2.5,0.0,8.1,0.3,9.1,55.8,0.0,3.6,20.5
2023-04-24T10:00Z,4,4,2.4,0.0,0.0,0.0,49.0,33.0,0.0,5.0,10.6
2023-04-24T10:00Z,5,109,28.4,0.0,19.1,0.0,3.5,2.1,0.0,3.6,43.4
2023-04-24T10:00Z,6,22,1.4,0.0,5.2,2.7,4.4,33.4,0.0,15.4,37.4
2023-04-24T10:00Z,7,362,0.0,0.0,91.8,0.0,0.0,0.0,0.0,4.8,3.4
2023-04-24T10:00Z,8,168,3.1,0.0,40.7,0.2,9.9,16.6,0.0,11.7,18.0
2023-04-24T10:00Z,9,212,6.5,0.0,51.8,0.0,0.8,0.5,0.0,10.7,29.7
2023-04-24T10:00Z,10,224,0.2,0.0,32.7,0.0,25.0,0.0,0.0,16.0,26.0
2023-04-24T10:00Z,11,182,0.0,0.0,46.2,0.0,0.0,0.0,0.0,50.2,3.6
2023-04-24T10:00Z,12,177,0.3,0.0,39.1,0.0,36.4,0.0,0.0,21.9,2.3
2023-04-24T10:00Z,13,167,0.1,0.0,28.0,0.2,52.7,0.0,0.0,11.0,8.1
2023-04-24T10:00Z,14,151,0.0,0.0,25.7,0.2,61.7,0.0,0.0,8.6,3.8
2023-04-24T10:00Z,15,147,4.6,0.0,29.3,0.2,20.5,11.2,0.0,14.0,20.4
2023-04-24T10:00Z,16,13,0.6,0.0,3.1,3.5,0.0,16.8,0.0,2.3,73.7
2023-04-24T10:00Z,17,300,0.0,0.0,76.1,0.8,0.0,1.4,0.0,7.0,14.7
2023-04-24T10:00Z,18,138,3.8,0.0,28.5,0.6,16.7,11.3,0.0,12.1,26.9
2023-04-24T10:30Z,1,9,0.0,0.0,2.3,4.9,0.0,0.0,0.0,0.0,92.8
2023-04-24T10:30Z,2,16,0.8,0.0,3.7,2.0,0.0,24.4,0.0,3.5,65.6
2023-04-24T10:30Z,3,41,2.5,0.0,9.6,0.3,9.2,52.6,0.0,3.7,22.0
2023-04-24T10:30Z,4,4,2.2,0.0,0.1,0.0,47.8,32.9,0.0,5.0,11.9
2023-04-24T10:30Z,5,113,27.7,0.0,20.3,0.0,3.8,2.6,0.0,3.5,42.2
2023-04-24T10:30Z,6,31,1.3,0.0,7.5,2.3,3.9,30.4,0.0,15.7,38.8
2023-04-24T10:30Z,7,356,0.0,0.0,90.2,0.0,0.0,0.0,0.0,6.0,3.8
2023-04-24T10:30Z,8,167,2.9,0.0,40.5,0.2,9.7,15.8,0.0,12.4,18.5
2023-04-24T10:30Z,9,215,6.6,0.0,52.6,0.0,0.9,0.6,0.0,10.0,29.3
2023-04-24T10:30Z,10,226,0.1,0.0,32.5,0.0,25.8,0.0,0.0,15.8,25.8
2023-04-24T10:30Z,11,192,0.0,0.0,48.8,0.0,0.0,0.0,0.0,47.3,3.9
2023-04-24T10:30Z,12,180,0.2,0.0,40.4,0.1,34.3,0.0,0.0,23.4,1.6
2023-04-24T10:30Z,13,169,0.0,0.0,28.5,0.2,51.9,0.0,0.0,11.3,8.1
2023-04-24T10:30Z,14,150,0.0,0.0,25.9,0.3,62.0,0.0,0.0,8.4,3.4
2023-04-24T10:30Z,15,150,4.6,0.0,30.3,0.2,19.9,11.2,0.0,13.6,20.3
2023-04-24T10:30Z,16,13,0.6,0.0,3.2,3.0,0.0,16.8,0.0,2.9,73.5
2023-04-24T10:30Z,17,286,0.1,0.0,72.7,1.0,0.0,1.8,0.0,8.1,16.3
2023-04-24T10:30Z,18,141,3.9,0.0,29.4,0.6,16.2,11.3,0.0,11.9,26.7
2023-04-24T11:00Z,1,12,0.0,0.0,2.9,2.4,0.0,0.0,0.0,0.0,94.7
2023-04-24T11:00Z,2,17,0.8,0.0,4.1,1.0,0.0,24.5,0.0,3.7,66.0
2023-04-24T11:00Z,3,42,2.6,0.0,9.8,0.2,9.0,52.7,0.0,3.7,22.1
2023-04-24T11:00Z,4,4,2.2,0.0,0.0,0.0,48.7,32.8,0.0,4.6,11.6
2023-04-24T11:00Z,5,113,27.7,0.0,20.1,0.0,3.4,2.5,0.0,3.9,42.4
2023-04-24T11:00Z,6,29,1.4,0.0,6.9,2.3,3.9,30.4,0.0,15.9,39.4
2023-04-24T11:00Z,7,346,0.0,0.0,87.8,0.0,0.0,0.0,0.0,8.3,3.8
2023-04-24T11:00Z,8,169,2.6,0.0,40.7,0.2,10.7,15.5,0.0,12.9,17.6
2023-04-24T11:00Z,9,218,5.7,0.0,52.6,0.0,1.6,0.6,0.0,10.5,29.0
2023-04-24T11:00Z,10,237,0.0,0.0,34.9,0.0,26.8,0.0,0.0,13.9,24.4
2023-04-24T11:00Z,11,192,0.0,0.0,48.7,0.0,0.0,0.0,0.0,47.2,4.1
2023-04-24T11:00Z,12,176,0.0,0.0,38.9,0.0,37.1,0.0,0.0,23.1,0.9
2023-04-24T11:00Z,13,166,0.0,0.0,27.9,0.1,55.4,0.0,0.0,9.9,6.7
2023-04-24T11:00Z,14,150,0.0,0.0,25.8,0.2,62.5,0.0,0.0,8.4,3.1
2023-04-24T11:00Z,15,151,4.7,0.0,30.4,0.1,20.1,11.3,0.0,13.3,20.2
2023-04-24T11:00Z,16,14,0.6,0.0,3.4,1.9,0.0,16.9,0.0,3.0,74.2
2023-04-24T11:00Z,17,283,0.1,0.0,71.9,0.6,0.0,1.7,0.0,9.8,15.9
2023-04-24T11:00Z,18,142,3.9,0.0,29.6,0.4,16.3,11.4,0.0,11.8,26.7
2023-04-24T11:30Z,1,12,0.0,0.0,2.9,3.3,0.0,0.0,0.0,0.0,93.8
2023-04-24T11:30Z,2,17,0.8,0.0,4.2,1.4,0.0,24.6,0.0,3.5,65.5
2023-04-24T11:30Z,3,42,2.2,0.0,9.9,0.2,8.9,52.6,0.0,3.6,22.6
2023-04-24T11:30Z,4,4,2.3,0.0,0.0,0.0,47.8,33.2,0.0,4.5,12.1
2023-04-24T11:30Z,5,107,27.5,0.0,18.8,0.0,4.0,2.7,0.0,4.3,42.7
2023-04-24T11:30Z,6,31,1.2,0.0,7.4,2.3,3.9,29.4,0.0,15.6,40.1
2023-04-24T11:30Z,7,339,0.0,0.0,86.1,0.0,0.0,0.0,0.0,10.1,3.8
2023-04-24T11:30Z,8,163,2.7,0.0,39.5,0.2,10.2,16.6,0.0,12.9,18.0
2023-04-24T11:30Z,9,207,6.7,0.0,50.4,0.0,1.0,0.7,0.0,10.7,30.5
2023-04-24T11:30Z,10,241,0.0,0.0,34.2,0.0,28.9,0.0,0.0,12.9,24.0
2023-04-24T11:30Z,11,195,0.0,0.0,49.6,0.0,0.0,0.0,0.0,46.1,4.3
2023-04-24T11:30Z,12,174,0.0,0.0,38.3,0.1,38.0,0.0,0.0,22.9,0.8
2023-04-24T11:30Z,13,160,0.0,0.0,25.9,0.2,58.2,0.0,0.0,9.9,5.8
2023-04-24T11:30Z,14,143,0.0,0.0,23.2,0.2,65.8,0.0,0.0,8.1,2.7
2023-04-24T11:30Z,15,150,4.7,0.0,30.0,0.1,21.0,11.3,0.0,12.9,20.0
2023-04-24T11:30Z,16,13,0.6,0.0,3.2,2.1,0.0,17.0,0.0,2.9,74.1
2023-04-24T11:30Z,17,259,0.1,0.0,65.8,1.1,0.0,1.7,0.0,12.2,19.0
2023-04-24T11:30Z,18,140,3.9,0.0,28.9,0.4,17.1,11.4,0.0,11.6,26.6
2023-04-24T12:00Z,1,15,0.0,0.0,3.9,3.1,0.0,0.0,0.0,0.0,93.0
2023-04-24T12:00Z,2,19,0.8,0.0,4.6,1.3,0.0,24.3,0.0,3.5,65.5
2023-04-24T12:00Z,3,55,2.3,0.0,13.2,0.2,8.7,50.5,0.0,3.5,21.6
2023-04-24T12:00Z,4,4,2.5,0.0,0.0,0.0,48.0,32.8,0.0,5.3,11.4
2023-04-24T12:00Z,5,107,27.4,0.0,18.8,0.0,3.8,2.7,0.0,4.1,43.2
2023-04-24T12:00Z,6,31,1.2,0.0,7.4,3.8,3.7,27.8,0.0,15.8,40.3
2023-04-24T12:00Z,7,334,0.0,0.0,84.8,0.0,0.0,0.0,0.0,11.1,4.2
2023-04-24T12:00Z,8,162,2.6,0.0,38.9,0.4,10.6,17.2,0.0,12.5,17.8
2023-04-24T12:00Z,9,205,6.6,0.0,49.6,0.0,1.4,0.7,0.0,11.0,30.8
2023-04-24T12:00Z,10,241,0.0,0.0,33.7,0.0,30.1,0.0,0.0,12.7,23.5
2023-04-24T12:00Z,11,194,0.0,0.0,49.2,0.0,0.0,0.0,0.0,46.1,4.7
2023-04-24T12:00Z,12,175,0.0,0.0,38.1,0.1,40.3,0.0,0.0,20.9,0.7
2023-04-24T12:00Z,13,155,0.0,0.0,25.0,0.2,61.7,0.0,0.0,8.7,4.3
2023-04-24T12:00Z,14,144,0.0,0.0,23.4,0.2,66.4,0.0,0.0,7.7,2.3
2023-04-24T12:00Z,15,150,4.6,0.0,30.0,0.2,21.0,11.3,0.0,12.6,20.3
2023-04-24T12:00Z,16,12,0.6,0.0,2.9,2.5,0.0,17.0,0.0,2.8,74.1
2023-04-24T12:00Z,17,260,0.1,0.0,65.9,1.5,0.0,1.5,0.0,12.9,18.1
2023-04-24T12:00Z,18,140,3.9,0.0,28.8,0.5,17.2,11.4,0.0,11.4,26.7
2023-04-24T12:30Z,1,20,0.0,0.0,5.2,3.2,0.0,0.0,0.0,0.0,91.6
2023-04-24T12:30Z,2,21,0.7,0.0,5.2,1.4,0.0,24.7,0.0,3.5,64.5
2023-04-24T12:30Z,3,53,2.1,0.0,12.8,0.2,8.9,52.0,0.0,3.6,20.4
2023-04-24T12:30Z,4,4,2.4,0.0,0.1,0.0,46.9,33.6,0.0,6.1,10.9
2023-04-24T12:30Z,5,105,27.0,0.0,18.3,0.0,4.2,2.8,0.0,3.7,44.1
2023-04-24T12:30Z,6,35,1.1,0.0,8.6,3.3,3.7,27.7,0.0,15.8,39.9
2023-04-24T12:30Z,7,335,0.0,0.0,85.1,0.0,0.0,0.0,0.0,10.7,4.3
2023-04-24T12:30Z,8,153,3.1,0.0,36.8,0.4,9.7,18.0,0.0,11.7,20.3
2023-04-24T12:30Z,9,198,7.7,0.0,48.0,0.0,1.2,0.8,0.0,10.1,32.3
2023-04-24T12:30Z,10,245,0.3,0.0,35.7,0.0,28.0,0.0,0.0,12.5,23.5
2023-04-24T12:30Z,11,195,0.0,0.0,49.6,0.0,0.0,0.0,0.0,45.4,5.0
2023-04-24T12:30Z,12,176,0.4,0.0,38.3,0.1,40.0,0.0,0.0,19.0,2.2
2023-04-24T12:30Z,13,166,0.1,0.0,26.5,0.3,57.6,0.0,0.0,9.0,6.6
2023-04-24T12:30Z,14,142,0.0,0.0,22.6,0.4,67.8,0.0,0.0,6.9,2.3
2023-04-24T12:30Z,15,150,4.7,0.0,30.0,0.2,21.2,11.5,0.0,12.0,20.5
2023-04-24T12:30Z,16,12,0.6,0.0,3.0,2.6,0.0,17.1,0.0,2.9,73.9
2023-04-24T12:30Z,17,263,0.1,0.0,66.6,1.5,0.0,1.6,0.0,12.7,17.4
2023-04-24T12:30Z,18,140,3.9,0.0,28.9,0.5,17.4,11.6,0.0,11.0,26.7
2023-04-24T13:00Z,1,22,0.0,0.0,5.6,2.6,0.0,0.0,0.0,0.0,91.8
2023-04-24T13:00Z,2,23,0.8,0.0,5.5,1.1,0.1,24.7,0.0,3.8,63.9
2023-04-24T13:00Z,3,53,2.4,0.0,12.7,0.2,8.9,51.6,0.0,3.6,20.6
2023-04-24T13:00Z,4,4,2.4,0.0,0.0,0.0,47.5,33.1,0.0,6.6,10.4
2023-04-24T13:00Z,5,110,27.4,0.0,19.5,0.0,3.7,2.6,0.0,3.5,43.2
2023-04-24T13:00Z,6,37,1.2,0.0,9.0,2.9,3.6,27.5,0.0,15.5,40.3
2023-04-24T13:00Z,7,343,0.0,0.0,87.2,0.0,0.0,0.0,0.0,8.4,4.4
2023-04-24T13:00Z,8,157,3.0,0.0,37.9,0.3,10.2,18.2,0.0,10.9,19.5
2023-04-24T13:00Z,9,204,7.4,0.0,49.5,0.0,1.0,0.8,0.0,9.6,31.7
2023-04-24T13:00Z,10,244,0.0,0.0,34.2,0.0,29.9,0.0,0.0,12.7,23.1
2023-04-24T13:00Z,11,194,0.0,0.0,49.1,0.0,0.0,0.0,0.0,45.7,5.1
2023-04-24T13:00Z,12,180,0.2,0.0,38.7,0.1,43.4,0.1,0.0,16.1,1.5
2023-04-24T13:00Z,13,159,0.0,0.0,25.0,0.3,62.1,0.0,0.0,7.4,5.3
2023-04-24T13:00Z,14,143,0.0,0.0,22.8,0.3,68.6,0.0,0.0,6.1,2.1
2023-04-24T13:00Z,15,151,4.9,0.0,30.1,0.1,21.4,11.6,0.0,11.5,20.4
2023-04-24T13:00Z,16,14,0.7,0.0,3.4,2.2,0.0,17.0,0.0,3.1,73.6
2023-04-24T13:00Z,17,266,0.1,0.0,67.5,1.2,0.0,1.7,0.0,11.4,18.2
2023-04-24T13:00Z,18,142,4.1,0.0,29.2,0.5,17.5,11.6,0.0,10.5,26.6
2023-04-24T13:30Z,1,23,0.0,0.0,5.8,2.4,0.0,0.0,0.0,0.0,91.8
2023-04-24T13:30Z,2,23,0.8,0.0,5.6,1.1,0.0,25.0,0.0,3.6,63.9
2023-04-24T13:30Z,3,52,2.0,0.0,12.4,0.2,8.7,52.3,0.0,3.2,21.2
2023-04-24T13:30Z,4,4,2.4,0.0,0.0,0.0,47.3,33.9,0.0,5.9,10.4
2023-04-24T13:30Z,5,109,27.0,0.0,19.4,0.0,4.1,2.6,0.0,3.4,43.6
2023-04-24T13:30Z,6,43,1.0,0.0,10.7,2.9,3.5,27.4,0.0,13.3,41.3
2023-04-24T13:30Z,7,353,0.0,0.0,89.7,0.0,0.0,0.0,0.0,5.9,4.4
2023-04-24T13:30Z,8,156,3.2,0.0,37.9,0.4,8.6,18.6,0.0,9.5,21.9
2023-04-24T13:30Z,9,200,8.2,0.0,48.3,0.0,1.2,0.7,0.0,8.6,32.9
2023-04-24T13:30Z,10,245,0.3,0.0,35.1,0.0,28.1,0.0,0.0,12.0,24.4
2023-04-24T13:30Z,11,199,0.0,0.0,50.4,0.0,0.0,0.0,0.0,44.4,5.2
2023-04-24T13:30Z,12,190,0.7,0.0,41.7,0.1,40.3,0.1,0.0,13.9,3.3
2023-04-24T13:30Z,13,170,0.1,0.0,26.9,0.3,58.0,0.0,0.0,7.4,7.4
2023-04-24T13:30Z,14,146,0.0,0.0,23.6,0.4,68.4,0.0,0.0,5.5,2.1
2023-04-24T13:30Z,15,154,4.9,0.0,31.0,0.1,20.6,11.6,0.0,10.5,21.3
2023-04-24T13:30Z,16,15,0.7,0.0,3.7,2.2,0.0,17.3,0.0,3.0,73.2
2023-04-24T13:30Z,17,257,0.1,0.0,65.3,1.2,0.0,1.6,0.0,9.4,22.4
2023-04-24T13:30Z,18,144,4.1,0.0,29.8,0.4,16.9,11.7,0.0,9.6,27.4
2023-04-24T14:00Z,1,15,0.0,0.0,3.9,2.1,0.0,0.0,0.0,0.0,94.1
2023-04-24T14:00Z,2,19,0.8,0.0,4.6,0.9,0.0,24.7,0.0,3.0,66.0
2023-04-24T14:00Z,3,52,2.5,0.0,12.3,0.1,9.0,51.2,0.0,2.6,22.3
2023-04-24T14:00Z,4,5,2.5,0.0,0.0,0.0,48.7,33.9,0.0,4.3,10.6
2023-04-24T14:00Z,5,121,25.5,0.0,22.8,0.0,3.1,2.5,0.0,2.9,43.1
2023-04-24T14:00Z,6,41,1.2,0.0,9.9,2.8,3.5,27.4,0.0,11.3,43.9
2023-04-24T14:00Z,7,355,0.0,0.0,90.1,0.0,0.0,0.0,0.0,4.8,5.1
2023-04-24T14:00Z,8,147,3.6,0.0,35.4,0.4,9.3,18.4,0.0,8.5,24.5
2023-04-24T14:00Z,9,205,7.7,0.0,49.8,0.0,1.0,0.7,0.0,7.6,33.3
2023-04-24T14:00Z,10,246,0.2,0.0,35.0,0.0,28.5,0.0,0.0,10.9,25.4
2023-04-24T14:00Z,11,205,0.0,0.0,51.9,0.0,1.2,0.0,0.0,41.1,5.8
2023-04-24T14:00Z,12,192,0.8,0.0,42.0,0.1,41.3,0.1,0.0,11.9,3.9
2023-04-24T14:00Z,13,170,0.0,0.0,26.3,0.3,58.9,0.0,0.0,6.6,7.9
2023-04-24T14:00Z,14,146,0.0,0.0,23.4,0.4,68.9,0.0,0.0,5.1,2.2
2023-04-24T14:00Z,15,154,4.9,0.0,31.1,0.1,20.6,11.7,0.0,9.3,22.4
2023-04-24T14:00Z,16,14,0.6,0.0,3.3,2.1,0.0,17.1,0.0,2.4,74.5
2023-04-24T14:00Z,17,263,0.1,0.0,66.8,1.1,0.0,1.4,0.0,7.2,23.3
2023-04-24T14:00Z,18,144,4.1,0.0,30.0,0.4,16.8,11.7,0.0,8.4,28.6
2023-04-24T14:30Z,1,19,0.0,0.0,4.8,2.2,0.0,0.0,0.0,0.0,93.0
2023-04-24T14:30Z,2,23,0.8,0.0,5.6,1.0,0.1,24.8,0.0,2.6,65.1
2023-04-24T14:30Z,3,54,2.6,0.0,12.9,0.2,8.9,52.5,0.0,2.2,20.7
2023-04-24T14:30Z,4,5,2.7,0.0,0.0,0.0,49.4,34.1,0.0,3.3,10.5
2023-04-24T14:30Z,5,122,26.3,0.0,22.9,0.0,3.1,2.3,0.0,2.8,42.5
2023-04-24T14:30Z,6,44,1.2,0.0,10.8,3.9,3.5,26.7,0.0,10.3,43.6
2023-04-24T14:30Z,7,359,0.0,0.0,91.1,0.0,0.0,0.0,0.0,3.9,4.9
2023-04-24T14:30Z,8,168,3.3,0.0,40.9,0.5,7.3,18.4,0.0,7.2,22.3
2023-04-24T14:30Z,9,221,7.1,0.0,53.9,0.0,0.8,0.7,0.0,6.8,30.7
2023-04-24T14:30Z,10,262,0.4,0.0,41.3,0.0,25.5,0.0,0.0,9.4,23.3
2023-04-24T14:30Z,11,212,0.1,0.0,53.3,0.0,2.9,0.0,0.0,37.6,6.2
2023-04-24T14:30Z,12,215,1.0,0.0,48.5,0.1,35.3,0.1,0.0,10.3,4.7
2023-04-24T14:30Z,13,190,0.1,0.0,31.5,0.4,53.5,0.0,0.0,6.2,8.3
2023-04-24T14:30Z,14,159,0.0,0.0,26.8,0.6,66.0,0.0,0.0,4.7,2.0
2023-04-24T14:30Z,15,168,4.8,0.0,34.7,0.2,19.8,11.5,0.0,8.3,20.7
2023-04-24T14:30Z,16,15,0.7,0.0,3.7,2.3,0.0,16.2,0.0,2.1,75.0
2023-04-24T14:30Z,17,274,0.0,0.0,69.6,1.9,0.0,1.3,0.0,6.3,20.9
2023-04-24T14:30Z,18,157,4.0,0.0,33.2,0.5,16.2,11.4,0.0,7.5,27.2
2023-04-24T15:00Z,1,20,0.0,0.0,5.2,2.9,0.0,0.0,0.0,0.0,91.9
2023-04-24T15:00Z,2,24,0.8,0.0,5.9,1.4,0.0,25.1,0.0,2.3,64.6
2023-04-24T15:00Z,3,54,2.4,0.0,13.0,0.2,8.9,53.0,0.0,2.1,20.4
2023-04-24T15:00Z,4,4,2.5,0.0,0.0,0.0,49.1,34.8,0.0,3.5,10.2
2023-04-24T15:00Z,5,133,24.9,0.0,26.2,0.0,3.2,2.3,0.0,2.5,41.0
2023-04-24T15:00Z,6,43,1.1,0.0,10.6,6.5,3.5,26.2,0.0,9.1,43.0
2023-04-24T15:00Z,7,362,0.0,0.0,91.9,0.0,0.0,0.0,0.0,3.3,4.8
2023-04-24T15:00Z,8,174,3.2,0.0,42.7,0.9,5.8,19.1,0.0,5.9,22.4
2023-04-24T15:00Z,9,235,7.1,0.0,57.5,0.0,0.9,0.6,0.0,5.2,28.7
2023-04-24T15:00Z,10,262,0.8,0.0,42.4,0.1,23.4,0.0,0.0,8.1,25.2
2023-04-24T15:00Z,11,226,0.1,0.0,56.8,0.0,3.0,0.0,0.0,33.4,6.7
2023-04-24T15:00Z,12,226,1.4,0.0,51.9,0.2,31.7,0.1,0.0,8.6,6.0
2023-04-24T15:00Z,13,200,0.4,0.0,34.3,0.5,49.0,0.0,0.0,5.5,10.2
2023-04-24T15:00Z,14,163,0.0,0.0,28.0,0.9,65.2,0.0,0.0,3.8,2.2
2023-04-24T15:00Z,15,176,4.6,0.0,36.9,0.3,19.3,11.3,0.0,7.1,20.5
2023-04-24T15:00Z,16,14,0.7,0.0,3.3,3.4,0.0,16.2,0.0,1.9,74.5
2023-04-24T15:00Z,17,276,0.0,0.0,70.0,3.2,0.0,1.2,0.0,5.3,20.3
2023-04-24T15:00Z,18,163,3.9,0.0,35.0,0.8,15.9,11.3,0.0,6.4,26.8
2023-04-24T15:30Z,1,14,0.0,0.0,3.7,5.4,0.0,0.0,0.0,0.0,90.9
2023-04-24T15:30Z,2,23,0.9,0.0,5.7,2.6,0.2,24.7,0.0,2.1,63.8
2023-04-24T15:30Z,3,43,3.0,0.0,10.0,0.4,9.7,52.7,0.0,2.3,22.0
2023-04-24T15:30Z,4,5,2.7,0.0,0.0,0.0,48.5,35.1,0.0,4.0,9.7
2023-04-24T15:30Z,5,146,23.7,0.0,29.8,0.0,2.5,2.1,0.0,2.2,39.8
2023-04-24T15:30Z,6,48,1.3,0.0,11.7,7.5,3.6,25.6,0.0,7.9,42.3
2023-04-24T15:30Z,7,364,0.0,0.0,92.4,0.0,0.0,0.0,0.0,2.8,4.8
2023-04-24T15:30Z,8,177,3.5,0.0,43.6,1.2,4.7,19.0,0.0,4.9,23.2
2023-04-24T15:30Z,9,246,6.6,0.0,60.5,0.0,0.7,0.6,0.0,4.0,27.6
2023-04-24T15:30Z,10,270,0.7,0.0,45.1,0.1,21.4,0.1,0.0,6.7,26.0
2023-04-24T15:30Z,11,243,0.2,0.0,61.0,0.0,2.9,0.0,0.0,28.3,7.4
2023-04-24T15:30Z,12,250,1.7,0.0,59.1,0.3,23.7,0.1,0.0,7.5,7.7
2023-04-24T15:30Z,13,218,0.3,0.0,38.7,0.9,42.2,0.0,0.0,4.8,13.1
2023-04-24T15:30Z,14,175,0.0,0.0,33.0,1.6,59.3,0.0,0.0,3.2,2.9
2023-04-24T15:30Z,15,184,4.6,0.0,39.5,0.4,16.6,11.4,0.0,6.1,21.4
2023-04-24T15:30Z,16,16,0.7,0.0,3.8,5.1,0.0,15.9,0.0,1.7,72.8
2023-04-24T15:30Z,17,279,0.0,0.0,70.9,5.1,0.0,0.9,0.0,4.3,18.8
2023-04-24T15:30Z,18,170,3.9,0.0,37.3,1.3,13.5,11.2,0.0,5.5,27.3
2023-04-24T16:00Z,1,21,0.0,0.0,5.4,8.0,0.0,0.0,0.0,0.0,86.6
2023-04-24T16:00Z,2,26,1.0,0.0,6.3,3.9,0.5,25.1,0.0,2.0,61.2
2023-04-24T16:00Z,3,46,2.8,0.0,10.8,0.6,9.5,52.6,0.0,2.0,21.7
2023-04-24T16:00Z,4,5,2.6,0.0,0.0,0.0,48.3,36.2,0.0,4.0,9.0
2023-04-24T16:00Z,5,152,23.9,0.0,31.4,0.0,2.8,2.1,0.0,2.0,37.7
2023-04-24T16:00Z,6,53,1.3,0.0,12.9,8.1,3.7,26.5,0.0,7.0,40.5
2023-04-24T16:00Z,7,366,0.0,0.0,92.9,0.0,0.0,0.0,0.0,2.4,4.6
2023-04-24T16:00Z,8,187,3.2,0.0,46.5,1.3,3.7,19.5,0.0,4.1,21.7
2023-04-24T16:00Z,9,255,6.8,0.0,62.6,0.0,0.8,0.6,0.0,3.2,26.0
2023-04-24T16:00Z,10,272,1.0,0.0,46.6,0.1,20.0,0.1,0.0,5.7,26.5
2023-04-24T16:00Z,11,257,0.4,0.0,64.4,0.1,4.6,0.0,0.0,22.3,8.2
2023-04-24T16:00Z,12,256,2.0,0.0,60.8,0.3,22.3,0.2,0.0,6.4,8.0
2023-04-24T16:00Z,13,223,0.5,0.0,40.8,1.0,39.9,0.0,0.0,4.0,13.7
2023-04-24T16:00Z,14,180,0.0,0.0,34.5,1.9,57.9,0.0,0.0,2.5,3.2
2023-04-24T16:00Z,15,191,4.6,0.0,41.2,0.6,16.4,11.5,0.0,5.1,20.7
2023-04-24T16:00Z,16,16,0.8,0.0,3.9,6.7,0.0,16.3,0.0,1.6,70.7
2023-04-24T16:00Z,17,286,0.0,0.0,72.5,6.7,0.0,0.7,0.0,3.8,16.3
2023-04-24T16:00Z,18,177,3.9,0.0,38.9,1.7,13.4,11.4,0.0,4.6,26.3
2023-04-24T16:30Z,1,21,0.0,0.0,5.3,10.1,0.0,0.0,0.0,0.0,84.6
2023-04-24T16:30Z,2,26,1.0,0.0,6.2,5.0,0.5,24.8,0.0,1.9,60.5
2023-04-24T16:30Z,3,46,2.8,0.0,10.8,0.7,9.5,52.5,0.0,2.0,21.7
2023-04-24T16:30Z,4,5,2.6,0.0,0.0,0.0,48.1,36.4,0.0,4.0,8.9
2023-04-24T16:30Z,5,152,23.9,0.0,31.4,0.0,2.8,2.1,0.0,2.0,37.8
2023-04-24T16:30Z,6,53,1.3,0.0,13.0,7.2,3.8,26.6,0.0,7.1,41.0
2023-04-24T16:30Z,7,366,0.0,0.0,92.9,0.0,0.0,0.0,0.0,2.4,4.6
2023-04-24T16:30Z,8,186,3.2,0.0,46.2,1.3,3.6,20.1,0.0,4.0,21.6
2023-04-24T16:30Z,9,255,6.8,0.0,62.6,0.0,0.8,0.6,0.0,3.2,26.0
2023-04-24T16:30Z,10,272,1.0,0.0,46.6,0.0,20.0,0.1,0.0,5.7,26.5
2023-04-24T16:30Z,11,257,0.4,0.0,64.4,0.1,4.6,0.1,0.0,22.3,8.2
2023-04-24T16:30Z,12,255,2.0,0.0,60.7,0.4,22.2,0.3,0.0,6.4,8.0
2023-04-24T16:30Z,13,223,0.5,0.0,40.7,1.1,39.9,0.1,0.0,4.0,13.7
2023-04-24T16:30Z,14,179,0.0,0.0,34.4,2.1,57.7,0.0,0.0,2.5,3.2
2023-04-24T16:30Z,15,190,4.6,0.0,41.1,0.6,16.3,11.6,0.0,5.1,20.7
2023-04-24T16:30Z,16,16,0.8,0.0,3.9,7.7,0.0,16.4,0.0,1.6,69.7
2023-04-24T16:30Z,17,282,0.0,0.0,71.6,7.9,0.0,0.6,0.0,3.8,16.1
2023-04-24T16:30Z,18,176,3.8,0.0,38.7,2.0,13.4,11.4,0.0,4.6,26.1
2023-04-24T17:00Z,1,21,0.0,0.0,5.3,11.6,0.0,0.0,0.0,0.0,83.0
2023-04-24T17:00Z,2,25,1.0,0.0,6.1,5.6,0.8,25.1,0.0,1.9,59.4
2023-04-24T17:00Z,3,47,2.8,0.0,10.9,0.8,10.0,53.1,0.0,1.8,20.6
2023-04-24T17:00Z,4,5,2.6,0.0,0.0,0.0,48.5,37.9,0.0,3.3,7.8
2023-04-24T17:00Z,5,164,23.4,0.0,34.4,0.0,2.9,2.0,0.0,1.8,35.6
2023-04-24T17:00Z,6,64,1.3,0.0,15.9,8.4,3.8,26.7,0.0,5.5,38.4
2023-04-24T17:00Z,7,366,0.0,0.0,92.8,0.0,0.0,0.0,0.0,2.6,4.5
2023-04-24T17:00Z,8,179,3.4,0.0,44.4,1.6,4.0,20.9,0.0,3.7,21.9
2023-04-24T17:00Z,9,253,7.5,0.0,61.9,0.0,0.9,0.6,0.0,2.8,26.3
2023-04-24T17:00Z,10,269,1.3,0.0,47.5,0.0,17.2,0.1,0.0,4.7,29.2
2023-04-24T17:00Z,11,270,0.6,0.0,67.6,0.1,3.8,0.1,0.0,18.8,9.0
2023-04-24T17:00Z,12,267,2.7,0.0,64.1,0.4,16.1,0.3,0.0,5.6,10.8
2023-04-24T17:00Z,13,238,0.8,0.0,44.2,1.0,32.4,0.1,0.0,3.7,17.8
2023-04-24T17:00Z,14,198,0.0,0.0,38.3,2.2,52.0,0.0,0.0,2.4,5.1
2023-04-24T17:00Z,15,196,4.8,0.0,42.8,0.7,14.9,11.8,0.0,4.3,20.9
2023-04-24T17:00Z,16,18,0.8,0.0,4.4,9.1,0.0,16.6,0.0,1.5,67.7
2023-04-24T17:00Z,17,271,0.0,0.0,68.8,8.6,0.0,0.5,0.0,3.8,18.3
2023-04-24T17:00Z,18,180,4.0,0.0,39.9,2.2,12.2,11.6,0.0,3.9,26.2
