from,regions.regionid,regions.intensity.forecast,biomass,coal,gas,hydro,imports,nuclear,other,solar,wind
2023-06-20T21:00Z,1,4,0.4,0.0,0.8,18.4,1.5,8.0,0.0,0.0,71.0
2023-06-20T21:00Z,2,36,4.3,0.0,7.7,0.0,15.5,53.8,0.0,0.1,18.5
2023-06-20T21:00Z,3,123,3.2,0.0,30.2,0.0,11.7,48.1,0.0,0.0,6.7
2023-06-20T21:00Z,4,6,0.3,0.0,0.9,0.0,53.9,43.9,0.0,0.0,0.9
2023-06-20T21:00Z,5,254,18.2,0.0,58.8,0.0,0.0,0.0,0.0,0.0,22.9
2023-06-20T21:00Z,6,155,2.4,0.0,38.5,0.0,8.8,33.0,0.0,0.4,16.8
2023-06-20T21:00Z,7,378,0.0,0.0,95.9,0.0,0.0,0.0,0.0,0.0,4.1
2023-06-20T21:00Z,8,328,2.0,1.8,78.3,0.0,2.6,9.1,0.0,0.1,6.2
2023-06-20T21:00Z,9,381,3.1,4.3,85.5,0.0,0.0,0.0,0.0,0.1,7.0
2023-06-20T21:00Z,10,159,0.5,0.7,38.5,0.0,0.0,20.5,0.0,0.0,39.8
2023-06-20T21:00Z,11,382,0.0,0.2,96.6,0.0,0.0,0.3,0.0,0.7,2.2
2023-06-20T21:00Z,12,365,1.4,2.0,87.4,0.0,1.5,1.2,0.0,0.1,6.4
2023-06-20T21:00Z,13,201,0.4,0.6,48.8,0.1,4.6,13.3,0.0,0.0,32.2
2023-06-20T21:00Z,14,233,0.1,0.1,56.9,0.3,11.7,4.4,0.0,0.0,26.5
2023-06-20T21:00Z,15,240,3.2,1.1,57.0,0.0,7.4,15.1,0.0,0.1,16.1
2023-06-20T21:00Z,16,120,3.2,0.1,29.3,5.0,0.7,27.8,0.0,0.2,33.8
2023-06-20T21:00Z,17,362,0.0,0.0,91.8,0.0,0.0,0.0,0.0,0.2,7.9
2023-06-20T21:00Z,18,235,3.0,1.0,56.2,0.5,6.2,15.5,0.0,0.1,17.5
2023-06-20T21:30Z,1,5,0.6,0.0,1.2,15.5,1.4,9.3,0.0,0.0,72.0
2023-06-20T21:30Z,2,39,4.5,0.0,8.4,0.0,10.4,56.0,0.0,0.0,20.6
2023-06-20T21:30Z,3,133,3.6,0.0,32.5,0.0,8.2,48.3,0.0,0.0,7.3
2023-06-20T21:30Z,4,20,1.3,0.0,4.3,0.0,42.2,49.9,0.0,0.0,2.2
2023-06-20T21:30Z,5,259,18.7,0.0,60.1,0.0,0.0,0.0,0.0,0.0,21.2
2023-06-20T21:30Z,6,153,2.8,0.0,37.9,0.0,6.3,32.3,0.0,0.0,20.7
2023-06-20T21:30Z,7,378,0.0,0.0,96.0,0.0,0.0,0.0,0.0,0.0,4.0
2023-06-20T21:30Z,8,332,1.9,1.1,81.0,0.0,1.6,8.5,0.0,0.0,5.8
2023-06-20T21:30Z,9,374,3.1,2.7,87.5,0.0,0.0,0.0,0.0,0.0,6.7
2023-06-20T21:30Z,10,163,0.5,0.4,40.2,0.0,0.0,20.6,0.0,0.0,38.3
2023-06-20T21:30Z,11,368,0.7,0.6,91.6,0.0,0.5,0.7,0.0,0.0,5.9
2023-06-20T21:30Z,12,363,1.5,1.3,88.6,0.0,1.0,1.3,0.0,0.0,6.4
2023-06-20T21:30Z,13,202,0.4,0.4,50.0,0.1,2.8,14.3,0.0,0.0,32.1
2023-06-20T21:30Z,14,245,0.1,0.1,60.9,0.2,7.2,4.9,0.0,0.0,26.6
2023-06-20T21:30Z,15,242,3.4,0.7,58.6,0.0,5.3,15.9,0.0,0.0,16.2
2023-06-20T21:30Z,16,116,3.3,0.0,28.3,4.1,0.3,29.0,0.0,0.0,35.0
2023-06-20T21:30Z,17,359,0.0,0.0,91.2,0.0,0.0,0.0,0.0,0.0,8.8
2023-06-20T21:30Z,18,236,3.2,0.6,57.4,0.4,4.4,16.3,0.0,0.0,17.7
2023-06-20T22:00Z,1,10,1.1,0.0,2.3,15.7,2.1,10.7,0.0,0.0,68.2
2023-06-20T22:00Z,2,47,4.9,0.0,10.3,0.0,9.7,55.3,0.0,0.0,19.7
2023-06-20T22:00Z,3,135,4.2,0.0,33.0,0.0,6.9,47.5,0.0,0.1,8.4
2023-06-20T22:00Z,4,38,2.7,0.0,8.5,0.0,36.5,48.9,0.0,0.0,3.3
2023-06-20T22:00Z,5,266,19.4,0.0,61.5,0.0,0.0,0.0,0.0,0.2,18.9
2023-06-20T22:00Z,6,165,2.7,0.0,41.0,0.0,4.6,29.2,0.0,0.4,22.1
2023-06-20T22:00Z,7,377,0.0,0.0,95.6,0.0,0.0,0.0,0.0,0.3,4.1
2023-06-20T22:00Z,8,334,1.7,0.3,83.5,0.0,1.2,7.7,0.0,0.2,5.4
2023-06-20T22:00Z,9,370,2.4,0.7,91.6,0.0,0.0,0.0,0.0,0.1,5.2
2023-06-20T22:00Z,10,166,0.3,0.1,41.8,0.0,0.0,22.4,0.0,0.0,35.3
2023-06-20T22:00Z,11,361,0.7,0.2,90.8,0.0,0.5,1.0,0.0,0.5,6.3
2023-06-20T22:00Z,12,362,1.1,0.3,90.7,0.0,0.9,1.3,0.0,0.1,5.6
2023-06-20T22:00Z,13,207,0.3,0.1,52.0,0.1,2.5,15.0,0.0,0.0,30.1
2023-06-20T22:00Z,14,254,0.1,0.0,63.4,0.3,6.5,5.4,0.0,0.0,24.3
2023-06-20T22:00Z,15,243,3.5,0.2,60.1,0.0,4.9,16.4,0.0,0.1,14.9
2023-06-20T22:00Z,16,114,3.4,0.0,27.9,4.2,0.1,30.2,0.0,0.1,34.1
2023-06-20T22:00Z,17,356,0.0,0.0,90.5,0.0,0.0,0.0,0.0,0.4,9.2
2023-06-20T22:00Z,18,237,3.2,0.1,58.7,0.4,4.1,16.8,0.0,0.1,16.4
2023-06-20T22:30Z,1,11,1.0,0.0,2.4,16.0,1.0,9.5,0.0,0.0,70.2
2023-06-20T22:30Z,2,56,5.1,0.0,12.6,0.0,5.1,55.6,0.0,0.0,21.5
2023-06-20T22:30Z,3,147,4.2,0.0,35.9,0.0,3.3,46.9,0.0,0.0,9.7
2023-06-20T22:30Z,4,62,4.1,0.0,14.3,0.0,21.3,55.6,0.0,0.0,4.7
2023-06-20T22:30Z,5,276,18.4,0.0,64.5,0.0,0.0,0.0,0.0,0.0,17.2
2023-06-20T22:30Z,6,167,2.8,0.0,41.5,0.0,2.2,27.1,0.0,0.0,26.4
2023-06-20T22:30Z,7,378,0.0,0.0,95.9,0.0,0.0,0.0,0.0,0.0,4.1
2023-06-20T22:30Z,8,339,1.6,0.0,85.5,0.0,0.5,6.9,0.0,0.0,5.4
2023-06-20T22:30Z,9,369,2.3,0.0,92.9,0.0,0.0,0.0,0.0,0.0,4.8
2023-06-20T22:30Z,10,171,0.4,0.0,43.2,0.0,0.0,22.4,0.0,0.0,34.0
2023-06-20T22:30Z,11,363,0.9,0.0,91.5,0.0,0.0,1.0,0.0,0.0,6.5
2023-06-20T22:30Z,12,368,1.1,0.0,93.1,0.0,0.1,1.3,0.0,0.0,4.4
2023-06-20T22:30Z,13,220,0.3,0.0,55.8,0.1,0.0,15.0,0.0,0.0,28.7
2023-06-20T22:30Z,14,277,0.1,0.0,70.2,0.3,0.0,5.1,0.0,0.0,24.3
2023-06-20T22:30Z,15,253,3.4,0.0,63.1,0.0,2.1,16.4,0.0,0.0,14.9
2023-06-20T22:30Z,16,120,3.3,0.0,29.4,4.0,0.0,29.8,0.0,0.0,33.6
2023-06-20T22:30Z,17,358,0.0,0.0,91.0,0.0,0.0,0.0,0.0,0.0,9.0
2023-06-20T22:30Z,18,246,3.2,0.0,61.4,0.4,1.8,16.7,0.0,0.0,16.4
2023-06-20T23:00Z,1,12,1.1,0.0,2.7,13.4,0.8,9.4,0.0,0.0,72.8
2023-06-20T23:00Z,2,59,5.3,0.0,13.4,0.0,3.8,54.2,0.0,0.0,23.3
2023-06-20T23:00Z,3,140,4.1,0.0,34.3,0.0,2.0,44.2,0.0,0.0,15.5
2023-06-20T23:00Z,4,79,5.1,0.0,18.3,0.0,16.9,53.1,0.0,0.0,6.7
2023-06-20T23:00Z,5,269,17.4,0.0,62.9,0.0,0.0,0.0,0.0,0.0,19.7
2023-06-20T23:00Z,6,155,2.3,0.0,38.5,0.0,1.2,23.4,0.0,0.0,34.5
2023-06-20T23:00Z,7,376,0.0,0.0,95.5,0.0,0.0,0.0,0.0,0.1,4.5
2023-06-20T23:00Z,8,335,1.5,0.0,84.5,0.0,0.3,6.8,0.0,0.0,6.8
2023-06-20T23:00Z,9,366,2.1,0.0,92.3,0.0,0.0,0.0,0.0,0.0,5.6
2023-06-20T23:00Z,10,167,0.4,0.0,42.2,0.0,0.0,23.0,0.0,0.0,34.4
2023-06-20T23:00Z,11,355,0.9,0.0,89.6,0.0,0.0,0.9,0.0,0.8,7.7
2023-06-20T23:00Z,12,364,1.0,0.0,92.2,0.0,0.0,1.3,0.0,0.2,5.2
2023-06-20T23:00Z,13,219,0.3,0.0,55.5,0.1,0.0,14.8,0.0,0.0,29.3
2023-06-20T23:00Z,14,277,0.1,0.0,70.4,0.3,0.0,5.1,0.0,0.0,24.2
2023-06-20T23:00Z,15,248,3.4,0.0,62.0,0.0,1.8,16.2,0.0,0.0,16.6
2023-06-20T23:00Z,16,113,3.3,0.0,27.6,3.2,0.0,29.7,0.0,1.0,35.2
2023-06-20T23:00Z,17,349,0.0,0.0,88.7,0.0,0.0,0.0,0.0,0.1,11.3
2023-06-20T23:00Z,18,241,3.2,0.0,60.3,0.3,1.5,16.5,0.0,0.1,18.1
2023-06-20T23:30Z,1,19,1.6,0.0,4.3,10.6,0.0,13.2,0.0,0.0,70.3
2023-06-20T23:30Z,2,74,6.2,0.0,17.0,0.0,0.0,48.9,0.0,0.0,27.9
2023-06-20T23:30Z,3,143,3.4,0.0,35.2,0.0,0.0,40.8,0.0,0.0,20.7
2023-06-20T23:30Z,4,85,6.2,0.0,19.6,0.0,0.0,64.7,0.0,0.0,9.5
2023-06-20T23:30Z,5,249,18.2,0.0,57.6,0.0,0.0,0.0,0.0,0.0,24.2
2023-06-20T23:30Z,6,144,1.7,0.0,36.0,0.0,0.0,21.7,0.0,0.0,40.6
2023-06-20T23:30Z,7,377,0.0,0.0,95.7,0.0,0.0,0.0,0.0,0.0,4.3
2023-06-20T23:30Z,8,338,1.3,0.0,85.3,0.0,0.0,5.7,0.0,0.0,7.6
2023-06-20T23:30Z,9,355,2.7,0.0,89.2,0.0,0.0,0.0,0.0,0.0,8.0
2023-06-20T23:30Z,10,164,0.2,0.0,41.6,0.0,0.0,25.3,0.0,0.0,32.9
2023-06-20T23:30Z,11,360,0.8,0.0,90.9,0.0,0.0,0.9,0.0,0.0,7.4
2023-06-20T23:30Z,12,358,1.1,0.0,90.6,0.0,0.0,1.5,0.0,0.0,6.7
2023-06-20T23:30Z,13,213,0.2,0.0,54.0,0.1,0.0,16.7,0.0,0.0,29.0
2023-06-20T23:30Z,14,280,0.0,0.0,70.9,0.3,0.0,5.5,0.0,0.0,23.2
2023-06-20T23:30Z,15,247,3.4,0.0,61.6,0.0,0.0,16.2,0.0,0.0,18.7
2023-06-20T23:30Z,16,105,3.4,0.0,25.7,2.9,0.0,31.5,0.0,0.0,36.5
2023-06-20T23:30Z,17,339,0.0,0.0,85.9,0.0,0.0,0.0,0.0,0.0,14.1
2023-06-20T23:30Z,18,239,3.2,0.0,59.6,0.3,0.0,16.7,0.0,0.0,20.1
2023-06-21T00:00Z,1,19,1.5,0.0,4.4,10.9,0.0,14.4,0.0,0.0,68.8
2023-06-21T00:00Z,2,68,5.5,0.0,15.7,0.0,0.0,50.3,0.0,0.0,28.6
2023-06-21T00:00Z,3,134,2.6,0.0,33.2,0.0,0.0,41.9,0.0,0.0,22.4
2023-06-21T00:00Z,4,74,5.0,0.0,17.2,0.0,0.0,69.9,0.0,0.0,7.9
2023-06-21T00:00Z,5,256,17.2,0.0,59.6,0.0,0.0,0.0,0.0,0.0,23.2
2023-06-21T00:00Z,6,120,1.6,0.0,29.9,0.0,0.0,24.6,0.0,0.1,43.8
2023-06-21T00:00Z,7,377,0.0,0.0,95.6,0.0,0.0,0.0,0.0,0.1,4.3
2023-06-21T00:00Z,8,329,1.4,0.0,83.2,0.0,0.0,6.8,0.0,0.2,8.4
2023-06-21T00:00Z,9,350,3.6,0.0,87.6,0.0,0.0,0.0,0.0,0.0,8.7
2023-06-21T00:00Z,10,194,0.5,0.0,49.1,0.0,0.0,19.3,0.0,0.0,31.2
2023-06-21T00:00Z,11,352,1.2,0.0,89.0,0.0,0.0,1.2,0.0,0.3,8.2
2023-06-21T00:00Z,12,349,1.8,0.0,88.1,0.0,0.0,1.9,0.0,0.1,8.1
2023-06-21T00:00Z,13,224,0.4,0.0,56.7,0.1,0.0,13.8,0.0,0.0,29.0
2023-06-21T00:00Z,14,270,0.2,0.0,68.6,0.2,0.0,5.3,0.0,0.0,25.7
2023-06-21T00:00Z,15,239,3.5,0.0,59.7,0.0,0.0,17.5,0.0,0.0,19.3
2023-06-21T00:00Z,16,145,3.0,0.0,35.9,2.7,0.0,21.5,0.0,0.0,36.8
2023-06-21T00:00Z,17,348,0.0,0.0,88.3,0.0,0.0,0.0,0.0,0.0,11.7
2023-06-21T00:00Z,18,237,3.2,0.0,59.1,0.3,0.0,16.8,0.0,0.0,20.5
2023-06-21T00:30Z,1,18,1.5,0.0,4.2,11.0,0.0,14.8,0.0,0.0,68.5
2023-06-21T00:30Z,2,62,5.2,0.0,14.1,0.0,0.0,50.8,0.0,0.0,30.0
2023-06-21T00:30Z,3,128,2.6,0.0,31.7,0.0,0.0,39.7,0.0,0.0,26.1
2023-06-21T00:30Z,4,71,4.8,0.0,16.6,0.0,0.0,70.7,0.0,0.0,7.9
2023-06-21T00:30Z,5,255,17.1,0.0,59.5,0.0,0.0,0.0,0.0,0.0,23.4
2023-06-21T00:30Z,6,112,1.7,0.0,27.9,0.0,0.0,23.8,0.0,0.0,46.6
2023-06-21T00:30Z,7,377,0.0,0.0,95.6,0.0,0.0,0.0,0.0,0.0,4.4
2023-06-21T00:30Z,8,329,1.4,0.0,83.2,0.0,0.0,6.5,0.0,0.0,9.0
2023-06-21T00:30Z,9,351,3.5,0.0,88.1,0.0,0.0,0.0,0.0,0.0,8.3
2023-06-21T00:30Z,10,197,0.6,0.0,49.9,0.0,0.0,19.4,0.0,0.0,30.0
2023-06-21T00:30Z,11,358,1.1,0.0,90.5,0.0,0.0,1.1,0.0,0.0,7.3
2023-06-21T00:30Z,12,352,1.8,0.0,88.9,0.0,0.0,1.8,0.0,0.0,7.5
2023-06-21T00:30Z,13,232,0.5,0.0,58.8,0.1,0.0,13.5,0.0,0.0,27.1
2023-06-21T00:30Z,14,275,0.2,0.0,69.9,0.2,0.0,5.3,0.0,0.0,24.4
2023-06-21T00:30Z,15,241,3.5,0.0,60.1,0.0,0.0,17.1,0.0,0.0,19.3
2023-06-21T00:30Z,16,137,3.0,0.0,33.8,2.7,0.0,23.1,0.0,0.0,37.4
2023-06-21T00:30Z,17,347,0.0,0.0,88.1,0.0,0.0,0.0,0.0,0.0,11.9
2023-06-21T00:30Z,18,237,3.2,0.0,59.3,0.3,0.0,16.6,0.0,0.0,20.6
2023-06-21T01:00Z,1,16,1.4,0.0,3.7,10.8,0.0,14.7,0.0,0.2,69.2
2023-06-21T01:00Z,2,57,4.9,0.0,12.9,0.0,0.0,50.7,0.0,0.8,30.7
2023-06-21T01:00Z,3,116,2.5,0.0,28.6,0.0,0.0,40.5,0.0,0.5,27.9
2023-06-21T01:00Z,4,70,4.6,0.0,16.5,0.0,0.0,70.5,0.0,0.5,7.9
2023-06-21T01:00Z,5,256,16.8,0.0,59.8,0.0,0.0,0.0,0.0,0.1,23.3
2023-06-21T01:00Z,6,99,1.6,0.0,24.6,0.0,0.0,23.7,0.0,0.7,49.5
2023-06-21T01:00Z,7,375,0.0,0.0,95.1,0.0,0.0,0.0,0.0,0.1,4.8
2023-06-21T01:00Z,8,326,1.4,0.0,82.2,0.0,0.0,6.4,0.0,0.2,9.8
2023-06-21T01:00Z,9,351,3.6,0.0,87.9,0.0,0.0,0.0,0.0,0.0,8.4
2023-06-21T01:00Z,10,197,0.7,0.0,49.9,0.0,0.0,19.6,0.0,0.1,29.7
2023-06-21T01:00Z,11,358,1.1,0.0,90.5,0.0,0.0,1.0,0.0,0.3,7.2
2023-06-21T01:00Z,12,352,1.8,0.0,88.8,0.0,0.0,1.8,0.0,0.0,7.5
2023-06-21T01:00Z,13,236,0.6,0.0,59.6,0.1,0.0,13.3,0.0,0.1,26.4
2023-06-21T01:00Z,14,281,0.2,0.0,71.2,0.2,0.0,5.1,0.0,0.0,23.3
2023-06-21T01:00Z,15,240,3.5,0.0,59.8,0.0,0.0,17.0,0.0,0.1,19.5
2023-06-21T01:00Z,16,127,2.9,0.0,31.2,2.7,0.0,23.8,0.0,1.2,38.2
2023-06-21T01:00Z,17,343,0.0,0.0,87.0,0.0,0.0,0.0,0.0,0.0,13.0
2023-06-21T01:00Z,18,235,3.2,0.0,58.7,0.3,0.0,16.6,0.0,0.2,21.0
2023-06-21T01:30Z,1,19,1.7,0.0,4.4,10.9,0.0,16.8,0.0,0.0,66.2
2023-06-21T01:30Z,2,61,5.2,0.0,13.8,0.0,0.0,52.2,0.0,0.0,28.9
2023-06-21T01:30Z,3,117,2.6,0.0,28.9,0.0,0.0,40.7,0.0,0.0,27.7
2023-06-21T01:30Z,4,76,5.1,0.0,17.8,0.0,0.0,69.5,0.0,0.0,7.6
2023-06-21T01:30Z,5,261,17.4,0.0,61.1,0.0,0.0,0.0,0.0,0.0,21.6
2023-06-21T01:30Z,6,93,1.4,0.0,23.1,0.0,0.0,22.1,0.0,0.0,53.3
2023-06-21T01:30Z,7,377,0.0,0.0,95.6,0.0,0.0,0.0,0.0,0.0,4.4
2023-06-21T01:30Z,8,330,1.3,0.0,83.5,0.0,0.0,6.3,0.0,0.0,8.9
2023-06-21T01:30Z,9,353,3.6,0.0,88.6,0.0,0.0,0.0,0.0,0.0,7.8
2023-06-21T01:30Z,10,201,0.7,0.0,50.7,0.0,0.0,19.7,0.0,0.0,29.0
2023-06-21T01:30Z,11,366,0.8,0.0,92.6,0.0,0.0,0.9,0.0,0.0,5.7
2023-06-21T01:30Z,12,355,1.8,0.0,89.5,0.0,0.0,1.8,0.0,0.0,6.9
2023-06-21T01:30Z,13,240,0.6,0.0,60.9,0.1,0.0,13.2,0.0,0.0,25.3
2023-06-21T01:30Z,14,285,0.2,0.0,72.3,0.2,0.0,5.0,0.0,0.0,22.4
2023-06-21T01:30Z,15,243,3.5,0.0,60.5,0.1,0.0,17.0,0.0,0.0,18.9
2023-06-21T01:30Z,16,134,3.0,0.0,33.2,2.6,0.0,24.8,0.0,0.0,36.5
2023-06-21T01:30Z,17,338,0.0,0.0,85.8,0.0,0.0,0.0,0.0,0.0,14.2
2023-06-21T01:30Z,18,238,3.2,0.0,59.4,0.3,0.0,16.7,0.0,0.0,20.4
2023-06-21T02:00Z,1,19,1.7,0.0,4.3,11.1,0.1,15.1,0.0,0.0,67.8
2023-06-21T02:00Z,2,59,5.2,0.0,13.5,0.0,0.2,52.1,0.0,0.1,28.9
2023-06-21T02:00Z,3,116,2.6,0.0,28.8,0.0,0.1,41.7,0.0,0.0,26.9
2023-06-21T02:00Z,4,75,4.9,0.0,17.6,0.0,1.2,69.4,0.0,0.0,6.9
2023-06-21T02:00Z,5,268,17.6,0.0,62.7,0.0,0.0,0.0,0.0,0.0,19.8
2023-06-21T02:00Z,6,91,1.4,0.0,22.6,0.0,0.0,23.8,0.0,0.1,52.0
2023-06-21T02:00Z,7,376,0.0,0.0,95.4,0.0,0.0,0.0,0.0,0.1,4.5
2023-06-21T02:00Z,8,329,1.3,0.0,83.1,0.0,0.0,7.2,0.0,0.1,8.4
2023-06-21T02:00Z,9,356,3.7,0.0,89.2,0.0,0.0,0.0,0.0,0.0,7.0
2023-06-21T02:00Z,10,209,0.7,0.0,52.8,0.0,0.0,20.1,0.0,0.0,26.3
2023-06-21T02:00Z,11,362,0.9,0.0,91.5,0.0,0.0,1.0,0.0,0.9,5.8
2023-06-21T02:00Z,12,355,1.8,0.0,89.6,0.0,0.0,2.1,0.0,0.2,6.3
2023-06-21T02:00Z,13,248,0.6,0.0,62.9,0.1,0.0,13.3,0.0,0.0,23.1
2023-06-21T02:00Z,14,292,0.2,0.0,74.0,0.2,0.0,5.0,0.0,0.0,20.5
2023-06-21T02:00Z,15,246,3.5,0.0,61.2,0.1,0.1,17.1,0.0,0.0,18.0
2023-06-21T02:00Z,16,137,2.9,0.0,34.0,2.6,0.0,25.4,0.0,0.1,35.0
2023-06-21T02:00Z,17,342,0.0,0.0,86.7,0.0,0.0,0.0,0.0,0.0,13.2
2023-06-21T02:00Z,18,241,3.2,0.0,60.2,0.3,0.1,16.8,0.0,0.0,19.4
2023-06-21T02:30Z,1,19,1.6,0.0,4.4,11.5,0.9,10.3,0.0,0.0,71.3
2023-06-21T02:30Z,2,58,5.0,0.0,13.2,0.0,2.7,50.0,0.0,0.0,29.2
2023-06-21T02:30Z,3,113,2.2,0.0,28.0,0.0,1.0,43.6,0.0,0.0,25.2
2023-06-21T02:30Z,4,44,2.9,0.0,10.2,0.0,13.5,69.2,0.0,0.0,4.3
2023-06-21T02:30Z,5,271,17.8,0.0,63.2,0.0,0.0,1.0,0.0,0.0,18.0
2023-06-21T02:30Z,6,80,1.3,0.0,20.0,0.0,0.6,26.5,0.0,0.0,51.5
2023-06-21T02:30Z,7,376,0.0,0.0,95.4,0.0,0.0,0.0,0.0,0.0,4.6
2023-06-21T02:30Z,8,322,1.2,0.0,81.5,0.0,0.2,9.1,0.0,0.0,8.1
2023-06-21T02:30Z,9,358,3.9,0.0,89.7,0.0,0.0,0.3,0.0,0.0,6.1
2023-06-21T02:30Z,10,216,1.0,0.0,54.5,0.0,0.0,20.2,0.0,0.0,24.3
2023-06-21T02:30Z,11,363,1.0,0.0,91.8,0.0,0.0,1.5,0.0,0.0,5.7
2023-06-21T02:30Z,12,355,1.9,0.0,89.4,0.0,0.0,2.9,0.0,0.0,5.7
2023-06-21T02:30Z,13,258,0.8,0.0,65.1,0.1,0.0,13.3,0.0,0.0,20.7
2023-06-21T02:30Z,14,298,0.2,0.0,75.6,0.2,0.0,5.2,0.0,0.0,18.8
2023-06-21T02:30Z,15,248,3.5,0.0,61.8,0.1,1.1,17.1,0.0,0.0,16.4
2023-06-21T02:30Z,16,140,3.0,0.0,34.6,2.5,0.0,23.8,0.0,0.0,36.2
2023-06-21T02:30Z,17,340,0.0,0.0,86.4,0.0,0.0,0.0,0.0,0.0,13.6
2023-06-21T02:30Z,18,243,3.2,0.0,60.6,0.3,0.9,16.7,0.0,0.0,18.3
2023-06-21T03:00Z,1,12,1.2,0.0,2.8,11.0,0.8,5.5,0.0,0.0,78.7
2023-06-21T03:00Z,2,51,4.8,0.0,11.5,0.0,3.4,49.8,0.0,0.0,30.5
2023-06-21T03:00Z,3,110,2.0,0.0,27.4,0.0,1.8,44.6,0.0,0.2,24.0
2023-06-21T03:00Z,4,20,1.2,0.0,4.4,0.0,18.8,72.7,0.0,0.0,2.9
2023-06-21T03:00Z,5,269,17.6,0.0,62.8,0.0,0.0,2.4,0.0,0.0,17.2
2023-06-21T03:00Z,6,87,1.3,0.0,21.6,0.0,1.1,28.5,0.0,0.1,47.4
2023-06-21T03:00Z,7,375,0.0,0.0,95.3,0.0,0.0,0.0,0.0,0.2,4.6
2023-06-21T03:00Z,8,316,1.2,0.0,79.9,0.0,0.3,10.4,0.0,0.1,8.0
2023-06-21T03:00Z,9,356,4.1,0.0,89.2,0.0,0.0,0.7,0.0,0.0,6.1
2023-06-21T03:00Z,10,222,1.0,0.0,56.0,0.0,0.0,19.3,0.0,0.0,23.6
2023-06-21T03:00Z,11,330,0.0,0.0,83.6,0.0,0.0,4.0,0.0,7.5,4.9
2023-06-21T03:00Z,12,352,2.0,0.0,88.8,0.0,0.1,3.7,0.0,0.9,4.5
2023-06-21T03:00Z,13,266,0.9,0.0,67.2,0.1,0.0,12.6,0.0,0.1,19.1
2023-06-21T03:00Z,14,299,0.2,0.0,75.9,0.2,0.0,5.0,0.0,0.0,18.6
2023-06-21T03:00Z,15,248,3.5,0.0,61.7,0.1,1.4,17.1,0.0,0.3,15.9
2023-06-21T03:00Z,16,127,2.9,0.0,31.5,2.5,0.0,24.0,0.0,0.1,39.0
2023-06-21T03:00Z,17,340,0.0,0.0,86.3,0.0,0.0,0.0,0.0,0.5,13.2
2023-06-21T03:00Z,18,241,3.2,0.0,60.2,0.3,1.2,16.7,0.0,0.3,18.1
2023-06-21T03:30Z,1,1,0.1,0.0,0.2,11.3,0.2,1.5,0.0,0.0,86.6
2023-06-21T03:30Z,2,37,4.6,0.0,7.9,0.0,6.4,48.8,0.0,0.6,31.7
2023-06-21T03:30Z,3,102,1.2,0.0,25.4,0.0,5.3,46.0,0.0,0.1,22.0
2023-06-21T03:30Z,4,1,0.0,0.0,0.0,0.0,36.1,62.4,0.0,0.3,1.3
2023-06-21T03:30Z,5,251,18.0,0.0,58.2,0.0,1.5,4.3,0.0,0.3,17.7
2023-06-21T03:30Z,6,76,1.2,0.0,18.9,0.0,3.6,32.0,0.0,0.3,44.0
2023-06-21T03:30Z,7,376,0.0,0.0,95.3,0.0,0.0,0.0,0.0,0.0,4.7
2023-06-21T03:30Z,8,288,1.3,0.0,72.8,0.0,1.4,13.4,0.0,0.1,10.9
2023-06-21T03:30Z,9,344,5.2,0.0,85.8,0.0,0.4,1.3,0.0,0.3,7.0
2023-06-21T03:30Z,10,215,1.4,0.0,54.2,0.0,0.1,19.6,0.0,0.6,24.0
2023-06-21T03:30Z,11,347,1.5,0.0,87.7,0.0,0.4,3.3,0.0,0.1,7.0
2023-06-21T03:30Z,12,337,2.6,0.0,84.8,0.0,0.6,4.7,0.0,0.2,7.0
2023-06-21T03:30Z,13,249,1.2,0.0,62.9,0.1,0.1,14.0,0.0,0.5,21.2
2023-06-21T03:30Z,14,284,0.4,0.0,72.0,0.2,0.0,6.2,0.0,0.3,20.7
2023-06-21T03:30Z,15,236,3.6,0.0,58.7,0.1,3.3,17.6,0.0,0.3,16.4
2023-06-21T03:30Z,16,112,2.8,0.0,27.6,2.6,0.0,24.1,0.0,0.3,42.5
2023-06-21T03:30Z,17,344,0.0,0.0,87.2,0.0,0.0,0.0,0.0,0.0,12.8
2023-06-21T03:30Z,18,230,3.3,0.0,57.3,0.3,2.8,17.1,0.0,0.3,18.9
2023-06-21T04:00Z,1,1,0.2,0.0,0.3,13.8,0.3,1.2,0.0,0.0,84.2
2023-06-21T04:00Z,2,36,4.6,0.0,7.7,0.0,7.0,49.4,0.0,0.2,31.1
2023-06-21T04:00Z,3,106,0.9,0.0,26.5,0.0,6.0,45.9,0.0,0.1,20.6
2023-06-21T04:00Z,4,1,0.0,0.0,0.0,0.0,37.6,60.9,0.0,0.1,1.3
2023-06-21T04:00Z,5,241,18.6,0.0,55.6,0.0,2.8,5.0,0.0,0.1,17.8
2023-06-21T04:00Z,6,77,1.1,0.0,19.2,0.0,4.2,32.9,0.0,0.4,42.2
2023-06-21T04:00Z,7,378,0.0,0.0,95.8,0.0,0.0,0.0,0.0,0.1,4.1
2023-06-21T04:00Z,8,288,1.1,0.0,72.8,0.0,1.7,13.7,0.0,0.2,10.4
2023-06-21T04:00Z,9,343,5.2,0.0,85.4,0.0,0.8,1.4,0.0,0.3,7.0
2023-06-21T04:00Z,10,226,1.4,0.0,57.0,0.0,0.2,18.6,0.0,0.5,22.4
2023-06-21T04:00Z,11,338,1.8,0.0,85.3,0.0,0.6,3.5,0.0,1.2,7.5
2023-06-21T04:00Z,12,336,2.6,0.0,84.4,0.0,0.9,4.9,0.0,0.4,6.8
2023-06-21T04:00Z,13,255,1.2,0.0,64.4,0.1,0.2,14.0,0.0,0.4,19.8
2023-06-21T04:00Z,14,286,0.4,0.0,72.6,0.4,0.1,6.8,0.0,0.3,19.3
2023-06-21T04:00Z,15,237,3.6,0.0,59.1,0.1,3.7,17.4,0.0,0.3,15.7
2023-06-21T04:00Z,16,113,2.7,0.0,27.9,3.5,0.0,23.9,0.0,0.1,41.8
2023-06-21T04:00Z,17,348,0.0,0.0,88.3,0.0,0.0,0.0,0.0,0.1,11.7
2023-06-21T04:00Z,18,232,3.3,0.0,57.8,0.4,3.0,16.9,0.0,0.3,18.2
2023-06-21T04:30Z,1,0,0.1,0.0,0.1,19.3,0.2,1.6,0.0,0.0,78.8
2023-06-21T04:30Z,2,32,4.3,0.0,6.8,0.0,10.3,48.0,0.0,0.6,29.9
2023-06-21T04:30Z,3,104,0.8,0.0,26.1,0.0,9.0,45.4,0.0,0.2,18.5
2023-06-21T04:30Z,4,1,0.0,0.0,0.0,0.0,45.9,52.6,0.0,0.4,1.1
2023-06-21T04:30Z,5,239,17.8,0.0,55.3,0.0,4.6,4.9,0.0,0.5,16.9
2023-06-21T04:30Z,6,87,1.0,0.0,21.7,0.0,6.3,32.2,0.0,1.8,36.9
2023-06-21T04:30Z,7,377,0.0,0.0,95.6,0.0,0.0,0.0,0.0,0.4,4.1
2023-06-21T04:30Z,8,278,1.3,0.0,70.0,0.0,3.2,13.4,0.0,0.9,11.2
2023-06-21T04:30Z,9,341,4.9,0.0,85.1,0.0,1.3,1.2,0.0,1.0,6.5
2023-06-21T04:30Z,10,229,1.4,0.0,57.6,0.0,0.4,18.3,0.0,1.9,20.5
2023-06-21T04:30Z,11,321,1.8,0.0,80.8,0.0,1.1,2.9,0.0,6.4,7.0
2023-06-21T04:30Z,12,330,2.7,0.0,82.8,0.0,1.6,4.5,0.0,1.9,6.5
2023-06-21T04:30Z,13,256,1.3,0.0,64.6,0.2,0.4,12.8,0.0,1.9,18.9
2023-06-21T04:30Z,14,281,0.5,0.0,71.2,0.6,0.1,5.7,0.0,1.7,20.1
2023-06-21T04:30Z,15,235,3.4,0.0,58.5,0.1,5.3,16.5,0.0,1.5,14.6
2023-06-21T04:30Z,16,98,2.7,0.0,24.2,5.5,0.0,24.2,0.0,0.5,42.9
2023-06-21T04:30Z,17,345,0.0,0.0,87.5,0.0,0.0,0.0,0.0,0.6,12.0
2023-06-21T04:30Z,18,228,3.1,0.0,56.8,0.7,4.4,16.2,0.0,1.4,17.4
2023-06-21T05:00Z,1,1,0.1,0.0,0.1,23.3,0.2,2.6,0.0,0.0,73.7
2023-06-21T05:00Z,2,33,4.2,0.0,7.0,0.0,10.9,47.9,0.0,0.9,29.1
2023-06-21T05:00Z,3,106,1.0,0.0,26.5,0.0,9.4,45.0,0.0,0.5,17.5
2023-06-21T05:00Z,4,1,0.0,0.0,0.0,0.0,46.5,51.5,0.0,0.7,1.3
2023-06-21T05:00Z,5,243,17.3,0.0,56.4,0.0,4.2,4.4,0.0,0.9,16.8
2023-06-21T05:00Z,6,87,1.1,0.0,21.6,0.0,6.7,31.5,0.0,4.0,35.1
2023-06-21T05:00Z,7,376,0.0,0.0,95.5,0.0,0.0,0.0,0.0,0.8,3.7
2023-06-21T05:00Z,8,284,1.3,0.0,71.7,0.0,3.1,12.0,0.0,1.8,10.1
2023-06-21T05:00Z,9,343,4.4,0.0,85.7,0.0,1.1,1.0,0.0,1.8,6.1
2023-06-21T05:00Z,10,231,1.3,0.0,58.3,0.0,0.3,18.4,0.0,3.5,18.2
2023-06-21T05:00Z,11,306,1.5,0.0,77.2,0.0,0.9,2.2,0.0,12.4,5.9
2023-06-21T05:00Z,12,330,2.4,0.0,82.9,0.0,1.4,3.5,0.0,3.8,5.9
2023-06-21T05:00Z,13,260,1.3,0.0,65.6,0.1,0.4,11.7,0.0,3.7,17.2
2023-06-21T05:00Z,14,282,0.6,0.0,71.3,0.5,0.2,4.3,0.0,3.8,19.3
2023-06-21T05:00Z,15,237,3.2,0.0,59.2,0.2,5.3,15.6,0.0,3.0,13.6
2023-06-21T05:00Z,16,96,2.6,0.0,23.5,7.2,0.0,24.7,0.0,0.7,41.2
2023-06-21T05:00Z,17,344,0.0,0.0,87.3,0.0,0.0,0.0,0.0,1.4,11.4
2023-06-21T05:00Z,18,230,3.0,0.0,57.3,0.9,4.4,15.5,0.0,2.7,16.3
2023-06-21T05:30Z,1,2,0.3,0.0,0.5,21.4,0.9,3.8,0.0,0.1,73.1
2023-06-21T05:30Z,2,32,4.0,0.0,6.9,0.0,12.7,49.8,0.0,1.1,25.5
2023-06-21T05:30Z,3,104,1.5,0.0,25.9,0.0,11.2,44.8,0.0,0.9,15.6
2023-06-21T05:30Z,4,1,0.0,0.0,0.0,0.0,47.4,50.2,0.0,1.1,1.3
2023-06-21T05:30Z,5,244,18.3,0.0,56.4,0.0,4.5,3.7,0.0,1.4,15.8
2023-06-21T05:30Z,6,80,1.4,0.0,19.8,0.0,8.0,31.2,0.0,7.3,32.3
2023-06-21T05:30Z,7,375,0.0,0.0,95.1,0.0,0.0,0.0,0.0,1.5,3.4
2023-06-21T05:30Z,8,297,1.3,0.0,75.1,0.0,2.9,10.1,0.0,3.1,7.4
2023-06-21T05:30Z,9,345,3.8,0.0,86.4,0.0,0.9,0.7,0.0,3.0,5.2
2023-06-21T05:30Z,10,239,0.8,0.0,53.5,0.0,5.9,17.9,0.0,5.7,16.1
2023-06-21T05:30Z,11,285,1.2,0.0,71.9,0.0,1.4,1.3,0.0,19.4,4.9
2023-06-21T05:30Z,12,327,1.9,0.0,82.1,0.0,2.3,2.1,0.0,6.6,4.9
2023-06-21T05:30Z,13,256,0.7,0.0,58.8,0.1,9.3,10.5,0.0,5.8,14.8
2023-06-21T05:30Z,14,262,0.2,0.0,61.6,0.4,16.5,2.3,0.0,5.5,13.4
2023-06-21T05:30Z,15,237,3.1,0.0,57.2,0.1,8.7,14.8,0.0,4.9,11.1
2023-06-21T05:30Z,16,99,2.7,0.0,24.4,6.1,0.0,26.0,0.0,1.2,39.6
2023-06-21T05:30Z,17,339,0.0,0.0,86.0,0.0,0.0,0.0,0.0,2.6,11.4
2023-06-21T05:30Z,18,229,2.9,0.0,55.5,0.7,7.3,15.1,0.0,4.4,14.1
2023-06-21T06:00Z,1,3,0.4,0.0,0.7,19.5,1.2,2.9,0.0,0.1,75.2
2023-06-21T06:00Z,2,33,3.8,0.0,7.1,0.0,12.7,48.3,0.0,1.3,26.8
2023-06-21T06:00Z,3,116,1.6,0.0,28.9,0.0,10.5,43.1,0.0,1.4,14.6
2023-06-21T06:00Z,4,1,0.0,0.0,0.0,0.0,47.9,48.9,0.0,1.6,1.6
2023-06-21T06:00Z,5,255,17.0,0.0,59.5,0.0,3.4,3.1,0.0,2.0,15.0
2023-06-21T06:00Z,6,90,1.3,0.0,22.4,0.0,7.3,29.0,0.0,10.6,29.4
2023-06-21T06:00Z,7,373,0.0,0.0,94.7,0.0,0.0,0.0,0.0,2.1,3.2
2023-06-21T06:00Z,8,300,1.3,0.0,75.9,0.0,2.5,9.4,0.0,4.5,6.4
2023-06-21T06:00Z,9,343,3.3,0.0,86.1,0.0,0.7,0.5,0.0,4.4,5.1
2023-06-21T06:00Z,10,234,0.7,0.0,51.8,0.0,6.3,17.2,0.0,8.6,15.5
2023-06-21T06:00Z,11,268,0.8,0.0,67.4,0.0,1.4,0.8,0.0,25.4,4.1
2023-06-21T06:00Z,12,321,1.5,0.0,80.6,0.1,2.5,1.4,0.0,9.6,4.2
2023-06-21T06:00Z,13,249,0.5,0.0,56.7,0.2,10.8,9.7,0.0,8.5,13.6
2023-06-21T06:00Z,14,255,0.1,0.0,59.8,0.6,19.3,1.2,0.0,8.0,11.1
2023-06-21T06:00Z,15,236,3.0,0.0,56.9,0.1,8.7,14.1,0.0,7.0,10.2
2023-06-21T06:00Z,16,92,2.7,0.0,22.5,6.0,0.1,25.8,0.0,1.5,41.4
2023-06-21T06:00Z,17,336,0.0,0.0,85.3,0.0,0.0,0.0,0.0,3.9,10.8
2023-06-21T06:00Z,18,227,2.7,0.0,55.2,0.7,7.3,14.4,0.0,6.2,13.4
2023-06-21T06:30Z,1,2,0.3,0.0,0.5,15.9,0.9,1.3,0.0,0.1,81.0
2023-06-21T06:30Z,2,33,3.6,0.0,7.1,0.0,12.6,44.9,0.0,1.9,29.7
2023-06-21T06:30Z,3,118,1.9,0.0,29.4,0.0,9.9,42.1,0.0,1.9,14.8
2023-06-21T06:30Z,4,1,0.0,0.0,0.0,0.0,47.7,48.1,0.0,2.2,1.9
2023-06-21T06:30Z,5,249,17.3,0.0,58.0,0.0,2.6,2.8,0.0,2.7,16.6
2023-06-21T06:30Z,6,98,1.4,0.0,24.3,0.0,6.7,26.2,0.0,13.6,27.8
2023-06-21T06:30Z,7,370,0.0,0.0,93.9,0.0,0.0,0.0,0.0,3.0,3.2
2023-06-21T06:30Z,8,299,1.2,0.0,75.6,0.0,2.2,8.6,0.0,6.3,6.1
2023-06-21T06:30Z,9,340,2.6,0.0,85.5,0.0,0.4,0.4,0.0,6.1,5.1
2023-06-21T06:30Z,10,238,0.3,0.0,44.1,0.0,13.6,15.4,0.0,11.1,15.5
2023-06-21T06:30Z,11,232,0.6,0.0,57.8,0.1,4.1,0.5,0.0,33.2,3.7
2023-06-21T06:30Z,12,299,1.0,0.0,73.9,0.1,7.3,0.9,0.0,12.9,3.8
2023-06-21T06:30Z,13,227,0.2,0.0,44.2,0.3,24.7,8.9,0.0,9.8,12.0
2023-06-21T06:30Z,14,211,0.0,0.0,44.2,0.8,39.7,0.2,0.0,7.9,7.2
2023-06-21T06:30Z,15,227,2.8,0.0,52.3,0.1,12.4,13.5,0.0,8.9,10.0
2023-06-21T06:30Z,16,93,2.6,0.0,22.5,5.1,0.8,23.0,0.0,2.4,43.6
2023-06-21T06:30Z,17,331,0.0,0.0,84.1,0.0,0.0,0.0,0.0,5.3,10.6
2023-06-21T06:30Z,18,220,2.6,0.0,51.3,0.6,10.3,13.6,0.0,8.0,13.6
2023-06-21T07:00Z,1,1,0.1,0.0,0.1,13.2,0.2,0.3,0.0,0.1,86.0
2023-06-21T07:00Z,2,30,3.5,0.0,6.4,0.2,11.4,42.7,0.0,3.2,32.6
2023-06-21T07:00Z,3,119,1.7,0.0,29.6,0.0,9.6,42.2,0.0,2.3,14.5
2023-06-21T07:00Z,4,1,0.0,0.0,0.0,0.0,46.9,48.1,0.0,2.7,2.2
2023-06-21T07:00Z,5,244,17.6,0.0,56.5,0.0,2.9,2.7,0.0,3.5,16.8
2023-06-21T07:00Z,6,89,1.3,0.0,22.0,0.0,6.2,24.6,0.0,16.2,29.7
2023-06-21T07:00Z,7,366,0.0,0.0,92.9,0.0,0.0,0.0,0.0,3.9,3.1
2023-06-21T07:00Z,8,294,1.1,0.0,74.2,0.0,2.2,8.4,0.0,7.8,6.2
2023-06-21T07:00Z,9,335,2.3,0.0,84.3,0.0,0.4,0.3,0.0,7.6,5.0
2023-06-21T07:00Z,10,236,0.3,0.0,43.3,0.0,13.8,14.4,0.0,13.5,14.8
2023-06-21T07:00Z,11,212,0.4,0.0,52.8,0.1,3.2,0.3,0.0,39.8,3.4
2023-06-21T07:00Z,12,290,0.9,0.0,71.7,0.2,6.8,0.8,0.0,16.1,3.5
2023-06-21T07:00Z,13,222,0.2,0.0,42.6,0.4,24.9,8.4,0.0,12.1,11.5
2023-06-21T07:00Z,14,202,0.0,0.0,41.7,0.9,40.2,0.3,0.0,10.1,6.8
2023-06-21T07:00Z,15,222,2.7,0.0,50.8,0.1,12.3,13.2,0.0,11.0,9.8
2023-06-21T07:00Z,16,87,2.5,0.0,21.0,3.8,0.7,21.6,0.0,3.5,46.9
2023-06-21T07:00Z,17,320,0.0,0.0,81.3,0.0,0.0,0.0,0.0,6.8,11.9
2023-06-21T07:00Z,18,214,2.5,0.0,49.7,0.5,10.3,13.2,0.0,10.0,13.9
2023-06-21T07:30Z,1,0,0.0,0.0,0.0,12.4,0.0,0.2,0.0,0.0,87.3
2023-06-21T07:30Z,2,25,3.3,0.0,5.4,0.3,10.4,39.4,0.0,4.8,36.3
2023-06-21T07:30Z,3,118,1.9,0.0,29.2,0.0,9.9,40.9,0.0,2.9,15.1
2023-06-21T07:30Z,4,1,0.0,0.0,0.0,0.0,46.4,47.7,0.0,3.3,2.6
2023-06-21T07:30Z,5,243,17.4,0.0,56.4,0.0,2.7,2.7,0.0,4.3,16.6
2023-06-21T07:30Z,6,82,1.2,0.0,20.4,0.0,5.7,23.1,0.0,18.6,30.9
2023-06-21T07:30Z,7,364,0.0,0.0,92.4,0.0,0.0,0.0,0.0,4.5,3.1
2023-06-21T07:30Z,8,289,1.1,0.0,72.9,0.0,2.1,8.5,0.0,9.4,6.1
2023-06-21T07:30Z,9,328,2.2,0.0,82.6,0.0,0.3,0.3,0.0,9.5,5.1
2023-06-21T07:30Z,10,237,0.2,0.0,38.8,0.0,17.8,13.4,0.0,15.6,14.2
2023-06-21T07:30Z,11,179,0.3,0.0,44.6,0.1,3.0,0.4,0.0,48.7,3.0
2023-06-21T07:30Z,12,271,0.8,0.0,66.6,0.1,8.1,0.9,0.0,20.1,3.3
2023-06-21T07:30Z,13,216,0.1,0.0,38.3,0.4,28.2,8.5,0.0,13.9,10.6
2023-06-21T07:30Z,14,188,0.0,0.0,38.0,0.9,42.9,0.7,0.0,11.7,5.8
2023-06-21T07:30Z,15,215,2.7,0.0,48.2,0.1,13.4,12.9,0.0,13.2,9.7
2023-06-21T07:30Z,16,73,2.4,0.0,17.7,3.7,0.4,21.0,0.0,4.5,50.3
2023-06-21T07:30Z,17,311,0.0,0.0,79.0,0.0,0.0,0.0,0.0,7.9,13.0
2023-06-21T07:30Z,18,207,2.5,0.0,47.0,0.4,11.2,12.9,0.0,12.0,14.1
2023-06-21T08:00Z,1,0,0.0,0.0,0.0,11.0,0.0,0.2,0.0,0.0,88.8
2023-06-21T08:00Z,2,21,3.0,0.0,4.4,0.5,8.5,36.5,0.0,6.3,40.9
2023-06-21T08:00Z,3,115,1.9,0.0,28.6,0.0,9.8,40.5,0.0,3.5,15.8
2023-06-21T08:00Z,4,1,0.0,0.0,0.0,0.0,47.0,45.8,0.0,3.9,3.3
2023-06-21T08:00Z,5,241,17.5,0.0,55.8,0.0,2.5,2.8,0.0,4.8,16.6
2023-06-21T08:00Z,6,72,1.2,0.0,17.8,0.1,5.2,22.9,0.0,21.2,31.6
2023-06-21T08:00Z,7,364,0.0,0.0,92.5,0.0,0.0,0.0,0.0,4.3,3.2
2023-06-21T08:00Z,8,284,1.0,0.0,71.8,0.0,2.0,8.8,0.0,10.2,6.2
2023-06-21T08:00Z,9,322,2.0,0.0,81.1,0.0,0.3,0.4,0.0,11.0,5.3
2023-06-21T08:00Z,10,228,0.2,0.0,36.8,0.0,17.6,13.3,0.0,17.8,14.4
2023-06-21T08:00Z,11,150,0.2,0.0,37.5,0.0,2.1,0.3,0.0,57.0,2.8
2023-06-21T08:00Z,12,261,0.7,0.0,64.5,0.1,6.4,1.0,0.0,24.0,3.2
2023-06-21T08:00Z,13,212,0.1,0.0,37.8,0.3,25.7,8.6,0.0,16.5,11.0
2023-06-21T08:00Z,14,190,0.0,0.0,39.7,0.7,37.8,1.0,0.0,14.9,6.0
2023-06-21T08:00Z,15,207,2.6,0.0,46.2,0.1,13.1,12.7,0.0,15.4,10.0
2023-06-21T08:00Z,16,62,2.2,0.0,14.9,3.2,0.0,20.8,0.0,5.3,53.6
2023-06-21T08:00Z,17,312,0.0,0.0,79.1,0.0,0.0,0.0,0.0,8.1,12.8
2023-06-21T08:00Z,18,199,2.4,0.0,45.1,0.4,10.9,12.7,0.0,13.9,14.6
2023-06-21T08:30Z,1,0,0.0,0.0,0.0,8.2,0.0,0.2,0.0,0.0,91.6
2023-06-21T08:30Z,2,19,2.7,0.0,4.1,0.6,5.6,33.5,0.0,6.8,46.7
2023-06-21T08:30Z,3,112,1.7,0.0,27.8,0.0,8.4,40.9,0.0,4.1,17.1
2023-06-21T08:30Z,4,1,0.0,0.0,0.0,0.0,43.3,47.6,0.0,4.9,4.2
2023-06-21T08:30Z,5,239,17.2,0.0,55.4,0.0,2.4,3.2,0.0,5.1,16.8
2023-06-21T08:30Z,6,66,1.1,0.0,16.5,0.1,4.3,22.3,0.0,22.5,33.4
2023-06-21T08:30Z,7,365,0.0,0.0,92.7,0.0,0.0,0.0,0.0,4.0,3.2
2023-06-21T08:30Z,8,277,1.1,0.0,69.9,0.0,1.9,9.2,0.0,10.7,7.3
2023-06-21T08:30Z,9,316,2.3,0.0,79.4,0.0,0.3,0.4,0.0,11.7,5.9
2023-06-21T08:30Z,10,225,0.3,0.0,37.7,0.0,16.1,12.9,0.0,18.6,14.4
2023-06-21T08:30Z,11,142,0.3,0.0,35.7,0.0,0.6,0.3,0.0,60.2,2.9
2023-06-21T08:30Z,12,263,0.9,0.0,65.7,0.1,2.0,1.1,0.0,26.4,3.8
2023-06-21T08:30Z,13,225,0.2,0.0,42.8,0.2,16.0,8.1,0.0,20.6,12.1
2023-06-21T08:30Z,14,217,0.0,0.0,48.0,0.4,18.4,1.2,0.0,23.1,8.9
2023-06-21T08:30Z,15,208,2.6,0.0,47.1,0.1,9.1,12.5,0.0,17.4,11.2
2023-06-21T08:30Z,16,50,2.1,0.0,12.2,2.4,0.0,21.2,0.0,5.7,56.5
2023-06-21T08:30Z,17,310,0.0,0.0,78.6,0.0,0.0,0.0,0.0,8.4,13.0
2023-06-21T08:30Z,18,198,2.4,0.0,45.5,0.3,7.7,12.6,0.0,15.7,15.8
2023-06-21T09:00Z,1,0,0.0,0.0,0.0,5.5,0.0,0.0,0.0,0.0,94.5
2023-06-21T09:00Z,2,19,2.7,0.0,3.9,0.5,5.1,30.0,0.0,7.5,50.3
2023-06-21T09:00Z,3,109,1.5,0.0,27.3,0.0,8.3,41.4,0.0,4.9,16.6
2023-06-21T09:00Z,4,1,0.0,0.0,0.0,0.0,41.9,47.6,0.0,6.1,4.5
2023-06-21T09:00Z,5,232,17.3,0.0,53.6,0.0,3.0,4.5,0.0,5.3,16.3
2023-06-21T09:00Z,6,65,1.0,0.0,16.1,0.1,4.2,22.4,0.0,24.5,31.7
2023-06-21T09:00Z,7,360,0.0,0.0,91.3,0.0,0.0,0.0,0.0,5.5,3.2
2023-06-21T09:00Z,8,263,1.0,0.0,66.4,0.0,2.0,10.3,0.0,12.6,7.5
2023-06-21T09:00Z,9,303,2.3,0.0,76.3,0.0,0.4,0.7,0.0,13.8,6.5
2023-06-21T09:00Z,10,220,0.3,0.0,36.5,0.0,16.1,12.0,0.0,20.5,14.6
2023-06-21T09:00Z,11,129,0.2,0.0,32.6,0.0,0.5,0.3,0.0,63.7,2.7
2023-06-21T09:00Z,12,248,0.9,0.0,62.0,0.0,1.9,1.5,0.0,30.0,3.8
2023-06-21T09:00Z,13,219,0.2,0.0,41.3,0.0,15.5,7.7,0.0,23.2,12.0
2023-06-21T09:00Z,14,208,0.0,0.0,46.1,0.1,16.9,1.7,0.0,26.8,8.5
2023-06-21T09:00Z,15,200,2.6,0.0,45.1,0.0,8.9,12.4,0.0,19.7,11.3
2023-06-21T09:00Z,16,47,2.0,0.0,11.4,1.6,0.0,20.2,0.0,6.2,58.7
2023-06-21T09:00Z,17,308,0.0,0.0,78.2,0.0,0.0,0.0,0.0,10.4,11.4
2023-06-21T09:00Z,18,191,2.4,0.0,43.8,0.2,7.5,12.4,0.0,17.8,16.0
2023-06-21T09:30Z,1,0,0.0,0.0,0.0,4.3,0.0,0.0,0.0,0.0,95.7
2023-06-21T09:30Z,2,18,2.5,0.0,3.8,0.5,4.7,29.5,0.0,7.0,52.0
2023-06-21T09:30Z,3,105,1.1,0.0,26.1,0.0,9.2,41.2,0.0,5.2,17.2
2023-06-21T09:30Z,4,1,0.0,0.0,0.0,0.0,43.9,45.2,0.0,6.0,4.9
2023-06-21T09:30Z,5,221,16.8,0.0,50.9,0.0,4.3,4.8,0.0,7.5,15.7
2023-06-21T09:30Z,6,65,0.9,0.0,16.2,0.1,4.7,21.9,0.0,27.3,28.9
2023-06-21T09:30Z,7,344,0.0,0.0,87.3,0.0,0.0,0.0,0.0,9.9,2.8
2023-06-21T09:30Z,8,243,1.0,0.0,61.4,0.0,2.4,11.6,0.0,15.7,7.8
2023-06-21T09:30Z,9,285,3.0,0.0,71.5,0.0,0.8,0.9,0.0,15.8,8.1
2023-06-21T09:30Z,10,218,0.4,0.0,36.1,0.0,15.9,11.3,0.0,20.7,15.6
2023-06-21T09:30Z,11,124,0.3,0.0,31.2,0.0,0.6,0.3,0.0,65.2,2.4
2023-06-21T09:30Z,12,238,1.1,0.0,59.2,0.0,2.7,1.5,0.0,31.1,4.4
2023-06-21T09:30Z,13,212,0.3,0.0,39.3,0.0,17.8,6.7,0.0,23.4,12.4
2023-06-21T09:30Z,14,192,0.1,0.0,39.7,0.1,24.9,0.9,0.0,26.1,8.2
2023-06-21T09:30Z,15,191,2.6,0.0,42.7,0.0,10.1,12.2,0.0,20.9,11.5
2023-06-21T09:30Z,16,40,2.0,0.0,9.7,1.3,0.0,20.0,0.0,6.3,60.8
2023-06-21T09:30Z,17,296,0.0,0.0,75.1,0.0,0.0,0.0,0.0,15.4,9.5
2023-06-21T09:30Z,18,182,2.4,0.0,41.3,0.2,8.5,12.2,0.0,19.1,16.3
2023-06-21T10:00Z,1,0,0.0,0.0,0.0,3.8,0.0,0.0,0.0,0.0,96.2
2023-06-21T10:00Z,2,17,2.3,0.0,3.5,0.6,3.7,26.8,0.0,6.4,56.7
2023-06-21T10:00Z,3,99,1.1,0.0,24.8,0.0,9.4,40.6,0.0,5.7,18.3
2023-06-21T10:00Z,4,1,0.0,0.0,0.0,0.0,44.0,44.4,0.0,6.1,5.5
2023-06-21T10:00Z,5,215,16.5,0.0,49.6,0.0,4.7,5.2,0.0,8.2,15.8
2023-06-21T10:00Z,6,69,0.8,0.0,17.2,0.1,4.3,20.9,0.0,28.5,28.2
2023-06-21T10:00Z,7,323,0.0,0.0,82.0,0.0,0.0,0.0,0.0,14.8,3.2
2023-06-21T10:00Z,8,216,1.2,0.0,54.4,0.0,2.9,12.9,0.0,18.9,9.7
2023-06-21T10:00Z,9,278,3.1,0.0,69.6,0.0,0.9,1.0,0.0,16.9,8.5
2023-06-21T10:00Z,10,218,0.3,0.0,35.7,0.0,16.4,11.2,0.0,20.0,16.4
2023-06-21T10:00Z,11,112,0.2,0.0,28.1,0.0,0.7,0.3,0.0,68.1,2.6
2023-06-21T10:00Z,12,229,1.1,0.0,56.9,0.0,3.1,1.6,0.0,32.9,4.4
2023-06-21T10:00Z,13,210,0.3,0.0,39.1,0.0,18.2,6.7,0.0,23.3,12.4
2023-06-21T10:00Z,14,192,0.0,0.0,41.1,0.1,24.0,0.8,0.0,26.8,7.2
2023-06-21T10:00Z,15,184,2.5,0.0,41.1,0.0,10.1,12.2,0.0,21.9,12.2
2023-06-21T10:00Z,16,30,1.8,0.0,7.0,1.2,0.0,19.2,0.0,5.9,64.9
2023-06-21T10:00Z,17,280,0.0,0.0,71.1,0.0,0.0,0.2,0.0,19.3,9.4
2023-06-21T10:00Z,18,175,2.3,0.0,39.5,0.2,8.5,12.2,0.0,20.2,17.2
2023-06-21T10:30Z,1,0,0.0,0.0,0.0,3.3,0.0,0.0,0.0,0.0,96.7
2023-06-21T10:30Z,2,15,2.1,0.0,3.2,0.6,2.7,24.0,0.0,5.9,61.6
2023-06-21T10:30Z,3,95,1.0,0.0,23.6,0.1,9.7,39.6,0.0,6.2,19.8
2023-06-21T10:30Z,4,1,0.0,0.0,0.0,0.0,44.5,43.3,0.0,6.3,5.9
2023-06-21T10:30Z,5,208,16.2,0.0,47.9,0.0,5.2,5.6,0.0,8.8,16.3
2023-06-21T10:30Z,6,66,0.8,0.0,16.4,0.1,4.2,19.9,0.0,28.9,29.6
2023-06-21T10:30Z,7,309,0.0,0.0,78.3,0.0,0.0,0.0,0.0,18.2,3.5
2023-06-21T10:30Z,8,199,1.2,0.0,50.2,0.0,3.2,13.5,0.0,20.7,11.2
2023-06-21T10:30Z,9,275,2.9,0.0,68.8,0.0,0.9,1.2,0.0,17.4,8.8
2023-06-21T10:30Z,10,217,0.3,0.0,35.2,0.0,16.5,10.5,0.0,20.1,17.3
2023-06-21T10:30Z,11,108,0.2,0.0,27.3,0.0,0.7,0.3,0.0,69.1,2.4
2023-06-21T10:30Z,12,214,1.0,0.0,53.2,0.0,4.2,2.1,0.0,35.2,4.4
2023-06-21T10:30Z,13,199,0.3,0.0,36.5,0.0,21.2,6.9,0.0,22.8,12.3
2023-06-21T10:30Z,14,172,0.0,0.0,36.1,0.1,31.0,1.3,0.0,25.2,6.2
2023-06-21T10:30Z,15,177,2.4,0.0,39.4,0.0,10.9,12.0,0.0,22.6,12.7
2023-06-21T10:30Z,16,20,1.7,0.0,4.5,1.1,0.0,18.0,0.0,5.1,69.5
2023-06-21T10:30Z,17,267,0.0,0.0,67.7,0.0,0.0,0.6,0.0,22.1,9.6
2023-06-21T10:30Z,18,167,2.2,0.0,37.6,0.2,9.1,11.9,0.0,20.9,18.1
2023-06-21T11:00Z,1,0,0.0,0.0,0.0,2.9,0.0,0.0,0.0,0.0,97.1
2023-06-21T11:00Z,2,14,1.9,0.0,2.9,0.6,1.4,21.3,0.0,5.0,66.9
2023-06-21T11:00Z,3,87,0.9,0.0,21.8,0.1,9.6,39.5,0.0,6.1,22.0
2023-06-21T11:00Z,4,1,0.0,0.0,0.0,0.0,44.3,43.0,0.0,6.6,6.0
2023-06-21T11:00Z,5,206,16.2,0.0,47.3,0.0,5.9,6.3,0.0,8.7,15.5
2023-06-21T11:00Z,6,64,0.8,0.0,15.9,0.2,4.0,19.6,0.0,25.8,33.8
2023-06-21T11:00Z,7,312,0.0,0.0,79.1,0.0,0.0,0.0,0.0,16.9,4.0
2023-06-21T11:00Z,8,187,1.2,0.0,47.0,0.0,3.5,14.5,0.0,20.6,13.2
2023-06-21T11:00Z,9,271,3.2,0.0,67.8,0.0,1.2,1.4,0.0,17.3,9.2
2023-06-21T11:00Z,10,213,0.4,0.0,34.7,0.0,16.1,10.3,0.0,21.1,17.3
2023-06-21T11:00Z,11,107,0.2,0.0,27.0,0.0,0.7,0.4,0.0,69.1,2.6
2023-06-21T11:00Z,12,204,1.1,0.0,50.7,0.0,3.6,2.8,0.0,36.9,5.0
2023-06-21T11:00Z,13,194,0.4,0.0,34.9,0.0,20.8,7.3,0.0,23.3,13.3
2023-06-21T11:00Z,14,161,0.0,0.0,31.5,0.1,33.6,2.3,0.0,23.8,8.6
2023-06-21T11:00Z,15,173,2.4,0.0,38.2,0.1,10.8,12.0,0.0,22.8,13.6
2023-06-21T11:00Z,16,11,1.7,0.0,2.2,1.1,0.0,17.1,0.0,4.0,74.0
2023-06-21T11:00Z,17,253,0.1,0.0,64.2,0.1,0.0,1.3,0.0,21.6,12.8
2023-06-21T11:00Z,18,162,2.2,0.0,36.3,0.2,9.1,11.9,0.0,20.9,19.4
2023-06-21T11:30Z,1,0,0.0,0.0,0.0,2.5,0.0,0.0,0.0,0.0,97.5
2023-06-21T11:30Z,2,13,1.8,0.0,2.7,0.7,0.0,19.6,0.0,4.5,70.7
2023-06-21T11:30Z,3,85,0.6,0.0,21.3,0.1,8.7,39.1,0.0,6.2,24.0
2023-06-21T11:30Z,4,1,0.0,0.0,0.0,0.0,42.6,43.8,0.0,7.5,6.2
2023-06-21T11:30Z,5,209,15.8,0.0,48.2,0.0,6.4,6.7,0.0,8.9,14.1
2023-06-21T11:30Z,6,63,0.7,0.0,15.8,0.2,3.4,19.0,0.0,23.6,37.4
2023-06-21T11:30Z,7,319,0.0,0.0,80.9,0.0,0.0,0.0,0.0,14.5,4.6
2023-06-21T11:30Z,8,175,1.1,0.0,44.0,0.1,3.5,15.5,0.0,20.6,15.3
2023-06-21T11:30Z,9,266,3.5,0.0,66.5,0.0,1.4,1.6,0.0,17.6,9.4
2023-06-21T11:30Z,10,207,0.6,0.0,34.3,0.0,15.3,9.9,0.0,23.0,16.9
2023-06-21T11:30Z,11,114,0.2,0.0,28.9,0.0,0.2,0.5,0.0,67.4,2.8
2023-06-21T11:30Z,12,198,1.3,0.0,49.7,0.0,1.3,3.3,0.0,38.8,5.6
2023-06-21T11:30Z,13,204,0.6,0.0,39.3,0.0,12.1,7.4,0.0,26.5,14.1
2023-06-21T11:30Z,14,203,0.2,0.0,44.7,0.2,11.5,3.3,0.0,27.3,12.8
2023-06-21T11:30Z,15,173,2.4,0.0,38.8,0.1,8.3,12.0,0.0,23.8,14.6
2023-06-21T11:30Z,16,10,1.5,0.0,2.1,1.0,0.0,16.7,0.0,3.7,75.0
2023-06-21T11:30Z,17,248,0.1,0.0,62.8,0.1,0.0,1.9,0.0,18.8,16.3
2023-06-21T11:30Z,18,162,2.2,0.0,36.7,0.2,7.0,11.9,0.0,21.6,20.5
2023-06-21T12:00Z,1,0,0.0,0.0,0.0,2.3,0.0,0.0,0.0,0.0,97.7
2023-06-21T12:00Z,2,11,1.6,0.0,2.4,0.7,0.0,18.8,0.0,4.6,72.0
2023-06-21T12:00Z,3,79,0.5,0.0,19.9,0.1,8.3,38.7,0.0,6.4,26.1
2023-06-21T12:00Z,4,2,0.1,0.0,0.1,0.0,39.8,43.6,0.0,7.4,9.0
2023-06-21T12:00Z,5,206,15.7,0.0,47.4,0.0,6.6,6.9,0.0,9.0,14.5
2023-06-21T12:00Z,6,66,0.6,0.0,16.6,0.2,3.0,18.1,0.0,23.2,38.3
2023-06-21T12:00Z,7,323,0.0,0.0,82.0,0.0,0.0,0.0,0.0,13.2,4.8
2023-06-21T12:00Z,8,164,1.1,0.0,41.2,0.1,3.5,15.9,0.0,20.6,17.6
2023-06-21T12:00Z,9,259,4.1,0.0,64.4,0.0,1.7,1.7,0.0,17.7,10.4
2023-06-21T12:00Z,10,200,0.8,0.0,32.6,0.0,15.1,9.9,0.0,22.9,18.7
2023-06-21T12:00Z,11,120,0.2,0.0,30.3,0.0,0.2,0.5,0.0,65.9,2.9
2023-06-21T12:00Z,12,192,1.5,0.0,48.2,0.0,1.2,3.5,0.0,38.9,6.6
2023-06-21T12:00Z,13,198,0.8,0.0,38.3,0.0,11.3,7.2,0.0,26.7,15.6
2023-06-21T12:00Z,14,202,0.2,0.0,44.4,0.2,9.9,3.3,0.0,27.3,14.8
2023-06-21T12:00Z,15,169,2.5,0.0,37.7,0.1,8.1,12.0,0.0,23.8,16.0
2023-06-21T12:00Z,16,10,1.4,0.0,2.1,0.9,0.0,16.4,0.0,3.8,75.3
2023-06-21T12:00Z,17,237,0.2,0.0,60.0,0.1,0.0,2.1,0.0,17.2,20.4
2023-06-21T12:00Z,18,157,2.2,0.0,35.6,0.2,6.8,11.8,0.0,21.5,21.9
2023-06-21T12:30Z,1,0,0.0,0.0,0.0,2.2,0.0,0.0,0.0,0.0,97.8
2023-06-21T12:30Z,2,11,1.5,0.0,2.4,0.7,0.0,18.4,0.0,5.0,72.0
2023-06-21T12:30Z,3,81,0.5,0.0,20.4,0.1,7.3,38.4,0.0,6.7,26.6
2023-06-21T12:30Z,4,2,0.1,0.0,0.2,0.0,36.3,44.3,0.0,7.5,11.5
2023-06-21T12:30Z,5,211,15.4,0.0,48.9,0.0,5.8,6.7,0.0,8.9,14.3
2023-06-21T12:30Z,6,66,0.5,0.0,16.7,0.2,2.5,18.0,0.0,24.1,38.0
2023-06-21T12:30Z,7,323,0.0,0.0,81.9,0.0,0.0,0.0,0.0,13.1,5.0
2023-06-21T12:30Z,8,164,1.1,0.0,41.3,0.1,3.2,15.4,0.0,20.5,18.5
2023-06-21T12:30Z,9,269,3.8,0.0,67.1,0.0,1.4,1.6,0.0,16.2,9.9
2023-06-21T12:30Z,10,188,0.9,0.0,37.5,0.0,8.6,10.6,0.0,22.2,20.2
2023-06-21T12:30Z,11,124,0.3,0.0,31.4,0.0,0.2,0.5,0.0,64.5,3.1
2023-06-21T12:30Z,12,203,1.5,0.0,51.2,0.0,1.1,3.3,0.0,35.9,7.0
2023-06-21T12:30Z,13,193,0.9,0.0,42.5,0.0,5.6,7.0,0.0,27.2,16.9
2023-06-21T12:30Z,14,195,0.3,0.0,46.4,0.1,2.6,2.8,0.0,31.0,16.7
2023-06-21T12:30Z,15,169,2.5,0.0,39.9,0.1,5.6,12.0,0.0,23.5,16.5
2023-06-21T12:30Z,16,10,1.3,0.0,2.2,0.9,0.0,15.8,0.0,4.2,75.7
2023-06-21T12:30Z,17,238,0.2,0.0,60.4,0.1,0.0,2.0,0.0,16.1,21.1
2023-06-21T12:30Z,18,158,2.2,0.0,37.4,0.2,4.7,11.7,0.0,21.1,22.6
2023-06-21T13:00Z,1,0,0.0,0.0,0.0,2.2,0.0,0.0,0.0,0.0,97.8
2023-06-21T13:00Z,2,11,1.5,0.0,2.4,0.7,0.0,18.6,0.0,5.7,71.1
2023-06-21T13:00Z,3,84,0.5,0.0,21.2,0.1,7.1,38.5,0.0,6.9,25.6
2023-06-21T13:00Z,4,2,0.1,0.0,0.2,0.1,36.2,43.8,0.0,7.5,12.2
2023-06-21T13:00Z,5,221,15.5,0.0,51.2,0.0,5.4,6.5,0.0,8.3,13.1
2023-06-21T13:00Z,6,70,0.6,0.0,17.6,0.2,2.4,18.2,0.0,24.8,36.2
2023-06-21T13:00Z,7,323,0.0,0.0,82.0,0.0,0.0,0.0,0.0,12.9,5.2
2023-06-21T13:00Z,8,171,1.1,0.0,43.1,0.1,3.0,15.5,0.0,19.9,17.3
2023-06-21T13:00Z,9,275,3.8,0.0,68.7,0.0,1.3,1.6,0.0,16.1,8.6
2023-06-21T13:00Z,10,190,0.8,0.0,38.2,0.0,8.5,10.7,0.0,21.3,20.5
2023-06-21T13:00Z,11,130,0.2,0.0,33.0,0.0,0.1,0.4,0.0,63.6,2.7
2023-06-21T13:00Z,12,211,1.5,0.0,53.2,0.0,1.0,3.2,0.0,34.9,6.2
2023-06-21T13:00Z,13,195,0.8,0.0,43.2,0.0,5.5,7.0,0.0,26.4,17.1
2023-06-21T13:00Z,14,193,0.3,0.0,46.3,0.1,2.4,2.7,0.0,30.8,17.4
2023-06-21T13:00Z,15,173,2.4,0.0,41.0,0.1,5.5,12.0,0.0,22.9,16.1
2023-06-21T13:00Z,16,10,1.3,0.0,2.3,0.9,0.0,16.0,0.0,4.8,74.8
2023-06-21T13:00Z,17,242,0.2,0.0,61.3,0.1,0.0,1.9,0.0,16.2,20.3
2023-06-21T13:00Z,18,161,2.2,0.0,38.4,0.2,4.6,11.8,0.0,20.8,22.1
2023-06-21T13:30Z,1,0,0.0,0.0,0.0,2.2,0.0,0.0,0.0,0.0,97.8
2023-06-21T13:30Z,2,12,1.6,0.0,2.5,0.7,0.0,19.7,0.0,5.9,69.6
2023-06-21T13:30Z,3,93,0.8,0.0,23.2,0.1,6.0,38.3,0.0,7.0,24.6
2023-06-21T13:30Z,4,2,0.2,0.0,0.2,0.0,33.0,45.7,0.0,7.9,12.9
2023-06-21T13:30Z,5,222,16.5,0.0,51.3,0.0,4.1,6.2,0.0,7.7,14.2
2023-06-21T13:30Z,6,78,0.6,0.0,19.7,0.2,2.0,19.2,0.0,24.6,33.6
2023-06-21T13:30Z,7,327,0.0,0.0,82.9,0.0,0.0,0.0,0.0,12.5,4.5
2023-06-21T13:30Z,8,187,1.2,0.2,46.6,0.1,2.4,15.1,0.0,18.8,15.7
2023-06-21T13:30Z,9,288,3.5,0.9,70.1,0.0,0.9,1.4,0.0,15.0,8.3
2023-06-21T13:30Z,10,196,0.8,0.2,39.5,0.0,8.1,10.9,0.0,21.1,19.5
2023-06-21T13:30Z,11,126,0.2,0.0,32.0,0.0,0.1,0.3,0.0,64.7,2.7
2023-06-21T13:30Z,12,221,1.4,0.3,54.8,0.0,0.7,2.9,0.0,34.4,5.5
2023-06-21T13:30Z,13,202,0.7,0.2,44.6,0.0,6.6,6.6,0.0,25.5,15.8
2023-06-21T13:30Z,14,201,0.2,0.0,47.0,0.1,7.5,2.1,0.0,27.7,15.4
2023-06-21T13:30Z,15,179,2.5,0.0,42.5,0.1,5.3,11.9,0.0,22.4,15.3
2023-06-21T13:30Z,16,11,1.4,0.0,2.5,0.9,0.0,16.8,0.0,4.9,73.5
2023-06-21T13:30Z,17,251,0.2,0.0,63.5,0.1,0.0,1.4,0.0,16.6,18.2
2023-06-21T13:30Z,18,167,2.3,0.0,39.7,0.2,4.5,11.8,0.0,20.3,21.3
2023-06-21T14:00Z,1,0,0.0,0.0,0.0,2.2,0.0,0.0,0.0,0.0,97.8
2023-06-21T14:00Z,2,13,1.7,0.0,2.8,0.7,0.0,19.6,0.0,5.4,69.8
2023-06-21T14:00Z,3,98,0.7,0.0,24.5,0.1,6.4,40.1,0.0,6.3,22.0
2023-06-21T14:00Z,4,2,0.1,0.0,0.1,0.0,35.9,48.1,0.0,7.2,8.7
2023-06-21T14:00Z,5,230,16.6,0.0,53.4,0.0,4.4,6.4,0.0,6.2,13.0
2023-06-21T14:00Z,6,76,0.7,0.0,19.0,0.2,2.4,20.0,0.0,25.0,32.8
2023-06-21T14:00Z,7,338,0.0,0.0,85.7,0.0,0.0,0.0,0.0,10.7,3.6
2023-06-21T14:00Z,8,210,1.1,0.4,52.0,0.1,2.3,14.8,0.0,16.6,12.8
2023-06-21T14:00Z,9,300,3.5,1.8,70.6,0.0,0.9,1.4,0.0,14.4,7.3
2023-06-21T14:00Z,10,202,0.8,0.4,40.8,0.0,8.1,10.6,0.0,20.4,19.0
2023-06-21T14:00Z,11,136,0.1,0.1,34.5,0.0,0.1,0.3,0.0,62.8,2.3
2023-06-21T14:00Z,12,234,1.4,0.7,57.2,0.0,0.8,2.9,0.0,32.2,4.8
2023-06-21T14:00Z,13,210,0.7,0.3,46.2,0.0,6.5,6.6,0.0,24.4,15.2
2023-06-21T14:00Z,14,208,0.1,0.1,48.8,0.1,7.5,1.9,0.0,26.3,15.1
2023-06-21T14:00Z,15,188,2.5,0.1,44.3,0.1,5.4,11.9,0.0,21.4,14.4
2023-06-21T14:00Z,16,12,1.5,0.0,2.5,1.0,0.0,16.8,0.0,4.5,73.9
2023-06-21T14:00Z,17,280,0.1,0.0,71.1,0.1,0.0,0.7,0.0,15.8,12.2
2023-06-21T14:00Z,18,176,2.3,0.1,41.6,0.2,4.5,11.8,0.0,19.3,20.3
2023-06-21T14:30Z,1,0,0.0,0.0,0.0,4.6,0.0,0.0,0.0,0.0,95.4
2023-06-21T14:30Z,2,13,1.7,0.0,2.8,1.5,0.2,20.1,0.0,4.5,69.2
2023-06-21T14:30Z,3,95,0.7,0.0,23.8,0.2,9.4,40.0,0.0,5.6,20.2
2023-06-21T14:30Z,4,1,0.0,0.0,0.0,0.0,44.7,44.6,0.0,5.5,5.2
2023-06-21T14:30Z,5,229,16.5,0.0,53.0,0.0,6.7,6.4,0.0,5.3,12.1
2023-06-21T14:30Z,6,72,0.7,0.0,18.0,0.5,3.7,20.8,0.0,24.3,32.0
2023-06-21T14:30Z,7,337,0.0,0.0,85.4,0.0,0.0,0.0,0.0,11.0,3.6
2023-06-21T14:30Z,8,211,1.2,0.8,51.4,0.1,3.6,14.5,0.0,16.0,12.4
2023-06-21T14:30Z,9,311,3.5,3.1,70.6,0.0,1.4,1.3,0.0,13.5,6.6
2023-06-21T14:30Z,10,209,0.7,0.6,39.9,0.0,9.9,11.0,0.0,19.4,18.5
2023-06-21T14:30Z,11,142,0.1,0.1,35.7,0.0,0.1,0.2,0.0,61.4,2.3
2023-06-21T14:30Z,12,242,1.4,1.2,58.1,0.0,1.3,2.5,0.0,30.7,4.7
2023-06-21T14:30Z,13,216,0.7,0.5,45.9,0.1,8.0,6.5,0.0,23.0,15.3
2023-06-21T14:30Z,14,213,0.1,0.1,49.4,0.2,8.3,1.6,0.0,24.9,15.3
2023-06-21T14:30Z,15,191,2.5,0.4,43.9,0.1,7.1,11.9,0.0,20.4,13.7
2023-06-21T14:30Z,16,12,1.4,0.0,2.5,2.0,0.0,16.8,0.0,3.7,73.6
2023-06-21T14:30Z,17,301,0.0,0.0,76.4,0.0,0.0,0.2,0.0,15.0,8.3
2023-06-21T14:30Z,18,179,2.2,0.3,41.4,0.3,6.0,11.7,0.0,18.3,19.7
2023-06-21T15:00Z,1,0,0.0,0.0,0.0,8.7,0.0,0.0,0.0,0.0,91.3
2023-06-21T15:00Z,2,13,1.6,0.0,2.8,2.9,0.4,20.0,0.0,3.8,68.5
2023-06-21T15:00Z,3,96,0.7,0.0,24.1,0.4,9.8,40.4,0.0,5.0,19.5
2023-06-21T15:00Z,4,1,0.0,0.0,0.0,0.0,46.1,44.1,0.0,5.2,4.7
2023-06-21T15:00Z,5,233,16.7,0.0,54.0,0.0,6.7,6.0,0.0,5.2,11.5
2023-06-21T15:00Z,6,76,0.7,0.0,19.0,0.9,4.0,21.4,0.0,22.2,31.7
2023-06-21T15:00Z,7,343,0.0,0.0,87.0,0.0,0.0,0.0,0.0,9.5,3.5
2023-06-21T15:00Z,8,223,1.2,1.3,53.2,0.2,3.7,14.0,0.0,14.8,11.7
2023-06-21T15:00Z,9,327,3.6,4.5,71.2,0.0,1.4,1.2,0.0,12.2,5.9
2023-06-21T15:00Z,10,214,0.7,0.8,40.3,0.0,10.2,11.5,0.0,17.7,18.8
2023-06-21T15:00Z,11,170,0.1,0.1,42.9,0.0,0.1,0.1,0.0,54.4,2.3
2023-06-21T15:00Z,12,253,1.4,1.7,59.5,0.1,1.4,2.5,0.0,28.9,4.5
2023-06-21T15:00Z,13,220,0.6,0.7,46.3,0.1,8.3,7.1,0.0,21.2,15.6
2023-06-21T15:00Z,14,216,0.1,0.1,50.2,0.4,8.5,1.9,0.0,23.5,15.3
2023-06-21T15:00Z,15,198,2.6,0.6,45.1,0.2,7.4,12.1,0.0,18.6,13.4
2023-06-21T15:00Z,16,11,1.4,0.0,2.3,3.3,0.0,16.4,0.0,3.1,73.5
2023-06-21T15:00Z,17,313,0.0,0.0,79.6,0.0,0.0,0.1,0.0,13.2,7.1
2023-06-21T15:00Z,18,186,2.3,0.5,42.5,0.5,6.2,11.9,0.0,16.6,19.5
2023-06-21T15:30Z,1,0,0.0,0.0,0.0,8.4,0.0,0.0,0.0,0.0,91.6
2023-06-21T15:30Z,2,13,1.7,0.0,2.8,2.8,1.1,20.4,0.0,3.7,67.3
2023-06-21T15:30Z,3,97,1.1,0.0,24.2,0.4,10.6,40.6,0.0,4.9,18.2
2023-06-21T15:30Z,4,1,0.0,0.0,0.0,0.0,46.9,44.0,0.0,5.0,4.1
2023-06-21T15:30Z,5,236,17.5,0.0,54.4,0.0,6.1,5.6,0.0,5.6,10.8
2023-06-21T15:30Z,6,84,0.9,0.0,21.1,0.9,4.6,21.8,0.0,20.8,30.0
2023-06-21T15:30Z,7,346,0.0,0.0,87.8,0.0,0.0,0.0,0.0,8.6,3.6
2023-06-21T15:30Z,8,236,1.3,1.7,55.6,0.2,3.7,13.8,0.0,13.9,9.9
2023-06-21T15:30Z,9,349,3.1,5.8,74.0,0.0,1.1,1.1,0.0,10.4,4.7
2023-06-21T15:30Z,10,230,0.5,1.1,38.1,0.0,14.7,11.8,0.0,15.6,18.1
2023-06-21T15:30Z,11,211,0.0,0.0,53.5,0.0,0.0,0.0,0.0,44.6,1.9
2023-06-21T15:30Z,12,260,1.2,2.4,59.4,0.0,2.4,2.5,0.0,28.3,3.7
2023-06-21T15:30Z,13,222,0.4,1.0,42.6,0.1,15.1,8.6,0.0,18.0,14.1
2023-06-21T15:30Z,14,203,0.0,0.2,45.6,0.4,20.1,3.2,0.0,18.9,11.6
2023-06-21T15:30Z,15,215,2.6,1.7,45.5,0.2,9.6,12.3,0.0,16.5,11.7
2023-06-21T15:30Z,16,11,1.5,0.0,2.3,3.1,0.0,16.3,0.0,3.0,73.8
2023-06-21T15:30Z,17,321,0.0,0.0,81.4,0.0,0.0,0.0,0.0,12.1,6.5
2023-06-21T15:30Z,18,198,2.3,1.4,42.9,0.5,8.0,12.0,0.0,14.8,18.1
2023-06-21T16:00Z,1,0,0.0,0.0,0.0,13.7,0.0,0.0,0.0,0.0,86.3
2023-06-21T16:00Z,2,14,1.7,0.0,2.9,4.9,1.3,19.8,0.0,3.4,66.0
2023-06-21T16:00Z,3,100,1.1,0.0,24.9,0.7,10.7,40.9,0.0,4.4,17.5
2023-06-21T16:00Z,4,1,0.0,0.0,0.0,0.0,47.4,44.3,0.0,4.5,3.9
2023-06-21T16:00Z,5,240,16.9,0.0,55.7,0.0,6.0,5.5,0.0,5.2,10.7
2023-06-21T16:00Z,6,97,0.9,0.0,24.2,1.5,4.7,21.8,0.0,18.1,28.8
2023-06-21T16:00Z,7,352,0.0,0.0,89.5,0.0,0.0,0.0,0.0,7.1,3.4
2023-06-21T16:00Z,8,251,1.3,2.6,57.2,0.3,3.7,13.9,0.0,11.4,9.6
2023-06-21T16:00Z,9,378,3.3,9.3,72.9,0.0,1.2,1.1,0.0,7.8,4.4
2023-06-21T16:00Z,10,242,0.7,2.2,41.1,0.0,12.5,12.7,0.0,12.7,18.0
2023-06-21T16:00Z,11,242,0.0,0.0,61.3,0.0,0.0,0.0,0.0,37.1,1.6
2023-06-21T16:00Z,12,286,1.4,3.9,62.6,0.1,1.7,2.7,0.0,24.1,3.6
2023-06-21T16:00Z,13,239,0.6,2.2,45.3,0.1,13.4,8.8,0.0,15.5,14.0
2023-06-21T16:00Z,14,212,0.1,0.8,45.5,0.4,20.5,3.7,0.0,16.5,12.6
2023-06-21T16:00Z,15,230,2.5,2.9,47.3,0.3,8.9,12.2,0.0,14.1,11.7
2023-06-21T16:00Z,16,18,1.5,0.0,4.1,6.5,0.0,15.2,0.0,2.9,69.9
2023-06-21T16:00Z,17,336,0.0,0.0,85.3,0.0,0.0,0.0,0.0,9.5,5.2
2023-06-21T16:00Z,18,212,2.3,2.4,44.8,1.0,7.5,11.9,0.0,12.6,17.5
2023-06-21T16:30Z,1,0,0.0,0.0,0.0,23.5,0.0,0.0,0.0,0.0,76.5
2023-06-21T16:30Z,2,13,1.7,0.0,2.8,9.0,1.4,20.2,0.0,3.1,61.8
2023-06-21T16:30Z,3,100,1.1,0.0,25.0,1.3,10.7,41.7,0.0,3.6,16.6
2023-06-21T16:30Z,4,1,0.0,0.0,0.0,0.0,47.8,45.0,0.0,3.6,3.6
2023-06-21T16:30Z,5,245,16.9,0.0,56.9,0.0,5.9,5.1,0.0,4.3,10.9
2023-06-21T16:30Z,6,102,0.9,0.0,25.5,3.0,4.9,23.1,0.0,15.0,27.5
2023-06-21T16:30Z,7,354,0.0,0.0,89.9,0.0,0.0,0.0,0.0,6.7,3.4
2023-06-21T16:30Z,8,258,1.4,3.3,57.2,0.7,4.0,14.0,0.0,9.4,10.0
2023-06-21T16:30Z,9,402,3.4,12.0,72.5,0.0,1.2,1.0,0.0,5.9,4.1
2023-06-21T16:30Z,10,223,1.0,3.5,47.8,0.0,0.3,16.1,0.0,11.0,20.2
2023-06-21T16:30Z,11,256,0.0,0.0,65.0,0.0,0.0,0.0,0.0,33.3,1.7
2023-06-21T16:30Z,12,311,1.5,5.1,66.3,0.1,1.1,2.6,0.0,19.9,3.4
2023-06-21T16:30Z,13,242,0.9,3.2,52.7,0.1,4.9,9.0,0.0,14.0,15.2
2023-06-21T16:30Z,14,222,0.3,1.2,50.8,0.4,15.2,3.0,0.0,14.9,14.2
2023-06-21T16:30Z,15,232,2.7,3.3,50.1,0.7,6.4,12.8,0.0,12.0,12.0
2023-06-21T16:30Z,16,17,1.4,0.0,4.0,13.2,0.0,14.4,0.0,2.6,64.4
2023-06-21T16:30Z,17,342,0.0,0.0,86.8,0.0,0.0,0.0,0.0,8.5,4.7
2023-06-21T16:30Z,18,214,2.4,2.7,46.8,2.1,5.3,12.3,0.0,10.7,17.7
2023-06-21T17:00Z,1,0,0.0,0.0,0.0,26.1,0.0,0.0,0.0,0.0,73.9
2023-06-21T17:00Z,2,13,1.8,0.0,2.8,10.1,1.7,22.2,0.0,2.3,59.2
2023-06-21T17:00Z,3,100,1.1,0.0,25.0,1.3,11.0,43.2,0.0,2.9,15.4
2023-06-21T17:00Z,4,1,0.0,0.0,0.0,0.0,48.2,45.5,0.0,3.0,3.4
2023-06-21T17:00Z,5,247,17.3,0.0,57.3,0.0,6.0,4.8,0.0,3.6,11.0
2023-06-21T17:00Z,6,106,1.0,0.0,26.5,3.2,5.3,24.5,0.0,12.6,26.9
2023-06-21T17:00Z,7,363,0.0,0.0,92.2,0.0,0.0,0.0,0.0,4.8,3.0
2023-06-21T17:00Z,8,276,1.3,3.8,60.6,0.6,3.9,13.6,0.0,7.3,8.9
2023-06-21T17:00Z,9,411,3.6,12.8,72.7,0.0,1.3,0.9,0.0,4.8,3.9
2023-06-21T17:00Z,10,228,1.0,3.6,49.0,0.0,0.4,16.7,0.0,9.7,19.6
2023-06-21T17:00Z,11,274,0.0,0.0,69.5,0.0,0.0,0.0,0.0,28.8,1.7
2023-06-21T17:00Z,12,325,1.6,5.4,69.3,0.1,1.2,2.4,0.0,16.8,3.3
2023-06-21T17:00Z,13,246,1.0,2.9,54.3,0.3,5.5,8.8,0.0,12.2,15.0
2023-06-21T17:00Z,14,220,0.4,1.0,50.6,0.6,17.5,2.6,0.0,12.9,14.5
2023-06-21T17:00Z,15,239,2.7,3.4,51.3,0.8,6.8,13.1,0.0,10.1,11.8
2023-06-21T17:00Z,16,24,1.4,0.0,5.6,15.4,0.0,15.1,0.0,1.9,60.6
2023-06-21T17:00Z,17,351,0.0,0.0,89.1,0.0,0.0,0.0,0.0,6.6,4.3
2023-06-21T17:00Z,18,220,2.4,2.8,48.0,2.4,5.6,12.6,0.0,9.0,17.1
2023-06-21T17:30Z,1,0,0.0,0.0,0.0,31.6,0.0,0.0,0.0,0.0,68.4
2023-06-21T17:30Z,2,14,2.0,0.0,3.0,11.6,3.4,23.4,0.0,1.5,55.2
2023-06-21T17:30Z,3,110,1.8,0.0,27.2,1.2,11.9,42.9,0.0,2.3,12.6
2023-06-21T17:30Z,4,1,0.0,0.0,0.0,0.0,49.1,45.2,0.0,2.5,3.2
2023-06-21T17:30Z,5,261,17.4,0.0,61.0,0.0,4.3,4.3,0.0,2.6,10.4
2023-06-21T17:30Z,6,118,1.3,0.0,29.6,3.4,6.3,25.3,0.0,10.4,23.7
2023-06-21T17:30Z,7,368,0.0,0.0,93.5,0.0,0.0,0.0,0.0,3.6,3.0
2023-06-21T17:30Z,8,296,1.6,4.1,64.8,0.5,3.7,13.1,0.0,5.6,6.6
2023-06-21T17:30Z,9,424,3.0,13.1,75.5,0.0,0.8,0.8,0.0,3.8,3.1
2023-06-21T17:30Z,10,230,0.8,3.6,49.8,0.0,0.2,16.5,0.0,9.2,20.0
2023-06-21T17:30Z,11,290,0.0,0.0,73.6,0.0,0.0,0.0,0.0,24.6,1.8
2023-06-21T17:30Z,12,331,1.3,5.6,69.7,0.2,4.1,2.3,0.0,13.9,2.8
2023-06-21T17:30Z,13,218,0.5,2.8,46.1,0.5,18.7,9.3,0.0,8.7,13.3
2023-06-21T17:30Z,14,171,0.1,0.7,35.8,1.2,43.5,2.6,0.0,6.8,9.3
2023-06-21T17:30Z,15,241,2.8,3.5,51.2,0.9,10.2,13.3,0.0,7.9,10.2
2023-06-21T17:30Z,16,28,1.5,0.0,6.6,18.4,0.0,15.1,0.0,1.3,57.2
2023-06-21T17:30Z,17,356,0.0,0.0,90.5,0.0,0.0,0.0,0.0,5.3,4.3
2023-06-21T17:30Z,18,222,2.4,2.9,48.1,2.9,8.4,12.8,0.0,7.0,15.5
2023-06-21T18:00Z,1,0,0.0,0.0,0.0,35.8,0.0,0.0,0.0,0.0,64.2
2023-06-21T18:00Z,2,17,2.3,0.0,3.5,12.8,5.6,26.5,0.0,1.3,48.0
2023-06-21T18:00Z,3,121,2.1,0.0,29.9,0.8,12.0,44.7,0.0,1.7,8.8
2023-06-21T18:00Z,4,2,0.0,0.0,0.0,0.0,50.4,45.3,0.0,1.9,2.4
2023-06-21T18:00Z,5,271,17.9,0.0,63.2,0.0,3.6,4.1,0.0,1.9,9.2
2023-06-21T18:00Z,6,134,1.5,0.0,33.4,3.3,7.0,27.9,0.0,8.5,18.4
2023-06-21T18:00Z,7,374,0.0,0.0,94.9,0.0,0.0,0.0,0.0,2.4,2.6
2023-06-21T18:00Z,8,317,1.5,4.7,68.8,0.3,3.2,13.0,0.0,3.9,4.6
2023-06-21T18:00Z,9,436,2.8,13.9,76.8,0.0,0.6,0.8,0.0,2.7,2.5
2023-06-21T18:00Z,10,249,0.8,3.8,53.9,0.0,0.2,17.0,0.0,6.8,17.6
2023-06-21T18:00Z,11,311,0.0,0.0,78.9,0.0,0.0,0.0,0.0,19.4,1.7
2023-06-21T18:00Z,12,346,1.3,6.0,72.5,0.2,5.3,2.2,0.0,9.9,2.5
2023-06-21T18:00Z,13,228,0.5,2.4,49.4,0.8,20.0,9.2,0.0,6.0,11.6
2023-06-21T18:00Z,14,183,0.0,0.2,40.1,1.7,43.4,2.3,0.0,4.4,7.8
2023-06-21T18:00Z,15,254,2.9,3.7,54.0,0.8,10.7,13.8,0.0,5.8,8.4
2023-06-21T18:00Z,16,43,1.6,0.0,10.5,19.9,0.0,15.7,0.0,1.1,51.1
2023-06-21T18:00Z,17,364,0.0,0.0,92.4,0.0,0.0,0.0,0.0,3.9,3.7
2023-06-21T18:00Z,18,235,2.5,3.0,51.1,3.0,8.8,13.2,0.0,5.1,13.3
2023-06-21T18:30Z,1,0,0.0,0.0,0.0,41.4,0.0,0.0,0.0,0.0,58.6
2023-06-21T18:30Z,2,18,2.6,0.0,3.8,13.4,7.2,30.6,0.0,1.1,41.2
2023-06-21T18:30Z,3,124,2.1,0.0,30.8,0.4,12.1,46.6,0.0,1.2,6.7
2023-06-21T18:30Z,4,2,0.0,0.0,0.0,0.0,50.4,46.7,0.0,1.2,1.6
2023-06-21T18:30Z,5,273,18.7,0.0,63.7,0.0,3.7,3.7,0.0,1.4,8.8
2023-06-21T18:30Z,6,149,1.6,0.0,37.2,2.8,7.5,29.7,0.0,6.4,14.8
2023-06-21T18:30Z,7,377,0.0,0.0,95.7,0.0,0.0,0.0,0.0,1.8,2.5
2023-06-21T18:30Z,8,326,1.5,4.9,70.6,0.2,3.4,12.8,0.0,2.7,3.9
2023-06-21T18:30Z,9,442,2.8,14.3,77.5,0.0,0.6,0.7,0.0,1.9,2.3
2023-06-21T18:30Z,10,260,0.8,4.0,56.2,0.0,0.2,17.9,0.0,4.4,16.7
2023-06-21T18:30Z,11,330,0.0,0.0,83.9,0.0,0.0,0.0,0.0,14.6,1.5
2023-06-21T18:30Z,12,360,1.3,6.3,75.3,0.3,5.8,2.1,0.0,6.7,2.3
2023-06-21T18:30Z,13,234,0.5,2.5,50.5,1.0,21.5,9.3,0.0,3.8,10.9
2023-06-21T18:30Z,14,186,0.0,0.2,40.6,2.1,45.1,1.7,0.0,2.8,7.4
2023-06-21T18:30Z,15,262,3.0,3.9,55.5,0.6,11.2,14.3,0.0,3.9,7.5
2023-06-21T18:30Z,16,52,1.8,0.0,12.7,22.2,0.0,16.3,0.0,1.0,45.9
2023-06-21T18:30Z,17,369,0.0,0.0,93.6,0.0,0.0,0.0,0.0,2.9,3.4
2023-06-21T18:30Z,18,243,2.7,3.2,52.6,3.2,9.2,13.7,0.0,3.5,11.9
2023-06-21T19:00Z,1,0,0.0,0.0,0.0,40.3,0.0,0.0,0.0,0.0,59.7
2023-06-21T19:00Z,2,21,2.9,0.0,4.3,11.4,9.0,34.6,0.0,0.8,36.9
2023-06-21T19:00Z,3,126,2.1,0.0,31.3,0.2,12.0,48.7,0.0,0.7,4.9
2023-06-21T19:00Z,4,2,0.0,0.0,0.0,0.0,50.8,47.2,0.0,0.7,1.3
2023-06-21T19:00Z,5,273,19.3,0.0,63.4,0.0,3.7,3.4,0.0,0.8,9.4
2023-06-21T19:00Z,6,149,1.7,0.0,37.2,2.2,8.4,33.1,0.0,4.4,12.9
2023-06-21T19:00Z,7,382,0.0,0.0,96.9,0.0,0.0,0.0,0.0,1.1,2.1
2023-06-21T19:00Z,8,336,1.6,4.9,73.2,0.1,3.3,12.2,0.0,1.6,3.2
2023-06-21T19:00Z,9,444,3.0,14.0,78.4,0.0,0.6,0.5,0.0,1.2,2.3
2023-06-21T19:00Z,10,267,0.9,4.2,57.4,0.0,0.2,19.0,0.0,2.4,15.9
2023-06-21T19:00Z,11,355,0.0,0.0,90.1,0.0,0.0,0.0,0.0,8.6,1.3
2023-06-21T19:00Z,12,372,1.4,6.4,78.3,0.2,5.8,1.8,0.0,4.0,2.2
2023-06-21T19:00Z,13,244,0.5,2.6,52.7,0.9,21.9,9.0,0.0,2.2,10.3
2023-06-21T19:00Z,14,194,0.0,0.2,42.6,1.9,45.8,1.1,0.0,1.5,6.9
2023-06-21T19:00Z,15,270,3.1,4.0,57.1,0.4,11.6,14.8,0.0,2.3,6.7
2023-06-21T19:00Z,16,72,1.9,0.0,17.8,19.8,0.0,16.3,0.0,0.7,43.6
2023-06-21T19:00Z,17,376,0.0,0.0,95.3,0.0,0.0,0.0,0.0,1.8,2.9
2023-06-21T19:00Z,18,251,2.7,3.3,54.4,2.8,9.4,14.1,0.0,2.1,11.1
2023-06-21T19:30Z,1,0,0.0,0.0,0.0,37.9,0.0,0.0,0.0,0.0,62.1
2023-06-21T19:30Z,2,26,3.5,0.0,5.5,9.3,11.5,38.2,0.0,0.4,31.5
2023-06-21T19:30Z,3,132,2.5,0.0,32.7,0.0,12.2,48.4,0.0,0.3,4.0
2023-06-21T19:30Z,4,2,0.0,0.0,0.0,0.0,51.0,47.7,0.0,0.3,1.1
2023-06-21T19:30Z,5,277,19.3,0.0,64.4,0.0,3.1,3.3,0.0,0.3,9.5
2023-06-21T19:30Z,6,165,1.9,0.0,41.2,1.6,8.8,34.4,0.0,1.9,10.2
2023-06-21T19:30Z,7,385,0.0,0.0,97.7,0.0,0.0,0.0,0.0,0.5,1.8
2023-06-21T19:30Z,8,345,1.6,4.9,75.4,0.1,3.0,11.7,0.0,0.6,2.7
2023-06-21T19:30Z,9,450,3.0,14.5,78.8,0.0,0.5,0.5,0.0,0.4,2.3
2023-06-21T19:30Z,10,278,1.0,4.4,59.8,0.0,0.2,19.4,0.0,0.9,14.3
2023-06-21T19:30Z,11,377,0.0,0.0,95.6,0.0,0.0,0.0,0.0,3.4,1.1
2023-06-21T19:30Z,12,387,1.5,6.5,81.9,0.2,4.6,1.8,0.0,1.5,2.1
2023-06-21T19:30Z,13,261,0.6,2.8,56.6,0.7,19.3,9.2,0.0,0.8,9.8
2023-06-21T19:30Z,14,211,0.1,0.2,46.8,1.6,42.6,1.0,0.0,0.6,7.1
2023-06-21T19:30Z,15,280,3.1,4.2,59.3,0.3,11.2,15.1,0.0,0.9,5.9
2023-06-21T19:30Z,16,89,2.1,0.0,21.9,18.5,0.0,16.2,0.0,0.3,40.9
2023-06-21T19:30Z,17,381,0.0,0.0,96.6,0.0,0.0,0.0,0.0,0.7,2.6
2023-06-21T19:30Z,18,261,2.8,3.4,56.8,2.6,9.1,14.3,0.0,0.8,10.2
2023-06-21T20:00Z,1,0,0.0,0.0,0.0,32.0,0.0,0.0,0.0,0.0,68.0
2023-06-21T20:00Z,2,27,3.6,0.0,5.6,6.4,11.9,39.5,0.0,0.4,32.5
2023-06-21T20:00Z,3,133,2.5,0.0,32.9,0.0,12.3,48.0,0.0,0.3,4.0
2023-06-21T20:00Z,4,2,0.0,0.0,0.0,0.0,51.0,47.6,0.0,0.3,1.1
2023-06-21T20:00Z,5,278,19.4,0.0,64.5,0.0,3.1,3.2,0.0,0.3,9.6
2023-06-21T20:00Z,6,168,2.0,0.0,42.0,1.0,8.9,33.9,0.0,1.9,10.4
2023-06-21T20:00Z,7,385,0.0,0.0,97.7,0.0,0.0,0.0,0.0,0.5,1.8
2023-06-21T20:00Z,8,345,1.6,4.7,75.9,0.0,3.0,11.4,0.0,0.6,2.7
2023-06-21T20:00Z,9,445,3.0,13.7,79.6,0.0,0.5,0.5,0.0,0.4,2.3
2023-06-21T20:00Z,10,277,1.0,4.1,60.1,0.0,0.2,19.3,0.0,0.9,14.4
2023-06-21T20:00Z,11,377,0.0,0.0,95.6,0.0,0.0,0.0,0.0,3.4,1.1
2023-06-21T20:00Z,12,386,1.5,6.2,82.2,0.1,4.6,1.8,0.0,1.5,2.1
2023-06-21T20:00Z,13,260,0.6,2.6,56.7,0.6,19.3,9.4,0.0,0.8,9.8
2023-06-21T20:00Z,14,212,0.1,0.3,46.9,1.2,42.7,1.2,0.0,0.6,7.1
2023-06-21T20:00Z,15,279,3.1,4.0,59.5,0.2,11.2,15.1,0.0,0.9,6.0
2023-06-21T20:00Z,16,93,2.2,0.0,23.0,15.1,0.0,16.4,0.0,0.4,43.0
2023-06-21T20:00Z,17,381,0.0,0.0,96.6,0.0,0.0,0.0,0.0,0.7,2.6
2023-06-21T20:00Z,18,262,2.8,3.3,57.3,2.0,9.2,14.4,0.0,0.8,10.3
2023-06-21T20:30Z,1,0,0.0,0.0,0.0,29.1,0.0,0.0,0.0,0.0,70.9
2023-06-21T20:30Z,2,25,3.6,0.0,5.2,6.1,11.6,40.2,0.0,0.2,33.2
2023-06-21T20:30Z,3,134,2.5,0.0,33.1,0.0,12.8,48.2,0.0,0.1,3.2
2023-06-21T20:30Z,4,1,0.0,0.0,0.0,0.0,49.7,49.3,0.0,0.1,0.9
2023-06-21T20:30Z,5,279,19.5,0.0,64.8,0.0,3.3,2.9,0.0,0.1,9.3
2023-06-21T20:30Z,6,181,1.9,0.0,45.3,0.9,8.6,32.9,0.0,0.8,9.7
2023-06-21T20:30Z,7,386,0.0,0.0,98.0,0.0,0.0,0.0,0.0,0.2,1.8
2023-06-21T20:30Z,8,346,1.5,4.2,77.3,0.0,3.0,11.3,0.0,0.3,2.4
2023-06-21T20:30Z,9,441,2.8,12.4,81.7,0.0,0.5,0.4,0.0,0.2,2.1
2023-06-21T20:30Z,10,278,0.8,3.8,61.2,0.0,0.2,21.0,0.0,0.3,12.7
2023-06-21T20:30Z,11,384,0.0,0.0,97.6,0.0,0.0,0.0,0.0,1.5,1.0
2023-06-21T20:30Z,12,387,1.3,5.9,83.2,0.1,5.2,1.9,0.0,0.5,1.9
2023-06-21T20:30Z,13,261,0.5,2.5,57.1,0.6,19.5,10.5,0.0,0.2,9.0
2023-06-21T20:30Z,14,214,0.0,0.3,47.5,1.2,42.9,1.5,0.0,0.1,6.5
2023-06-21T20:30Z,15,278,3.2,3.9,59.6,0.1,12.0,15.7,0.0,0.3,5.2
2023-06-21T20:30Z,16,95,2.2,0.0,23.3,14.2,0.0,16.3,0.0,0.2,43.7
2023-06-21T20:30Z,17,382,0.0,0.0,97.0,0.0,0.0,0.0,0.0,0.3,2.7
2023-06-21T20:30Z,18,262,2.9,3.1,57.3,1.9,9.8,14.9,0.0,0.3,9.8
