from,regions.regionid,regions.intensity.forecast,biomass,coal,gas,hydro,imports,nuclear,other,solar,wind
2023-08-31T06:00Z,1,43,0.8,0.0,10.6,44.5,2.0,19.9,0.0,0.2,22.0
2023-08-31T06:00Z,2,20,3.4,0.0,4.0,0.0,8.1,71.8,0.0,0.8,11.9
2023-08-31T06:00Z,3,112,3.2,0.0,27.3,0.0,13.9,50.9,0.0,0.6,4.0
2023-08-31T06:00Z,4,2,0.0,0.0,0.0,0.0,63.6,35.3,0.0,0.5,0.6
2023-08-31T06:00Z,5,292,23.2,0.0,66.9,0.0,1.9,0.3,0.0,0.6,7.0
2023-08-31T06:00Z,6,222,1.3,0.0,56.0,0.0,4.7,22.0,0.0,2.3,13.8
2023-08-31T06:00Z,7,368,0.0,0.0,93.4,0.0,0.0,0.0,0.0,0.3,6.3
2023-08-31T06:00Z,8,278,3.5,0.0,69.6,0.0,4.8,14.1,0.0,1.3,6.7
2023-08-31T06:00Z,9,343,9.6,0.0,84.0,0.0,0.8,0.1,0.0,1.7,3.7
2023-08-31T06:00Z,10,190,3.3,0.0,47.2,0.0,0.3,39.0,0.0,3.8,6.4
2023-08-31T06:00Z,11,339,1.9,0.0,85.3,0.0,2.4,0.5,0.0,3.0,6.8
2023-08-31T06:00Z,12,336,4.7,0.0,83.3,0.1,5.8,1.3,0.0,1.9,3.0
2023-08-31T06:00Z,13,290,3.0,0.0,72.2,0.4,2.5,13.5,0.0,3.2,5.2
2023-08-31T06:00Z,14,347,0.9,0.0,86.8,1.0,3.4,2.0,0.0,2.2,3.6
2023-08-31T06:00Z,15,257,5.6,0.0,63.3,0.3,7.4,16.8,0.0,2.0,4.7
2023-08-31T06:00Z,16,58,2.7,0.0,13.9,15.6,0.0,49.9,0.0,0.6,17.3
2023-08-31T06:00Z,17,339,0.0,0.0,86.0,0.0,0.0,0.0,0.0,0.7,13.3
2023-08-31T06:00Z,18,239,5.0,0.0,59.0,2.0,6.2,19.5,0.0,1.7,6.6
2023-08-31T06:30Z,1,47,1.0,0.0,11.6,36.3,3.4,23.9,0.0,0.5,23.4
2023-08-31T06:30Z,2,22,3.2,0.0,4.6,0.0,10.9,67.0,0.0,1.5,12.7
2023-08-31T06:30Z,3,129,4.6,0.0,31.3,0.0,12.5,46.0,0.0,1.1,4.4
2023-08-31T06:30Z,4,8,0.5,0.0,1.3,0.0,63.2,33.4,0.0,1.0,0.7
2023-08-31T06:30Z,5,298,23.8,0.0,68.5,0.0,0.0,0.0,0.0,1.1,6.6
2023-08-31T06:30Z,6,214,1.5,0.0,53.9,0.0,4.3,19.8,0.0,4.5,15.9
2023-08-31T06:30Z,7,361,0.0,0.0,91.7,0.0,0.0,0.0,0.0,0.5,7.8
2023-08-31T06:30Z,8,298,4.1,0.0,74.1,0.0,4.3,9.6,0.0,2.7,5.4
2023-08-31T06:30Z,9,348,7.5,0.0,86.0,0.0,0.0,0.0,0.0,3.5,2.9
2023-08-31T06:30Z,10,216,1.0,0.0,33.4,0.1,18.9,34.7,0.0,6.7,5.2
2023-08-31T06:30Z,11,317,0.7,0.0,78.8,0.1,9.9,0.0,0.0,5.0,5.5
2023-08-31T06:30Z,12,286,1.7,0.0,68.0,0.2,26.0,0.0,0.0,3.2,1.0
2023-08-31T06:30Z,13,256,0.5,0.0,52.0,0.5,27.8,11.8,0.0,4.1,3.3
2023-08-31T06:30Z,14,273,0.0,0.0,61.7,0.8,33.3,0.0,0.0,2.2,2.0
2023-08-31T06:30Z,15,246,5.1,0.0,55.6,0.1,16.4,15.6,0.0,3.3,3.9
2023-08-31T06:30Z,16,73,2.8,0.0,17.4,12.4,0.7,46.7,0.0,1.4,18.5
2023-08-31T06:30Z,17,330,0.0,0.0,83.8,0.0,0.0,0.0,0.0,1.3,14.8
2023-08-31T06:30Z,18,231,4.5,0.0,52.9,1.5,13.6,18.3,0.0,3.0,6.2
2023-08-31T07:00Z,1,49,1.3,0.0,12.0,33.0,3.6,26.1,0.0,0.9,23.2
2023-08-31T07:00Z,2,25,3.7,0.0,5.1,0.0,10.5,65.6,0.0,2.5,12.6
2023-08-31T07:00Z,3,130,4.9,0.0,31.5,0.0,11.6,44.6,0.0,1.8,5.7
2023-08-31T07:00Z,4,15,1.1,0.0,3.0,0.0,62.0,31.3,0.0,1.8,0.8
2023-08-31T07:00Z,5,299,24.7,0.0,68.5,0.0,0.0,0.0,0.0,1.6,5.1
2023-08-31T07:00Z,6,196,1.7,0.0,49.2,0.0,4.1,20.8,0.0,6.9,17.3
2023-08-31T07:00Z,7,360,0.0,0.0,91.3,0.0,0.0,0.0,0.0,0.7,8.1
2023-08-31T07:00Z,8,293,4.3,0.0,72.6,0.0,4.9,8.5,0.0,4.0,5.8
2023-08-31T07:00Z,9,338,8.6,0.0,83.2,0.0,0.0,0.0,0.0,5.6,2.6
2023-08-31T07:00Z,10,214,0.7,0.0,29.6,0.1,22.0,33.8,0.0,9.6,4.3
2023-08-31T07:00Z,11,309,0.6,0.0,76.7,0.1,9.8,0.0,0.0,7.5,5.3
2023-08-31T07:00Z,12,276,1.7,0.0,65.1,0.2,27.7,0.0,0.0,4.4,0.9
2023-08-31T07:00Z,13,254,0.3,0.0,50.3,0.5,28.5,12.0,0.0,5.5,2.8
2023-08-31T07:00Z,14,274,0.0,0.0,62.1,0.8,32.5,0.0,0.0,2.9,1.8
2023-08-31T07:00Z,15,244,5.4,0.0,54.5,0.1,16.6,14.9,0.0,4.8,3.7
2023-08-31T07:00Z,16,72,2.9,0.0,17.1,11.5,0.8,46.9,0.0,2.2,18.6
2023-08-31T07:00Z,17,320,0.0,0.0,81.1,0.0,0.0,0.0,0.0,2.1,16.8
2023-08-31T07:00Z,18,229,4.8,0.0,51.8,1.4,13.9,17.7,0.0,4.4,6.1
2023-08-31T07:30Z,1,13,1.7,0.0,2.7,31.3,5.3,30.5,0.0,1.9,26.6
2023-08-31T07:30Z,2,26,3.5,0.0,5.4,0.0,10.7,64.9,0.0,3.8,11.7
2023-08-31T07:30Z,3,127,5.1,0.0,30.6,0.0,11.2,43.5,0.0,2.5,7.0
2023-08-31T07:30Z,4,17,1.3,0.0,3.5,0.0,60.4,31.3,0.0,2.9,0.7
2023-08-31T07:30Z,5,297,25.8,0.0,67.5,0.0,0.0,0.0,0.0,2.5,4.2
2023-08-31T07:30Z,6,156,2.3,0.0,38.9,0.0,5.2,20.3,0.0,11.3,21.9
2023-08-31T07:30Z,7,355,0.0,0.0,90.0,0.0,0.0,0.0,0.0,1.1,8.9
2023-08-31T07:30Z,8,289,3.8,0.0,71.4,0.0,6.5,8.1,0.0,5.4,4.8
2023-08-31T07:30Z,9,334,7.5,0.0,82.5,0.0,0.0,0.0,0.0,8.1,1.9
2023-08-31T07:30Z,10,211,0.3,0.0,26.3,0.0,25.1,32.4,0.0,12.4,3.4
2023-08-31T07:30Z,11,290,0.4,0.0,71.4,0.0,12.7,0.0,0.0,10.3,5.2
2023-08-31T07:30Z,12,246,1.1,0.0,56.5,0.1,36.6,0.0,0.0,5.2,0.6
2023-08-31T07:30Z,13,236,0.2,0.0,44.4,0.4,35.6,10.8,0.0,6.5,2.1
2023-08-31T07:30Z,14,248,0.0,0.0,53.3,0.6,41.3,0.0,0.0,3.3,1.5
2023-08-31T07:30Z,15,231,5.2,0.0,50.3,0.1,19.9,14.5,0.0,6.6,3.4
2023-08-31T07:30Z,16,70,2.9,0.0,16.5,9.8,1.3,47.5,0.0,3.5,18.5
2023-08-31T07:30Z,17,315,0.0,0.0,79.8,0.0,0.0,0.0,0.0,2.8,17.3
2023-08-31T07:30Z,18,219,4.7,0.0,48.4,1.1,16.7,17.2,0.0,6.0,5.9
2023-08-31T08:00Z,1,36,1.5,0.0,8.5,30.5,4.9,28.1,0.0,2.3,24.1
2023-08-31T08:00Z,2,27,3.3,0.0,5.7,0.0,10.4,64.3,0.0,5.0,11.3
2023-08-31T08:00Z,3,128,4.5,0.0,31.1,0.0,10.1,42.3,0.0,2.9,9.2
2023-08-31T08:00Z,4,11,0.8,0.0,2.0,0.0,61.4,31.6,0.0,3.6,0.6
2023-08-31T08:00Z,5,296,26.4,0.0,67.1,0.0,0.0,0.2,0.0,3.1,3.2
2023-08-31T08:00Z,6,172,1.9,0.0,43.1,0.0,4.4,16.7,0.0,12.6,21.3
2023-08-31T08:00Z,7,355,0.0,0.0,90.1,0.0,0.0,0.0,0.0,1.3,8.6
2023-08-31T08:00Z,8,275,3.7,0.0,68.1,0.0,5.9,10.6,0.0,6.8,4.9
2023-08-31T08:00Z,9,329,7.2,0.0,81.3,0.0,0.0,0.1,0.0,10.0,1.5
2023-08-31T08:00Z,10,211,0.4,0.0,26.8,0.0,24.8,30.9,0.0,14.4,2.6
2023-08-31T08:00Z,11,271,0.4,0.0,66.2,0.0,15.3,0.0,0.0,12.8,5.2
2023-08-31T08:00Z,12,240,1.1,0.0,54.5,0.1,37.7,0.0,0.0,6.1,0.5
2023-08-31T08:00Z,13,231,0.2,0.0,43.9,0.3,36.4,10.5,0.0,7.1,1.7
2023-08-31T08:00Z,14,244,0.0,0.0,52.1,0.5,42.2,0.0,0.0,4.0,1.3
2023-08-31T08:00Z,15,228,5.2,0.0,49.4,0.1,19.7,14.4,0.0,7.8,3.3
2023-08-31T08:00Z,16,70,3.0,0.0,16.3,9.5,1.4,47.6,0.0,4.7,17.5
2023-08-31T08:00Z,17,310,0.0,0.0,78.6,0.0,0.0,0.0,0.0,3.6,17.8
2023-08-31T08:00Z,18,216,4.7,0.0,47.7,1.1,16.6,17.1,0.0,7.2,5.7
2023-08-31T08:30Z,1,38,1.5,0.0,9.2,29.3,4.6,27.4,0.0,2.8,25.2
2023-08-31T08:30Z,2,25,3.2,0.0,5.3,0.0,9.9,63.2,0.0,6.1,12.2
2023-08-31T08:30Z,3,126,3.4,0.0,31.0,0.0,9.6,41.4,0.0,3.1,11.6
2023-08-31T08:30Z,4,2,0.0,0.0,0.0,0.0,62.6,32.5,0.0,4.4,0.5
2023-08-31T08:30Z,5,292,26.8,0.0,65.9,0.0,0.5,0.4,0.0,3.7,2.8
2023-08-31T08:30Z,6,188,1.1,0.0,47.3,0.0,3.2,14.5,0.0,12.8,21.1
2023-08-31T08:30Z,7,351,0.0,0.0,89.2,0.0,0.0,0.0,0.0,1.8,9.0
2023-08-31T08:30Z,8,262,3.7,0.0,65.3,0.0,3.8,11.5,0.0,8.4,7.3
2023-08-31T08:30Z,9,323,7.7,0.0,79.6,0.0,0.1,0.1,0.0,11.2,1.4
2023-08-31T08:30Z,10,210,0.7,0.0,28.3,0.0,22.2,30.2,0.0,16.2,2.3
2023-08-31T08:30Z,11,254,0.7,0.0,61.9,0.0,14.7,0.0,0.0,16.8,5.8
2023-08-31T08:30Z,12,251,1.6,0.0,58.1,0.1,32.1,0.0,0.0,7.5,0.6
2023-08-31T08:30Z,13,245,0.4,0.0,47.5,0.2,30.8,10.1,0.0,9.3,1.7
2023-08-31T08:30Z,14,262,0.0,0.0,57.9,0.4,35.5,0.0,0.0,5.0,1.3
2023-08-31T08:30Z,15,229,5.2,0.0,50.1,0.1,17.7,14.2,0.0,9.1,3.7
2023-08-31T08:30Z,16,64,3.1,0.0,14.9,8.9,1.0,47.7,0.0,5.8,18.7
2023-08-31T08:30Z,17,302,0.0,0.0,76.6,0.0,0.0,0.0,0.0,4.5,18.9
2023-08-31T08:30Z,18,216,4.7,0.0,48.0,1.0,14.8,16.9,0.0,8.5,6.2
2023-08-31T09:00Z,1,42,1.4,0.0,10.1,27.9,4.3,26.4,0.0,3.3,26.7
2023-08-31T09:00Z,2,25,3.2,0.0,5.2,0.0,9.7,61.1,0.0,7.4,13.4
2023-08-31T09:00Z,3,120,3.2,0.0,29.3,0.0,9.1,41.1,0.0,3.5,13.8
2023-08-31T09:00Z,4,2,0.0,0.0,0.0,0.0,62.0,31.9,0.0,5.4,0.7
2023-08-31T09:00Z,5,287,27.7,0.0,64.4,0.0,0.7,0.4,0.0,4.3,2.6
2023-08-31T09:00Z,6,178,1.0,0.0,44.7,0.0,2.9,14.4,0.0,14.7,22.3
2023-08-31T09:00Z,7,348,0.0,0.0,88.2,0.0,0.0,0.0,0.0,2.8,9.0
2023-08-31T09:00Z,8,252,3.6,0.0,62.5,0.0,4.0,11.2,0.0,10.5,8.1
2023-08-31T09:00Z,9,316,7.4,0.0,78.0,0.0,0.2,0.1,0.0,12.9,1.4
2023-08-31T09:00Z,10,204,0.7,0.0,27.4,0.0,21.7,29.7,0.0,18.3,2.2
2023-08-31T09:00Z,11,252,0.6,0.0,61.7,0.0,12.8,0.0,0.0,19.2,5.6
2023-08-31T09:00Z,12,246,1.5,0.0,56.9,0.1,32.4,0.0,0.0,8.5,0.6
2023-08-31T09:00Z,13,243,0.3,0.0,47.2,0.2,30.7,9.3,0.0,10.5,1.8
2023-08-31T09:00Z,14,261,0.0,0.0,57.4,0.4,35.3,0.0,0.0,5.5,1.5
2023-08-31T09:00Z,15,223,5.1,0.0,48.7,0.1,17.4,14.0,0.0,10.5,4.1
2023-08-31T09:00Z,16,59,3.1,0.0,13.8,8.3,0.7,47.2,0.0,6.9,19.9
2023-08-31T09:00Z,17,294,0.0,0.0,74.7,0.0,0.0,0.1,0.0,5.8,19.4
2023-08-31T09:00Z,18,210,4.6,0.0,46.7,0.9,14.6,16.7,0.0,9.9,6.7
2023-08-31T09:30Z,1,43,1.3,0.0,10.6,26.2,4.0,25.9,0.0,3.4,28.6
2023-08-31T09:30Z,2,23,3.1,0.0,4.8,0.0,9.4,60.3,0.0,7.9,14.4
2023-08-31T09:30Z,3,113,3.1,0.0,27.8,0.0,9.1,40.9,0.0,4.3,14.8
2023-08-31T09:30Z,4,2,0.0,0.0,0.0,0.0,61.4,31.5,0.0,6.4,0.8
2023-08-31T09:30Z,5,282,28.4,0.0,62.9,0.0,0.9,0.4,0.0,5.2,2.2
2023-08-31T09:30Z,6,173,0.9,0.0,43.7,0.0,2.7,14.4,0.0,16.4,21.9
2023-08-31T09:30Z,7,342,0.0,0.0,86.9,0.0,0.0,0.0,0.0,3.6,9.6
2023-08-31T09:30Z,8,237,3.5,0.0,58.7,0.0,5.5,11.0,0.0,13.4,7.9
2023-08-31T09:30Z,9,306,7.3,0.0,75.5,0.0,0.2,0.1,0.0,15.6,1.3
2023-08-31T09:30Z,10,200,0.5,0.0,25.3,0.0,23.1,28.9,0.0,20.2,1.9
2023-08-31T09:30Z,11,238,0.4,0.0,58.3,0.0,13.0,0.0,0.0,22.5,5.8
2023-08-31T09:30Z,12,224,1.2,0.0,50.7,0.1,38.0,0.0,0.0,9.6,0.5
2023-08-31T09:30Z,13,231,0.2,0.0,44.0,0.2,34.9,8.5,0.0,10.7,1.5
2023-08-31T09:30Z,14,244,0.0,0.0,52.4,0.4,40.2,0.0,0.0,5.7,1.3
2023-08-31T09:30Z,15,214,5.1,0.0,45.9,0.1,18.9,13.9,0.0,12.2,4.0
2023-08-31T09:30Z,16,55,3.0,0.0,12.8,7.8,1.0,47.0,0.0,7.4,21.1
2023-08-31T09:30Z,17,285,0.0,0.0,72.3,0.0,0.0,0.2,0.0,7.2,20.3
2023-08-31T09:30Z,18,201,4.6,0.0,44.0,0.9,15.8,16.5,0.0,11.4,6.8
2023-08-31T10:00Z,1,41,1.3,0.0,9.9,24.5,4.0,26.7,0.0,3.9,29.8
2023-08-31T10:00Z,2,23,3.0,0.0,4.8,0.0,9.3,59.0,0.0,9.0,14.9
2023-08-31T10:00Z,3,113,3.1,0.0,27.6,0.0,9.0,40.3,0.0,4.8,15.2
2023-08-31T10:00Z,4,2,0.0,0.0,0.0,0.0,60.6,31.2,0.0,7.3,0.9
2023-08-31T10:00Z,5,283,27.7,0.0,63.3,0.0,0.9,0.4,0.0,5.7,2.0
2023-08-31T10:00Z,6,151,1.1,0.0,38.0,0.0,3.2,15.3,0.0,19.3,23.2
2023-08-31T10:00Z,7,342,0.0,0.0,86.8,0.0,0.0,0.0,0.0,4.3,8.9
2023-08-31T10:00Z,8,233,3.5,0.0,57.6,0.0,5.7,10.8,0.0,15.0,7.3
2023-08-31T10:00Z,9,302,7.0,0.0,74.6,0.0,0.2,0.1,0.0,16.8,1.3
2023-08-31T10:00Z,10,195,0.6,0.0,24.6,0.0,22.8,28.5,0.0,21.5,1.9
2023-08-31T10:00Z,11,243,0.3,0.0,60.0,0.0,9.2,0.0,0.0,25.0,5.4
2023-08-31T10:00Z,12,220,1.1,0.0,49.6,0.1,37.8,0.0,0.0,10.9,0.5
2023-08-31T10:00Z,13,225,0.3,0.0,42.3,0.2,36.2,8.0,0.0,11.4,1.6
2023-08-31T10:00Z,14,236,0.0,0.0,49.9,0.3,42.3,0.0,0.0,6.1,1.4
2023-08-31T10:00Z,15,209,5.0,0.0,44.9,0.0,18.8,13.8,0.0,13.4,4.0
2023-08-31T10:00Z,16,61,3.0,0.0,14.1,6.8,1.6,44.9,0.0,8.8,20.8
2023-08-31T10:00Z,17,279,0.0,0.0,70.9,0.0,0.0,0.3,0.0,8.8,20.0
2023-08-31T10:00Z,18,198,4.5,0.0,43.1,0.8,15.7,16.4,0.0,12.6,6.9
2023-08-31T10:30Z,1,37,1.5,0.0,8.8,22.1,4.5,28.3,0.0,4.7,30.0
2023-08-31T10:30Z,2,22,3.1,0.0,4.5,0.0,9.2,59.0,0.0,9.7,14.5
2023-08-31T10:30Z,3,113,3.3,0.0,27.7,0.0,9.2,39.8,0.0,5.2,14.9
2023-08-31T10:30Z,4,2,0.0,0.0,0.0,0.0,60.0,31.0,0.0,7.9,1.1
2023-08-31T10:30Z,5,282,28.0,0.0,63.1,0.0,0.7,0.4,0.0,6.1,1.7
2023-08-31T10:30Z,6,151,1.2,0.0,37.9,0.0,3.3,15.8,0.0,19.9,21.9
2023-08-31T10:30Z,7,344,0.0,0.0,87.2,0.0,0.0,0.0,0.0,4.7,8.1
2023-08-31T10:30Z,8,229,3.5,0.0,56.4,0.0,6.9,10.4,0.0,16.3,6.5
2023-08-31T10:30Z,9,300,6.7,0.0,74.0,0.0,0.2,0.1,0.0,17.8,1.2
2023-08-31T10:30Z,10,191,0.4,0.0,23.2,0.0,24.0,28.4,0.0,22.1,1.9
2023-08-31T10:30Z,11,208,0.3,0.0,50.9,0.0,11.4,0.0,0.0,31.9,5.4
2023-08-31T10:30Z,12,216,0.9,0.0,48.4,0.1,38.8,0.0,0.0,11.3,0.5
2023-08-31T10:30Z,13,213,0.1,0.0,39.4,0.2,40.5,8.0,0.0,10.3,1.5
2023-08-31T10:30Z,14,222,0.0,0.0,45.5,0.3,47.3,0.0,0.0,5.6,1.3
2023-08-31T10:30Z,15,204,4.9,0.0,43.5,0.0,19.8,13.7,0.0,14.2,3.9
2023-08-31T10:30Z,16,64,3.2,0.0,14.5,5.9,2.1,44.6,0.0,9.7,20.0
2023-08-31T10:30Z,17,281,0.2,0.0,71.1,0.0,0.6,0.4,0.0,9.4,18.3
2023-08-31T10:30Z,18,194,4.5,0.0,42.0,0.7,16.7,16.3,0.0,13.4,6.5
2023-08-31T11:00Z,1,38,1.6,0.0,9.0,19.3,4.6,28.8,0.0,4.7,32.0
2023-08-31T11:00Z,2,22,3.2,0.0,4.6,0.0,9.2,58.2,0.0,9.5,15.2
2023-08-31T11:00Z,3,113,3.2,0.0,27.7,0.0,9.3,40.1,0.0,4.8,14.8
2023-08-31T11:00Z,4,2,0.0,0.0,0.0,0.0,59.9,31.2,0.0,7.7,1.3
2023-08-31T11:00Z,5,283,27.6,0.0,63.5,0.0,0.8,0.6,0.0,5.8,1.7
2023-08-31T11:00Z,6,154,1.1,0.0,38.8,0.0,3.2,16.4,0.0,17.8,22.6
2023-08-31T11:00Z,7,349,0.0,0.0,88.5,0.0,0.0,0.0,0.0,4.5,7.0
2023-08-31T11:00Z,8,233,3.5,0.0,57.5,0.0,6.5,10.4,0.0,15.6,6.6
2023-08-31T11:00Z,9,300,6.9,0.0,74.2,0.0,0.2,0.1,0.0,17.5,1.2
2023-08-31T11:00Z,10,191,0.4,0.0,23.1,0.0,24.0,28.5,0.0,22.0,2.0
2023-08-31T11:00Z,11,187,0.3,0.0,45.5,0.0,12.2,0.0,0.0,36.8,5.1
2023-08-31T11:00Z,12,213,1.0,0.0,47.5,0.0,39.1,0.0,0.0,11.8,0.5
2023-08-31T11:00Z,13,213,0.1,0.0,39.2,0.1,40.4,8.2,0.0,10.4,1.5
2023-08-31T11:00Z,14,222,0.0,0.0,45.5,0.2,47.2,0.0,0.0,5.8,1.4
2023-08-31T11:00Z,15,204,4.9,0.0,43.4,0.0,19.8,13.6,0.0,14.4,3.9
2023-08-31T11:00Z,16,62,3.3,0.0,14.0,5.0,2.1,45.2,0.0,9.5,21.0
2023-08-31T11:00Z,17,285,0.2,0.0,71.9,0.0,0.7,0.4,0.0,8.6,18.3
2023-08-31T11:00Z,18,194,4.4,0.0,42.0,0.6,16.7,16.2,0.0,13.5,6.6
2023-08-31T11:30Z,1,38,1.5,0.0,9.1,20.2,4.5,27.7,0.0,4.5,32.6
2023-08-31T11:30Z,2,22,2.9,0.0,4.6,0.0,8.9,58.7,0.0,9.0,15.8
2023-08-31T11:30Z,3,117,3.3,0.0,28.7,0.0,9.5,39.5,0.0,4.4,14.6
2023-08-31T11:30Z,4,2,0.0,0.0,0.0,0.0,59.9,31.3,0.0,7.3,1.5
2023-08-31T11:30Z,5,280,28.6,0.0,62.5,0.0,1.0,0.7,0.0,5.5,1.7
2023-08-31T11:30Z,6,148,1.3,0.0,37.1,0.0,3.7,17.5,0.0,16.0,24.5
2023-08-31T11:30Z,7,355,0.0,0.0,90.2,0.0,0.0,0.0,0.0,4.0,5.8
2023-08-31T11:30Z,8,242,3.4,0.0,59.6,0.0,6.7,10.4,0.0,14.2,5.7
2023-08-31T11:30Z,9,304,6.5,0.0,75.2,0.0,0.2,0.2,0.0,16.7,1.2
2023-08-31T11:30Z,10,190,0.2,0.0,23.7,0.0,23.4,29.3,0.0,21.3,2.1
2023-08-31T11:30Z,11,173,0.3,0.0,41.9,0.0,11.5,0.0,0.0,41.3,5.0
2023-08-31T11:30Z,12,215,0.9,0.0,48.0,0.0,38.4,0.0,0.0,12.1,0.5
2023-08-31T11:30Z,13,214,0.1,0.0,39.6,0.1,40.2,8.4,0.0,10.1,1.6
2023-08-31T11:30Z,14,225,0.0,0.0,45.9,0.2,47.0,0.0,0.0,5.5,1.3
2023-08-31T11:30Z,15,205,4.9,0.0,43.8,0.0,19.7,13.6,0.0,14.1,3.9
2023-08-31T11:30Z,16,58,3.2,0.0,13.2,5.3,1.8,46.0,0.0,8.8,21.7
2023-08-31T11:30Z,17,291,0.1,0.0,73.7,0.0,0.5,0.3,0.0,7.3,18.2
2023-08-31T11:30Z,18,195,4.4,0.0,42.4,0.6,16.6,16.2,0.0,13.1,6.7
2023-08-31T12:00Z,1,36,1.4,0.0,8.8,23.3,3.9,25.4,0.0,3.8,33.3
2023-08-31T12:00Z,2,22,3.2,0.0,4.4,0.0,8.6,58.4,0.0,8.4,17.0
2023-08-31T12:00Z,3,117,3.1,0.0,28.7,0.0,9.6,39.5,0.0,4.2,14.9
2023-08-31T12:00Z,4,2,0.0,0.0,0.0,0.0,59.8,31.4,0.0,7.0,1.8
2023-08-31T12:00Z,5,279,29.0,0.0,62.0,0.0,1.5,0.8,0.0,4.7,2.0
2023-08-31T12:00Z,6,136,1.3,0.0,34.1,0.0,3.9,18.9,0.0,14.4,27.3
2023-08-31T12:00Z,7,358,0.0,0.0,90.9,0.0,0.0,0.0,0.0,3.7,5.5
2023-08-31T12:00Z,8,245,3.2,0.0,60.3,0.0,7.0,10.7,0.0,12.9,5.8
2023-08-31T12:00Z,9,310,6.5,0.0,76.8,0.0,0.3,0.2,0.0,14.9,1.3
2023-08-31T12:00Z,10,195,0.3,0.0,24.5,0.0,23.9,29.5,0.0,19.5,2.3
2023-08-31T12:00Z,11,187,0.2,0.0,46.0,0.0,8.8,0.0,0.0,40.1,5.0
2023-08-31T12:00Z,12,215,0.8,0.0,48.3,0.0,38.0,0.0,0.0,12.4,0.5
2023-08-31T12:00Z,13,215,0.1,0.0,40.2,0.1,40.1,8.9,0.0,8.9,1.7
2023-08-31T12:00Z,14,226,0.0,0.0,46.4,0.2,47.0,0.0,0.0,5.0,1.4
2023-08-31T12:00Z,15,207,4.9,0.0,44.3,0.0,19.8,13.7,0.0,13.1,4.1
2023-08-31T12:00Z,16,54,3.4,0.0,12.2,6.3,1.7,45.6,0.0,8.0,22.9
2023-08-31T12:00Z,17,294,0.1,0.0,74.3,0.0,0.5,0.1,0.0,6.3,18.6
2023-08-31T12:00Z,18,196,4.5,0.0,42.7,0.7,16.6,16.3,0.0,12.1,7.0
2023-08-31T12:30Z,1,37,1.4,0.0,9.0,22.1,3.6,25.0,0.0,3.6,35.3
2023-08-31T12:30Z,2,20,3.2,0.0,4.2,0.0,8.2,58.0,0.0,8.0,18.5
2023-08-31T12:30Z,3,121,3.1,0.0,29.6,0.0,10.0,39.3,0.0,4.2,13.8
2023-08-31T12:30Z,4,2,0.0,0.0,0.0,0.0,59.7,31.5,0.0,6.7,2.1
2023-08-31T12:30Z,5,283,28.3,0.0,63.3,0.0,1.5,0.9,0.0,4.0,2.1
2023-08-31T12:30Z,6,129,1.4,0.0,32.2,0.0,4.4,19.3,0.0,13.2,29.5
2023-08-31T12:30Z,7,361,0.0,0.0,91.7,0.0,0.0,0.0,0.0,3.3,5.0
2023-08-31T12:30Z,8,247,3.6,0.0,61.1,0.0,6.3,11.5,0.0,11.6,5.9
2023-08-31T12:30Z,9,315,7.3,0.0,77.6,0.0,0.4,0.2,0.0,13.1,1.4
2023-08-31T12:30Z,10,203,0.4,0.0,26.4,0.0,23.4,30.0,0.0,17.4,2.4
2023-08-31T12:30Z,11,197,0.2,0.0,48.9,0.0,6.7,0.0,0.0,39.3,4.9
2023-08-31T12:30Z,12,222,1.0,0.0,50.6,0.0,34.4,0.0,0.0,13.3,0.6
2023-08-31T12:30Z,13,222,0.1,0.0,42.1,0.1,36.6,10.3,0.0,8.8,2.0
2023-08-31T12:30Z,14,236,0.0,0.0,49.8,0.2,43.4,0.0,0.0,4.8,1.8
2023-08-31T12:30Z,15,213,5.0,0.0,45.9,0.0,18.8,13.8,0.0,12.3,4.2
2023-08-31T12:30Z,16,52,3.2,0.0,11.8,5.9,1.1,45.7,0.0,7.4,24.9
2023-08-31T12:30Z,17,297,0.0,0.0,75.4,0.0,0.0,0.0,0.0,5.6,19.1
2023-08-31T12:30Z,18,200,4.5,0.0,44.0,0.7,15.7,16.4,0.0,11.4,7.3
2023-08-31T13:00Z,1,34,1.3,0.0,8.1,22.4,3.4,23.8,0.0,3.2,37.7
2023-08-31T13:00Z,2,20,2.9,0.0,4.1,0.0,7.9,58.3,0.0,7.3,19.5
2023-08-31T13:00Z,3,120,3.0,0.0,29.6,0.0,9.9,39.1,0.0,3.8,14.6
2023-08-31T13:00Z,4,2,0.0,0.0,0.0,0.0,59.8,31.4,0.0,6.5,2.4
2023-08-31T13:00Z,5,279,28.7,0.0,62.1,0.0,1.7,0.9,0.0,4.1,2.4
2023-08-31T13:00Z,6,130,1.3,0.0,32.6,0.0,4.3,19.3,0.0,11.1,31.4
2023-08-31T13:00Z,7,364,0.0,0.0,92.4,0.0,0.0,0.0,0.0,2.8,4.8
2023-08-31T13:00Z,8,250,3.5,0.0,61.8,0.0,5.8,12.3,0.0,9.9,6.6
2023-08-31T13:00Z,9,319,7.6,0.0,78.7,0.0,0.5,0.3,0.0,11.4,1.6
2023-08-31T13:00Z,10,210,0.5,0.0,28.1,0.0,23.3,30.2,0.0,15.0,2.8
2023-08-31T13:00Z,11,205,0.2,0.0,51.1,0.0,5.1,0.0,0.0,39.0,4.7
2023-08-31T13:00Z,12,229,1.1,0.0,52.3,0.0,33.8,0.1,0.0,12.1,0.7
2023-08-31T13:00Z,13,227,0.2,0.0,43.3,0.1,35.6,10.6,0.0,8.0,2.2
2023-08-31T13:00Z,14,240,0.0,0.0,50.9,0.2,42.7,0.0,0.0,4.3,2.0
2023-08-31T13:00Z,15,217,5.0,0.0,46.9,0.0,18.7,13.8,0.0,11.1,4.5
2023-08-31T13:00Z,16,51,2.9,0.0,11.6,6.0,1.0,45.7,0.0,6.6,26.2
2023-08-31T13:00Z,17,296,0.0,0.0,75.1,0.0,0.0,0.0,0.0,5.2,19.6
2023-08-31T13:00Z,18,203,4.5,0.0,44.8,0.7,15.6,16.4,0.0,10.3,7.8
2023-08-31T13:30Z,1,34,1.2,0.0,8.1,28.0,2.9,21.4,0.0,2.5,35.8
2023-08-31T13:30Z,2,20,3.1,0.0,4.1,0.0,7.7,58.5,0.0,6.8,19.8
2023-08-31T13:30Z,3,125,2.7,0.0,30.8,0.0,9.8,39.0,0.0,3.4,14.4
2023-08-31T13:30Z,4,2,0.0,0.0,0.0,0.0,59.7,31.5,0.0,6.1,2.7
2023-08-31T13:30Z,5,282,27.3,0.0,63.4,0.0,1.8,0.9,0.0,4.1,2.5
2023-08-31T13:30Z,6,134,1.3,0.0,33.5,0.0,4.3,19.1,0.0,9.9,31.8
2023-08-31T13:30Z,7,365,0.0,0.0,92.7,0.0,0.0,0.0,0.0,2.8,4.5
2023-08-31T13:30Z,8,254,3.6,0.0,63.3,0.0,4.1,12.9,0.0,8.3,7.9
2023-08-31T13:30Z,9,324,8.3,0.0,79.7,0.0,0.6,0.3,0.0,9.6,1.6
2023-08-31T13:30Z,10,211,0.9,0.0,33.0,0.0,18.7,30.7,0.0,13.5,3.2
2023-08-31T13:30Z,11,212,0.3,0.0,52.9,0.0,4.6,0.0,0.0,37.7,4.5
2023-08-31T13:30Z,12,247,1.7,0.0,57.5,0.0,28.9,0.1,0.0,11.0,0.8
2023-08-31T13:30Z,13,239,0.4,0.0,47.8,0.1,30.4,10.8,0.0,8.0,2.5
2023-08-31T13:30Z,14,255,0.0,0.0,55.7,0.2,37.5,0.0,0.0,4.3,2.2
2023-08-31T13:30Z,15,223,5.1,0.0,49.7,0.0,16.6,13.7,0.0,10.2,4.7
2023-08-31T13:30Z,16,49,2.7,0.0,11.4,7.9,0.5,45.0,0.0,5.9,26.4
2023-08-31T13:30Z,17,298,0.0,0.0,75.7,0.0,0.0,0.0,0.0,5.3,19.0
2023-08-31T13:30Z,18,208,4.5,0.0,47.0,0.9,13.8,16.4,0.0,9.4,8.0
2023-08-31T14:00Z,1,39,1.0,0.0,9.7,31.8,2.6,19.4,0.0,2.3,33.1
2023-08-31T14:00Z,2,20,3.0,0.0,4.1,0.0,7.7,59.4,0.0,6.6,19.3
2023-08-31T14:00Z,3,126,2.6,0.0,31.2,0.0,9.9,38.7,0.0,2.8,14.8
2023-08-31T14:00Z,4,2,0.0,0.0,0.0,0.0,60.2,31.4,0.0,5.3,3.1
2023-08-31T14:00Z,5,286,26.3,0.0,64.5,0.0,1.7,0.9,0.0,3.9,2.6
2023-08-31T14:00Z,6,142,1.2,0.0,35.7,0.0,4.2,19.0,0.0,9.1,30.8
2023-08-31T14:00Z,7,363,0.0,0.0,92.2,0.0,0.0,0.0,0.0,3.4,4.3
2023-08-31T14:00Z,8,255,3.6,0.0,63.6,0.0,3.6,13.4,0.0,7.0,8.7
2023-08-31T14:00Z,9,329,8.7,0.0,80.8,0.0,0.6,0.3,0.0,7.8,1.8
2023-08-31T14:00Z,10,216,1.1,0.0,34.3,0.0,18.5,30.6,0.0,12.0,3.5
2023-08-31T14:00Z,11,220,0.4,0.0,54.7,0.0,5.8,0.1,0.0,34.9,4.1
2023-08-31T14:00Z,12,253,1.8,0.0,59.2,0.0,27.7,0.5,0.0,9.9,0.8
2023-08-31T14:00Z,13,240,0.5,0.0,48.4,0.1,29.5,11.4,0.0,7.4,2.7
2023-08-31T14:00Z,14,256,0.0,0.0,56.1,0.2,36.8,0.0,0.0,4.4,2.5
2023-08-31T14:00Z,15,227,5.1,0.0,50.8,0.0,16.5,13.7,0.0,9.0,4.9
2023-08-31T14:00Z,16,51,2.6,0.0,12.0,9.3,0.4,44.7,0.0,5.7,25.3
2023-08-31T14:00Z,17,300,0.0,0.0,76.1,0.0,0.0,0.0,0.0,5.8,18.1
2023-08-31T14:00Z,18,212,4.5,0.0,48.0,1.1,13.7,16.3,0.0,8.5,8.0
2023-08-31T14:30Z,1,41,1.0,0.0,10.1,34.4,2.7,17.8,0.0,2.1,31.9
2023-08-31T14:30Z,2,21,3.0,0.0,4.3,0.0,8.1,59.6,0.0,6.1,18.9
2023-08-31T14:30Z,3,129,2.7,0.0,31.8,0.0,10.0,38.3,0.0,2.2,15.1
2023-08-31T14:30Z,4,2,0.0,0.0,0.0,0.0,60.4,31.9,0.0,4.2,3.5
2023-08-31T14:30Z,5,288,26.0,0.0,65.2,0.0,1.6,1.0,0.0,3.4,2.7
2023-08-31T14:30Z,6,148,1.2,0.0,37.1,0.0,4.1,19.3,0.0,8.2,30.0
2023-08-31T14:30Z,7,363,0.0,0.0,92.0,0.0,0.0,0.0,0.0,3.9,4.1
2023-08-31T14:30Z,8,261,3.6,0.0,65.2,0.0,3.4,13.6,0.0,5.7,8.6
2023-08-31T14:30Z,9,335,9.0,0.0,82.4,0.0,0.6,0.4,0.0,5.8,1.9
2023-08-31T14:30Z,10,218,1.4,0.0,38.0,0.0,15.6,31.1,0.0,10.1,3.8
2023-08-31T14:30Z,11,236,0.5,0.0,58.8,0.0,6.9,0.2,0.0,29.8,3.9
2023-08-31T14:30Z,12,249,1.9,0.0,58.2,0.0,29.3,1.0,0.0,8.7,0.9
2023-08-31T14:30Z,13,242,0.7,0.0,50.7,0.2,27.1,11.8,0.0,6.6,2.9
2023-08-31T14:30Z,14,262,0.0,0.0,58.3,0.4,34.3,0.0,0.0,4.4,2.7
2023-08-31T14:30Z,15,231,5.1,0.0,52.3,0.0,16.1,13.9,0.0,7.6,5.0
2023-08-31T14:30Z,16,51,2.6,0.0,12.1,10.2,0.3,44.7,0.0,5.4,24.6
2023-08-31T14:30Z,17,301,0.0,0.0,76.4,0.0,0.0,0.0,0.0,6.0,17.5
2023-08-31T14:30Z,18,215,4.5,0.0,49.2,1.2,13.3,16.5,0.0,7.2,8.0
2023-08-31T15:00Z,1,37,0.8,0.0,9.0,38.7,2.2,16.2,0.0,1.5,31.5
2023-08-31T15:00Z,2,21,3.0,0.0,4.3,0.0,8.0,60.2,0.0,5.5,18.9
2023-08-31T15:00Z,3,127,2.4,0.0,31.5,0.0,9.8,37.8,0.0,1.9,16.6
2023-08-31T15:00Z,4,2,0.0,0.0,0.0,0.0,60.4,32.0,0.0,3.7,3.9
2023-08-31T15:00Z,5,292,25.1,0.0,66.5,0.0,1.7,0.9,0.0,2.8,2.9
2023-08-31T15:00Z,6,144,1.1,0.0,36.3,0.0,4.1,20.2,0.0,7.4,30.9
2023-08-31T15:00Z,7,360,0.0,0.0,91.3,0.0,0.0,0.0,0.0,4.1,4.6
2023-08-31T15:00Z,8,256,3.4,0.0,64.0,0.0,3.5,13.9,0.0,5.1,10.1
2023-08-31T15:00Z,9,339,9.0,0.0,83.3,0.0,0.6,0.3,0.0,4.3,2.4
2023-08-31T15:00Z,10,227,1.8,0.0,40.6,0.0,14.8,30.4,0.0,7.7,4.7
2023-08-31T15:00Z,11,254,0.5,0.0,63.4,0.0,6.1,0.4,0.0,25.9,3.7
2023-08-31T15:00Z,12,253,2.3,0.0,59.5,0.0,27.7,1.3,0.0,7.8,1.4
2023-08-31T15:00Z,13,246,0.9,0.0,51.7,0.3,26.1,12.0,0.0,5.5,3.5
2023-08-31T15:00Z,14,263,0.0,0.0,58.6,0.5,33.9,0.1,0.0,3.6,3.2
2023-08-31T15:00Z,15,234,5.1,0.0,53.2,0.1,15.9,13.7,0.0,6.3,5.7
2023-08-31T15:00Z,16,51,2.4,0.0,12.3,12.2,0.1,43.5,0.0,4.7,24.9
2023-08-31T15:00Z,17,303,0.0,0.0,77.0,0.0,0.0,0.0,0.0,5.7,17.3
2023-08-31T15:00Z,18,217,4.5,0.0,50.0,1.4,13.2,16.3,0.0,6.1,8.6
2023-08-31T15:30Z,1,34,0.7,0.0,8.5,43.8,1.6,14.0,0.0,0.9,30.5
2023-08-31T15:30Z,2,20,3.2,0.0,4.1,0.0,7.5,61.7,0.0,4.5,19.0
2023-08-31T15:30Z,3,119,2.3,0.0,29.5,0.0,9.8,38.1,0.0,1.5,18.7
2023-08-31T15:30Z,4,2,0.0,0.0,0.0,0.0,61.0,31.5,0.0,3.2,4.2
2023-08-31T15:30Z,5,296,24.6,0.0,67.6,0.0,1.7,0.8,0.0,2.1,3.2
2023-08-31T15:30Z,6,137,1.2,0.0,34.4,0.0,4.3,20.9,0.0,6.1,33.1
2023-08-31T15:30Z,7,361,0.0,0.0,91.7,0.0,0.0,0.0,0.0,3.5,4.8
2023-08-31T15:30Z,8,256,3.2,0.0,64.0,0.0,3.5,14.0,0.0,4.1,11.2
2023-08-31T15:30Z,9,343,8.8,0.0,84.3,0.0,0.6,0.3,0.0,3.1,2.9
2023-08-31T15:30Z,10,227,2.2,0.0,44.7,0.0,11.2,30.4,0.0,5.6,6.0
2023-08-31T15:30Z,11,265,0.7,0.0,66.1,0.0,6.6,0.6,0.0,22.3,3.7
2023-08-31T15:30Z,12,265,2.5,0.0,63.2,0.1,24.1,1.7,0.0,6.4,2.0
2023-08-31T15:30Z,13,245,1.1,0.0,54.4,0.5,22.2,13.5,0.0,4.2,4.2
2023-08-31T15:30Z,14,264,0.0,0.0,61.2,1.1,30.3,0.9,0.0,2.7,3.9
2023-08-31T15:30Z,15,236,5.1,0.0,54.9,0.2,14.5,13.9,0.0,4.9,6.5
2023-08-31T15:30Z,16,52,2.4,0.0,12.4,14.8,0.0,41.7,0.0,3.6,25.1
2023-08-31T15:30Z,17,307,0.0,0.0,77.9,0.0,0.0,0.0,0.0,4.6,17.5
2023-08-31T15:30Z,18,219,4.5,0.0,51.3,1.9,11.9,16.3,0.0,4.8,9.4
2023-08-31T16:00Z,1,21,0.7,0.0,5.0,51.4,1.8,12.4,0.0,0.8,27.9
2023-08-31T16:00Z,2,22,3.4,0.0,4.4,0.0,8.1,62.6,0.0,3.6,17.9
2023-08-31T16:00Z,3,113,2.5,0.0,27.9,0.0,9.8,39.7,0.0,1.2,19.0
2023-08-31T16:00Z,4,2,0.0,0.0,0.0,0.0,61.3,31.7,0.0,2.6,4.4
2023-08-31T16:00Z,5,297,24.7,0.0,67.8,0.0,1.6,0.8,0.0,1.5,3.6
2023-08-31T16:00Z,6,133,1.3,0.0,33.3,0.0,4.8,22.3,0.0,4.8,33.5
2023-08-31T16:00Z,7,363,0.0,0.0,92.2,0.0,0.0,0.0,0.0,2.9,4.8
2023-08-31T16:00Z,8,257,3.2,0.0,64.3,0.0,3.6,14.4,0.0,3.1,11.5
2023-08-31T16:00Z,9,348,8.1,0.0,85.8,0.0,0.5,0.2,0.0,2.1,3.3
2023-08-31T16:00Z,10,228,2.4,0.0,47.4,0.0,8.3,30.9,0.0,4.0,7.1
2023-08-31T16:00Z,11,268,1.2,0.0,66.3,0.0,8.9,0.7,0.0,19.0,3.8
2023-08-31T16:00Z,12,275,2.8,0.0,65.9,0.0,21.7,2.0,0.0,5.1,2.6
2023-08-31T16:00Z,13,248,1.3,0.0,56.0,0.8,19.6,13.9,0.0,3.2,5.2
2023-08-31T16:00Z,14,262,0.0,0.0,61.2,1.8,28.9,1.5,0.0,2.0,4.5
2023-08-31T16:00Z,15,237,5.1,0.0,55.5,0.3,14.2,13.9,0.0,3.8,7.1
2023-08-31T16:00Z,16,49,2.4,0.0,11.6,19.1,0.0,40.9,0.0,2.8,23.2
2023-08-31T16:00Z,17,313,0.0,0.0,79.5,0.0,0.0,0.0,0.0,3.6,16.8
2023-08-31T16:00Z,18,220,4.5,0.0,51.7,2.5,11.7,16.3,0.0,3.7,9.6
2023-08-31T16:30Z,1,19,0.6,0.0,4.7,55.7,1.3,10.4,0.0,0.4,26.9
2023-08-31T16:30Z,2,21,3.4,0.0,4.1,0.0,7.6,64.4,0.0,2.5,18.0
2023-08-31T16:30Z,3,100,3.3,0.0,24.3,0.0,11.3,40.0,0.0,1.0,20.1
2023-08-31T16:30Z,4,2,0.0,0.0,0.0,0.0,61.9,31.7,0.0,1.9,4.5
2023-08-31T16:30Z,5,297,25.2,0.0,67.7,0.0,1.3,0.8,0.0,1.0,4.1
2023-08-31T16:30Z,6,119,1.7,0.0,29.7,0.0,5.2,24.1,0.0,3.4,35.8
2023-08-31T16:30Z,7,366,0.0,0.0,92.9,0.0,0.0,0.0,0.0,2.0,5.1
2023-08-31T16:30Z,8,261,3.4,0.0,65.2,0.0,3.6,13.4,0.0,2.2,12.1
2023-08-31T16:30Z,9,352,7.2,0.0,87.1,0.0,0.4,0.2,0.0,1.3,3.8
2023-08-31T16:30Z,10,206,2.3,0.0,51.6,0.0,0.1,33.7,0.0,3.0,9.2
2023-08-31T16:30Z,11,291,0.9,0.0,72.7,0.0,7.2,0.4,0.0,15.2,3.6
2023-08-31T16:30Z,12,282,2.7,0.0,67.7,0.0,22.3,1.3,0.0,3.6,2.4
2023-08-31T16:30Z,13,244,1.4,0.0,59.8,1.0,13.5,15.0,0.0,2.5,6.7
2023-08-31T16:30Z,14,268,0.2,0.0,64.8,2.4,22.8,2.2,0.0,1.6,6.1
2023-08-31T16:30Z,15,236,5.1,0.0,57.4,0.6,11.6,14.2,0.0,2.7,8.4
2023-08-31T16:30Z,16,43,2.2,0.0,10.3,22.5,0.0,40.5,0.0,1.7,22.7
2023-08-31T16:30Z,17,316,0.0,0.0,80.3,0.0,0.0,0.0,0.0,2.5,17.3
2023-08-31T16:30Z,18,218,4.5,0.0,53.3,3.0,9.7,16.4,0.0,2.6,10.5
2023-08-31T17:00Z,1,20,0.6,0.0,4.8,55.2,1.4,10.7,0.0,0.3,27.1
2023-08-31T17:00Z,2,21,3.5,0.0,4.3,0.0,8.5,64.5,0.0,1.6,17.6
2023-08-31T17:00Z,3,100,2.5,0.0,24.4,0.0,10.0,40.7,0.0,0.5,21.9
2023-08-31T17:00Z,4,2,0.0,0.0,0.0,0.0,62.7,32.1,0.0,1.2,4.1
2023-08-31T17:00Z,5,294,25.5,0.0,66.9,0.0,1.7,0.9,0.0,0.6,4.4
2023-08-31T17:00Z,6,122,1.4,0.0,30.5,0.0,5.1,24.7,0.0,2.1,36.3
2023-08-31T17:00Z,7,369,0.0,0.0,93.7,0.0,0.0,0.0,0.0,1.4,4.9
2023-08-31T17:00Z,8,254,3.2,0.0,63.4,0.0,3.7,15.2,0.0,1.4,13.1
2023-08-31T17:00Z,9,351,7.4,0.0,86.8,0.0,0.5,0.3,0.0,0.8,4.2
2023-08-31T17:00Z,10,208,2.6,0.0,52.0,0.0,0.2,32.7,0.0,1.8,10.8
2023-08-31T17:00Z,11,306,1.1,0.0,76.3,0.0,8.8,0.8,0.0,9.5,3.5
2023-08-31T17:00Z,12,284,2.7,0.0,68.6,0.0,21.1,2.3,0.0,2.4,2.9
2023-08-31T17:00Z,13,247,1.6,0.0,60.4,0.9,13.7,14.2,0.0,1.6,7.6
2023-08-31T17:00Z,14,268,0.2,0.0,65.0,2.1,22.8,2.1,0.0,1.0,6.8
2023-08-31T17:00Z,15,237,5.2,0.0,57.7,0.5,11.8,14.3,0.0,1.7,8.9
2023-08-31T17:00Z,16,46,2.3,0.0,11.0,22.4,0.0,40.6,0.0,1.1,22.6
2023-08-31T17:00Z,17,321,0.0,0.0,81.4,0.0,0.0,0.0,0.0,1.6,16.9
2023-08-31T17:00Z,18,219,4.5,0.0,53.5,3.0,9.8,16.6,0.0,1.7,11.0
2023-08-31T17:30Z,1,22,0.6,0.0,5.3,52.2,1.5,12.2,0.0,0.2,28.0
2023-08-31T17:30Z,2,21,3.3,0.0,4.4,0.0,8.7,66.3,0.0,0.9,16.4
2023-08-31T17:30Z,3,97,2.6,0.0,23.7,0.0,10.1,41.8,0.0,0.2,21.5
2023-08-31T17:30Z,4,2,0.0,0.0,0.0,0.0,63.3,32.5,0.0,0.6,3.7
2023-08-31T17:30Z,5,295,25.9,0.0,66.9,0.0,1.7,0.9,0.0,0.3,4.4
2023-08-31T17:30Z,6,117,1.6,0.0,29.1,0.0,5.6,26.0,0.0,1.3,36.4
2023-08-31T17:30Z,7,372,0.0,0.0,94.5,0.0,0.0,0.0,0.0,0.9,4.7
2023-08-31T17:30Z,8,257,3.3,0.0,64.2,0.0,3.8,15.3,0.0,0.8,12.7
2023-08-31T17:30Z,9,352,7.6,0.0,86.9,0.0,0.5,0.3,0.0,0.4,4.3
2023-08-31T17:30Z,10,205,2.6,0.0,51.4,0.0,0.2,33.3,0.0,0.9,11.7
2023-08-31T17:30Z,11,330,1.3,0.0,82.6,0.0,6.5,0.7,0.0,5.3,3.6
2023-08-31T17:30Z,12,304,3.1,0.0,74.1,0.0,15.8,2.1,0.0,1.4,3.5
2023-08-31T17:30Z,13,252,1.7,0.0,61.8,0.8,12.1,14.2,0.0,0.8,8.6
2023-08-31T17:30Z,14,272,0.2,0.0,66.1,1.8,22.0,1.8,0.0,0.6,7.5
2023-08-31T17:30Z,15,241,5.3,0.0,58.7,0.4,11.0,14.5,0.0,0.9,9.1
2023-08-31T17:30Z,16,49,2.4,0.0,11.8,20.5,0.0,42.1,0.0,0.7,22.6
2023-08-31T17:30Z,17,326,0.0,0.0,82.9,0.0,0.0,0.0,0.0,1.0,16.1
2023-08-31T17:30Z,18,224,4.6,0.0,54.7,2.7,9.1,16.9,0.0,0.9,11.0
2023-08-31T18:00Z,1,11,0.6,0.0,2.6,49.6,1.8,14.4,0.0,0.1,30.9
2023-08-31T18:00Z,2,21,3.1,0.0,4.3,0.0,8.9,66.5,0.0,0.4,16.9
2023-08-31T18:00Z,3,104,2.6,0.0,25.4,0.0,10.1,41.3,0.0,0.1,20.4
2023-08-31T18:00Z,4,2,0.0,0.0,0.0,0.0,63.4,33.1,0.0,0.2,3.3
2023-08-31T18:00Z,5,294,26.3,0.0,66.5,0.0,1.8,0.9,0.0,0.1,4.4
2023-08-31T18:00Z,6,125,1.5,0.0,31.2,0.0,5.6,26.2,0.0,0.5,35.0
2023-08-31T18:00Z,7,375,0.0,0.0,95.3,0.0,0.0,0.0,0.0,0.4,4.4
2023-08-31T18:00Z,8,260,3.4,0.0,64.9,0.0,3.9,15.1,0.0,0.3,12.4
2023-08-31T18:00Z,9,352,7.9,0.0,87.0,0.0,0.5,0.3,0.0,0.2,4.1
2023-08-31T18:00Z,10,202,2.7,0.0,50.5,0.0,0.2,33.8,0.0,0.4,12.5
2023-08-31T18:00Z,11,353,0.9,0.0,88.9,0.0,4.4,0.7,0.0,2.3,2.9
2023-08-31T18:00Z,12,306,3.2,0.0,74.5,0.0,16.4,2.0,0.0,0.6,3.2
2023-08-31T18:00Z,13,251,1.7,0.0,61.5,0.7,12.5,14.3,0.0,0.4,9.0
2023-08-31T18:00Z,14,272,0.2,0.0,66.1,1.6,22.4,1.6,0.0,0.2,8.0
2023-08-31T18:00Z,15,241,5.4,0.0,58.8,0.4,11.1,14.8,0.0,0.4,9.2
2023-08-31T18:00Z,16,49,2.2,0.0,11.9,18.8,0.0,43.5,0.0,0.3,23.3
2023-08-31T18:00Z,17,332,0.0,0.0,84.4,0.0,0.0,0.0,0.0,0.4,15.2
2023-08-31T18:00Z,18,225,4.7,0.0,54.9,2.4,9.2,17.2,0.0,0.4,11.1
2023-08-31T18:30Z,1,11,0.7,0.0,2.6,45.9,2.1,16.3,0.0,0.0,32.3
2023-08-31T18:30Z,2,21,3.2,0.0,4.4,0.0,9.2,66.2,0.0,0.0,16.9
2023-08-31T18:30Z,3,104,3.0,0.0,25.4,0.0,10.7,41.7,0.0,0.0,19.2
2023-08-31T18:30Z,4,2,0.0,0.0,0.0,0.0,64.1,32.8,0.0,0.0,3.0
2023-08-31T18:30Z,5,295,26.8,0.0,66.7,0.0,1.4,0.9,0.0,0.0,4.1
2023-08-31T18:30Z,6,133,1.7,0.0,33.1,0.0,5.7,26.8,0.0,0.1,32.7
2023-08-31T18:30Z,7,379,0.0,0.0,96.2,0.0,0.0,0.0,0.0,0.0,3.8
2023-08-31T18:30Z,8,269,3.5,0.0,67.2,0.0,3.7,15.0,0.0,0.0,10.5
2023-08-31T18:30Z,9,356,7.7,0.0,88.0,0.0,0.4,0.3,0.0,0.0,3.6
2023-08-31T18:30Z,10,204,2.5,0.0,51.0,0.0,0.1,33.8,0.0,0.0,12.6
2023-08-31T18:30Z,11,350,1.2,0.0,87.3,0.0,7.6,0.8,0.0,0.2,2.9
2023-08-31T18:30Z,12,302,2.9,0.0,73.1,0.1,18.9,2.3,0.0,0.1,2.7
2023-08-31T18:30Z,13,248,1.4,0.0,60.3,0.6,14.1,15.0,0.0,0.0,8.5
2023-08-31T18:30Z,14,273,0.1,0.0,65.0,1.4,24.3,1.9,0.0,0.0,7.3
2023-08-31T18:30Z,15,242,5.4,0.0,58.8,0.3,11.8,15.0,0.0,0.0,8.5
2023-08-31T18:30Z,16,48,2.3,0.0,11.6,16.9,0.0,45.2,0.0,0.0,23.9
2023-08-31T18:30Z,17,337,0.0,0.0,85.6,0.0,0.0,0.0,0.0,0.0,14.3
2023-08-31T18:30Z,18,227,4.8,0.0,55.3,2.1,9.9,17.4,0.0,0.0,10.5
2023-08-31T19:00Z,1,7,0.9,0.0,1.6,40.5,2.3,19.0,0.0,0.0,35.7
2023-08-31T19:00Z,2,21,3.2,0.0,4.3,0.0,8.8,65.4,0.0,0.0,18.3
2023-08-31T19:00Z,3,109,2.7,0.0,26.9,0.0,10.3,42.2,0.0,0.0,17.9
2023-08-31T19:00Z,4,2,0.0,0.0,0.0,0.0,64.9,32.4,0.0,0.0,2.7
2023-08-31T19:00Z,5,293,27.2,0.0,66.0,0.0,1.8,1.0,0.0,0.0,3.9
2023-08-31T19:00Z,6,131,1.7,0.0,32.8,0.0,6.0,27.8,0.0,0.1,31.7
2023-08-31T19:00Z,7,381,0.0,0.0,96.6,0.0,0.0,0.0,0.0,0.0,3.3
2023-08-31T19:00Z,8,269,3.3,0.0,67.1,0.0,3.7,15.7,0.0,0.0,10.0
2023-08-31T19:00Z,9,356,7.8,0.0,87.9,0.0,0.5,0.3,0.0,0.0,3.4
2023-08-31T19:00Z,10,206,2.5,0.0,51.4,0.0,0.2,33.3,0.0,0.0,12.6
2023-08-31T19:00Z,11,350,1.2,0.0,87.5,0.0,7.3,0.8,0.0,0.2,2.9
2023-08-31T19:00Z,12,304,3.0,0.0,73.8,0.0,17.9,2.4,0.0,0.1,2.8
2023-08-31T19:00Z,13,248,1.4,0.0,60.2,0.5,13.5,15.8,0.0,0.0,8.5
2023-08-31T19:00Z,14,273,0.1,0.0,65.0,1.2,23.8,2.9,0.0,0.0,6.9
2023-08-31T19:00Z,15,243,5.4,0.0,59.1,0.3,11.8,15.1,0.0,0.0,8.2
2023-08-31T19:00Z,16,50,2.4,0.0,12.1,13.6,0.0,46.5,0.0,0.0,25.4
2023-08-31T19:00Z,17,342,0.0,0.0,86.9,0.0,0.0,0.0,0.0,0.0,13.1
2023-08-31T19:00Z,18,229,4.8,0.0,55.8,1.7,9.9,17.5,0.0,0.0,10.3
2023-08-31T19:30Z,1,6,1.0,0.0,1.2,37.1,2.7,20.6,0.0,0.0,37.4
2023-08-31T19:30Z,2,20,3.2,0.0,3.9,0.0,8.5,65.1,0.0,0.1,19.0
2023-08-31T19:30Z,3,105,2.7,0.0,25.8,0.0,10.9,43.8,0.0,0.0,16.7
2023-08-31T19:30Z,4,2,0.0,0.0,0.0,0.0,65.4,32.2,0.0,0.0,2.3
2023-08-31T19:30Z,5,297,26.1,0.0,67.3,0.0,1.9,1.2,0.0,0.0,3.4
2023-08-31T19:30Z,6,130,1.7,0.0,32.5,0.0,6.3,29.8,0.0,0.0,29.6
2023-08-31T19:30Z,7,382,0.0,0.0,97.0,0.0,0.0,0.0,0.0,0.0,3.0
2023-08-31T19:30Z,8,261,3.6,0.0,65.2,0.0,4.3,16.8,0.0,0.0,10.1
2023-08-31T19:30Z,9,355,8.5,0.0,87.4,0.0,0.6,0.4,0.0,0.0,3.1
2023-08-31T19:30Z,10,209,2.9,0.0,52.1,0.0,0.2,32.7,0.0,0.0,12.0
2023-08-31T19:30Z,11,367,1.1,0.0,92.5,0.0,3.0,0.7,0.0,0.2,2.4
2023-08-31T19:30Z,12,330,3.5,0.0,81.6,0.0,9.3,2.9,0.0,0.0,2.6
2023-08-31T19:30Z,13,261,1.9,0.0,63.9,0.5,8.7,16.7,0.0,0.0,8.3
2023-08-31T19:30Z,14,290,0.3,0.0,69.8,1.3,17.1,4.2,0.0,0.0,7.4
2023-08-31T19:30Z,15,250,5.6,0.0,61.1,0.3,9.5,15.5,0.0,0.0,7.9
2023-08-31T19:30Z,16,51,2.4,0.0,12.2,12.1,0.0,47.7,0.0,0.1,25.5
2023-08-31T19:30Z,17,348,0.0,0.0,88.3,0.0,0.0,0.0,0.0,0.0,11.7
2023-08-31T19:30Z,18,236,4.9,0.0,57.7,1.5,8.0,17.9,0.0,0.0,9.9
2023-08-31T20:00Z,1,9,1.1,0.0,1.9,33.2,2.7,22.1,0.0,0.0,39.0
2023-08-31T20:00Z,2,19,3.1,0.0,3.8,0.0,8.0,64.7,0.0,0.0,20.3
2023-08-31T20:00Z,3,100,2.7,0.0,24.4,0.0,11.6,44.9,0.0,0.1,16.3
2023-08-31T20:00Z,4,2,0.0,0.0,0.0,0.0,65.8,32.0,0.0,0.0,2.1
2023-08-31T20:00Z,5,292,26.9,0.0,65.9,0.0,2.4,1.4,0.0,0.0,3.4
2023-08-31T20:00Z,6,121,1.7,0.0,30.1,0.0,6.7,32.8,0.0,0.0,28.6
2023-08-31T20:00Z,7,383,0.0,0.0,97.2,0.0,0.0,0.0,0.0,0.0,2.8
2023-08-31T20:00Z,8,259,3.6,0.0,64.6,0.0,4.5,17.4,0.0,0.1,9.8
2023-08-31T20:00Z,9,352,9.0,0.0,86.6,0.0,0.8,0.5,0.0,0.0,2.9
2023-08-31T20:00Z,10,205,3.1,0.0,51.1,0.0,0.3,33.7,0.0,0.0,11.8
2023-08-31T20:00Z,11,369,1.0,0.0,93.1,0.0,2.5,0.7,0.0,0.3,2.4
2023-08-31T20:00Z,12,329,3.7,0.0,81.3,0.0,9.2,3.3,0.0,0.0,2.5
2023-08-31T20:00Z,13,259,2.1,0.0,63.6,0.4,8.1,17.7,0.0,0.0,8.1
2023-08-31T20:00Z,14,292,0.4,0.0,70.5,1.1,16.0,5.0,0.0,0.1,7.0
2023-08-31T20:00Z,15,248,5.7,0.0,60.5,0.3,9.6,16.2,0.0,0.0,7.7
2023-08-31T20:00Z,16,54,2.5,0.0,13.0,10.0,0.0,47.8,0.0,0.0,26.7
2023-08-31T20:00Z,17,352,0.0,0.0,89.3,0.0,0.0,0.0,0.0,0.0,10.7
2023-08-31T20:00Z,18,234,5.0,0.0,57.3,1.3,8.1,18.5,0.0,0.0,9.8
2023-08-31T20:30Z,1,8,1.1,0.0,1.7,30.0,2.7,22.7,0.0,0.0,41.8
2023-08-31T20:30Z,2,19,3.0,0.0,3.8,0.0,7.6,63.7,0.0,0.0,21.9
2023-08-31T20:30Z,3,98,2.5,0.0,24.0,0.0,12.1,45.2,0.0,0.0,16.3
2023-08-31T20:30Z,4,2,0.0,0.0,0.0,0.0,65.8,32.3,0.0,0.0,1.9
2023-08-31T20:30Z,5,290,26.0,0.0,65.7,0.0,3.0,2.0,0.0,0.0,3.4
2023-08-31T20:30Z,6,108,1.8,0.0,26.8,0.0,7.7,33.5,0.0,0.0,30.1
2023-08-31T20:30Z,7,384,0.0,0.0,97.6,0.0,0.0,0.0,0.0,0.0,2.4
2023-08-31T20:30Z,8,252,3.4,0.0,62.8,0.0,4.8,19.4,0.0,0.0,9.6
2023-08-31T20:30Z,9,349,9.5,0.0,85.8,0.0,1.1,0.8,0.0,0.0,2.9
2023-08-31T20:30Z,10,205,3.4,0.0,50.9,0.0,0.4,33.8,0.0,0.0,11.5
2023-08-31T20:30Z,11,375,0.8,0.0,94.8,0.0,1.3,0.9,0.0,0.0,2.2
2023-08-31T20:30Z,12,334,4.0,0.0,82.8,0.0,6.6,3.8,0.0,0.0,2.8
2023-08-31T20:30Z,13,270,2.7,0.0,67.2,0.4,2.6,18.6,0.0,0.0,8.5
2023-08-31T20:30Z,14,323,0.9,0.0,80.8,1.3,3.1,5.8,0.0,0.0,8.1
2023-08-31T20:30Z,15,250,5.7,0.0,61.5,0.3,7.4,17.0,0.0,0.0,8.0
2023-08-31T20:30Z,16,50,2.4,0.0,12.0,8.3,0.0,49.2,0.0,0.0,28.0
2023-08-31T20:30Z,17,355,0.0,0.0,90.1,0.0,0.0,0.0,0.0,0.0,9.9
2023-08-31T20:30Z,18,237,5.1,0.0,58.2,1.1,6.2,19.2,0.0,0.0,10.1
2023-08-31T21:00Z,1,8,1.2,0.0,1.7,22.9,2.8,24.9,0.0,0.0,46.4
2023-08-31T21:00Z,2,18,3.0,0.0,3.6,0.0,6.9,63.7,0.0,0.0,22.7
2023-08-31T21:00Z,3,90,2.4,0.0,21.9,0.0,12.4,47.2,0.0,0.1,15.9
2023-08-31T21:00Z,4,2,0.0,0.0,0.0,0.0,66.7,31.5,0.0,0.1,1.7
2023-08-31T21:00Z,5,283,27.0,0.0,63.5,0.0,3.6,2.5,0.0,0.1,3.3
2023-08-31T21:00Z,6,84,2.1,0.0,20.7,0.0,9.1,35.2,0.0,0.1,32.9
2023-08-31T21:00Z,7,384,0.0,0.0,97.5,0.0,0.0,0.0,0.0,0.0,2.5
2023-08-31T21:00Z,8,237,3.6,0.0,59.1,0.0,5.2,22.1,0.0,0.1,9.8
2023-08-31T21:00Z,9,346,10.0,0.0,84.8,0.0,1.4,1.0,0.0,0.0,2.8
2023-08-31T21:00Z,10,200,3.6,0.0,49.7,0.0,0.5,35.3,0.0,0.0,11.0
2023-08-31T21:00Z,11,373,0.8,0.0,94.2,0.0,1.4,1.2,0.0,0.0,2.4
2023-08-31T21:00Z,12,329,4.3,0.0,81.5,0.0,7.0,4.3,0.0,0.0,2.8
2023-08-31T21:00Z,13,264,2.8,0.0,65.7,0.4,2.7,20.1,0.0,0.0,8.3
2023-08-31T21:00Z,14,319,0.9,0.0,79.7,1.2,3.3,6.9,0.0,0.0,8.0
2023-08-31T21:00Z,15,245,6.0,0.0,60.0,0.3,7.7,17.8,0.0,0.0,8.1
2023-08-31T21:00Z,16,33,2.6,0.0,7.7,6.1,0.0,54.8,0.0,0.0,28.8
2023-08-31T21:00Z,17,354,0.0,0.0,89.9,0.0,0.0,0.0,0.0,0.1,10.0
2023-08-31T21:00Z,18,232,5.3,0.0,57.0,0.8,6.6,20.2,0.0,0.0,10.1
2023-08-31T21:30Z,1,17,1.3,0.0,4.0,15.7,2.4,25.5,0.0,0.0,51.0
2023-08-31T21:30Z,2,17,3.2,0.0,3.3,0.0,6.1,62.9,0.0,0.0,24.6
2023-08-31T21:30Z,3,76,1.7,0.0,18.7,0.0,13.0,49.5,0.0,0.0,17.1
2023-08-31T21:30Z,4,2,0.0,0.0,0.0,0.0,66.9,31.5,0.0,0.0,1.7
2023-08-31T21:30Z,5,268,28.8,0.0,59.1,0.0,5.5,3.2,0.0,0.0,3.4
2023-08-31T21:30Z,6,140,1.3,0.0,35.0,0.0,6.6,30.7,0.0,0.0,26.4
2023-08-31T21:30Z,7,384,0.0,0.0,97.5,0.0,0.0,0.0,0.0,0.0,2.5
2023-08-31T21:30Z,8,219,3.2,0.0,54.5,0.0,5.9,24.8,0.0,0.0,11.5
2023-08-31T21:30Z,9,336,11.7,0.0,81.6,0.0,2.2,1.4,0.0,0.0,2.9
2023-08-31T21:30Z,10,190,4.1,0.0,46.9,0.0,0.8,37.0,0.0,0.0,11.2
2023-08-31T21:30Z,11,358,1.7,0.0,89.9,0.0,4.1,1.4,0.0,0.0,2.9
2023-08-31T21:30Z,12,307,4.7,0.0,75.1,0.0,11.6,5.4,0.0,0.0,3.3
2023-08-31T21:30Z,13,239,3.0,0.0,58.2,0.2,8.1,22.2,0.0,0.0,8.3
2023-08-31T21:30Z,14,276,0.9,0.0,66.2,0.7,15.6,8.7,0.0,0.0,7.8
2023-08-31T21:30Z,15,227,6.3,0.0,54.8,0.2,11.8,18.9,0.0,0.0,8.0
2023-08-31T21:30Z,16,29,2.8,0.0,6.6,3.7,0.0,54.8,0.0,0.0,32.0
2023-08-31T21:30Z,17,352,0.0,0.0,89.4,0.0,0.0,0.2,0.0,0.0,10.4
2023-08-31T21:30Z,18,218,5.6,0.0,52.5,0.5,9.9,21.1,0.0,0.0,10.4
2023-08-31T22:00Z,1,23,1.5,0.0,5.4,14.7,2.1,25.7,0.0,0.0,50.6
2023-08-31T22:00Z,2,17,3.2,0.0,3.2,0.0,4.7,64.5,0.0,0.1,24.3
2023-08-31T22:00Z,3,74,2.0,0.0,18.0,0.0,14.1,49.0,0.0,0.0,16.9
2023-08-31T22:00Z,4,2,0.0,0.0,0.0,0.0,66.9,31.5,0.0,0.0,1.6
2023-08-31T22:00Z,5,259,30.5,0.0,56.5,0.0,6.2,3.4,0.0,0.0,3.4
2023-08-31T22:00Z,6,151,1.4,0.0,37.9,0.0,6.4,29.9,0.0,0.0,24.3
2023-08-31T22:00Z,7,383,0.0,0.0,97.2,0.0,0.0,0.0,0.0,0.1,2.8
2023-08-31T22:00Z,8,208,3.5,0.0,51.6,0.0,6.3,27.2,0.0,0.1,11.3
2023-08-31T22:00Z,9,332,12.3,0.0,80.4,0.0,2.5,1.7,0.0,0.1,3.0
2023-08-31T22:00Z,10,187,4.1,0.0,46.3,0.0,0.8,38.0,0.0,0.0,10.7
2023-08-31T22:00Z,11,356,1.8,0.0,89.3,0.0,4.5,1.4,0.0,0.0,3.1
2023-08-31T22:00Z,12,303,4.8,0.0,74.1,0.0,12.1,5.9,0.0,0.0,3.1
2023-08-31T22:00Z,13,236,3.0,0.0,57.8,0.2,6.3,24.4,0.0,0.1,8.2
2023-08-31T22:00Z,14,282,0.7,0.0,68.2,0.7,10.9,11.1,0.0,0.2,8.2
2023-08-31T22:00Z,15,221,6.5,0.0,53.2,0.2,12.3,20.0,0.0,0.0,7.7
2023-08-31T22:00Z,16,20,3.2,0.0,4.0,3.3,0.0,56.4,0.0,0.2,32.9
2023-08-31T22:00Z,17,351,0.0,0.0,89.2,0.0,0.0,0.3,0.0,0.0,10.5
2023-08-31T22:00Z,18,213,5.8,0.0,51.0,0.5,10.4,22.0,0.0,0.1,10.2
2023-08-31T22:30Z,1,38,1.2,0.0,9.4,13.4,1.6,24.8,0.0,0.0,49.6
2023-08-31T22:30Z,2,18,3.2,0.0,3.6,0.0,4.2,64.1,0.0,0.0,25.0
2023-08-31T22:30Z,3,71,1.0,0.0,17.5,0.0,13.6,51.8,0.0,0.0,16.2
2023-08-31T22:30Z,4,2,0.0,0.0,0.0,0.0,65.7,32.9,0.0,0.0,1.4
2023-08-31T22:30Z,5,259,28.8,0.0,57.0,0.0,7.4,3.8,0.0,0.0,3.0
2023-08-31T22:30Z,6,161,1.0,0.0,40.7,0.0,5.8,31.2,0.0,0.0,21.4
2023-08-31T22:30Z,7,384,0.0,0.0,97.4,0.0,0.0,0.0,0.0,0.0,2.6
2023-08-31T22:30Z,8,198,2.8,0.0,49.5,0.0,6.8,28.9,0.0,0.0,12.1
2023-08-31T22:30Z,9,324,13.5,0.0,78.1,0.0,3.5,1.8,0.0,0.0,3.0
2023-08-31T22:30Z,10,182,4.8,0.0,44.8,0.0,1.2,39.8,0.0,0.0,9.4
2023-08-31T22:30Z,11,369,1.0,0.0,93.2,0.0,1.6,1.3,0.0,0.0,2.9
2023-08-31T22:30Z,12,308,5.2,0.0,75.8,0.0,8.5,6.8,0.0,0.0,3.7
2023-08-31T22:30Z,13,244,4.2,0.0,60.5,0.2,3.1,24.1,0.0,0.0,8.0
2023-08-31T22:30Z,14,301,2.2,0.0,75.7,0.6,1.8,10.8,0.0,0.0,8.9
2023-08-31T22:30Z,15,227,6.6,0.0,55.2,0.2,9.5,20.6,0.0,0.0,7.8
2023-08-31T22:30Z,16,18,3.2,0.0,3.7,2.8,0.0,58.5,0.0,0.0,31.9
2023-08-31T22:30Z,17,351,0.0,0.0,89.1,0.0,0.0,0.8,0.0,0.0,10.1
2023-08-31T22:30Z,18,218,5.9,0.0,52.9,0.4,8.1,22.6,0.0,0.0,10.0
2023-08-31T23:00Z,1,37,1.4,0.0,8.9,13.5,1.6,21.1,0.0,0.0,53.4
2023-08-31T23:00Z,2,17,3.2,0.0,3.3,0.0,3.7,67.0,0.0,0.0,22.8
2023-08-31T23:00Z,3,67,1.0,0.0,16.5,0.0,13.5,53.7,0.0,0.1,15.1
2023-08-31T23:00Z,4,2,0.0,0.0,0.0,0.0,65.4,33.2,0.0,0.2,1.3
2023-08-31T23:00Z,5,259,28.7,0.0,56.9,0.0,7.6,4.0,0.0,0.0,2.8
2023-08-31T23:00Z,6,162,1.0,0.0,40.8,0.0,5.7,32.8,0.0,0.0,19.7
2023-08-31T23:00Z,7,382,0.0,0.0,97.0,0.0,0.0,0.0,0.0,0.0,3.0
2023-08-31T23:00Z,8,191,3.2,0.0,47.5,0.0,7.4,29.5,0.0,0.1,12.4
2023-08-31T23:00Z,9,324,13.6,0.0,78.2,0.0,3.6,1.9,0.0,0.0,2.8
2023-08-31T23:00Z,10,180,5.0,0.0,44.2,0.0,1.3,40.8,0.0,0.0,8.7
2023-08-31T23:00Z,11,367,1.2,0.0,92.6,0.0,1.8,1.2,0.0,0.3,3.0
2023-08-31T23:00Z,12,306,5.6,0.0,75.2,0.0,8.6,6.8,0.0,0.1,3.7
2023-08-31T23:00Z,13,240,4.3,0.0,59.1,0.2,5.2,23.9,0.0,0.0,7.4
2023-08-31T23:00Z,14,282,2.0,0.0,69.9,0.6,8.9,10.9,0.0,0.0,7.5
2023-08-31T23:00Z,15,226,6.8,0.0,54.9,0.2,9.6,21.2,0.0,0.0,7.4
2023-08-31T23:00Z,16,20,3.3,0.0,4.1,2.5,0.0,59.3,0.0,0.0,30.8
2023-08-31T23:00Z,17,352,0.0,0.0,89.4,0.0,0.0,1.1,0.0,0.0,9.4
2023-08-31T23:00Z,18,216,6.1,0.0,52.7,0.4,8.2,23.2,0.0,0.0,9.4
2023-08-31T23:30Z,1,115,0.8,0.0,28.9,16.1,0.7,11.0,0.0,0.0,42.5
2023-08-31T23:30Z,2,18,3.5,0.0,3.5,0.0,3.0,67.9,0.0,0.0,22.1
2023-08-31T23:30Z,3,66,1.1,0.0,16.4,0.0,13.3,53.8,0.0,0.0,15.4
2023-08-31T23:30Z,4,2,0.0,0.0,0.0,0.0,65.4,33.5,0.0,0.0,1.1
2023-08-31T23:30Z,5,259,28.8,0.0,56.8,0.0,7.6,3.9,0.0,0.0,2.8
2023-08-31T23:30Z,6,136,1.3,0.0,34.2,0.0,6.0,37.0,0.0,0.0,21.5
2023-08-31T23:30Z,7,384,0.0,0.0,97.6,0.0,0.0,0.0,0.0,0.0,2.4
2023-08-31T23:30Z,8,206,2.8,0.0,51.5,0.0,6.6,27.6,0.0,0.0,11.5
2023-08-31T23:30Z,9,323,13.8,0.0,77.8,0.0,3.7,1.8,0.0,0.0,2.9
2023-08-31T23:30Z,10,185,4.8,0.0,45.4,0.0,1.3,40.1,0.0,0.0,8.4
2023-08-31T23:30Z,11,360,1.6,0.0,90.8,0.0,2.2,2.0,0.0,0.0,3.4
2023-08-31T23:30Z,12,306,6.0,0.0,75.1,0.0,8.0,6.8,0.0,0.0,4.1
2023-08-31T23:30Z,13,246,4.1,0.0,61.0,0.3,3.3,24.2,0.0,0.0,7.1
2023-08-31T23:30Z,14,306,1.8,0.0,76.7,1.0,3.7,10.1,0.0,0.0,6.7
2023-08-31T23:30Z,15,232,6.9,0.0,56.5,0.2,8.3,21.0,0.0,0.0,7.1
2023-08-31T23:30Z,16,35,3.2,0.0,8.0,3.5,0.0,57.1,0.0,0.0,28.2
2023-08-31T23:30Z,17,357,0.0,0.0,90.6,0.0,0.0,0.0,0.0,0.0,9.4
2023-08-31T23:30Z,18,219,6.1,0.0,53.6,0.5,7.0,23.4,0.0,0.0,9.3
2023-09-01T00:00Z,1,162,0.2,0.0,41.1,13.9,0.2,9.1,0.0,0.0,35.5
2023-09-01T00:00Z,2,18,3.5,0.0,3.5,0.0,3.2,67.6,0.0,0.0,22.1
2023-09-01T00:00Z,3,70,0.5,0.0,17.4,0.0,12.7,54.3,0.0,0.0,15.0
2023-09-01T00:00Z,4,2,0.0,0.0,0.0,0.0,65.1,33.7,0.0,0.0,1.2
2023-09-01T00:00Z,5,252,30.0,0.0,54.7,0.0,8.3,4.0,0.0,0.1,3.0
2023-09-01T00:00Z,6,152,1.0,0.0,38.2,0.0,5.6,35.9,0.0,0.1,19.3
2023-09-01T00:00Z,7,384,0.0,0.0,97.5,0.0,0.0,0.0,0.0,0.0,2.5
2023-09-01T00:00Z,8,202,2.4,0.0,50.5,0.0,6.7,28.9,0.0,0.1,11.4
2023-09-01T00:00Z,9,322,13.8,0.0,77.5,0.0,3.8,1.8,0.0,0.0,3.0
2023-09-01T00:00Z,10,186,4.9,0.0,45.8,0.0,1.4,39.7,0.0,0.0,8.2
2023-09-01T00:00Z,11,356,2.0,0.0,89.5,0.0,2.7,2.2,0.0,0.2,3.5
2023-09-01T00:00Z,12,303,5.9,0.0,74.4,0.0,8.2,7.1,0.0,0.1,4.4
2023-09-01T00:00Z,13,244,4.7,0.0,60.2,0.3,3.2,24.2,0.0,0.0,7.5
2023-09-01T00:00Z,14,302,2.6,0.0,75.7,0.9,2.5,10.3,0.0,0.1,7.8
2023-09-01T00:00Z,15,228,7.0,0.0,55.6,0.2,8.5,21.4,0.0,0.1,7.2
2023-09-01T00:00Z,16,35,3.3,0.0,7.8,3.0,0.0,58.0,0.0,0.0,27.9
2023-09-01T00:00Z,17,361,0.0,0.0,91.6,0.0,0.0,0.0,0.0,0.0,8.4
2023-09-01T00:00Z,18,218,6.2,0.0,53.4,0.5,7.2,23.5,0.0,0.1,9.2
2023-09-01T00:30Z,1,165,0.6,0.0,41.7,8.8,0.5,10.1,0.0,0.0,38.3
2023-09-01T00:30Z,2,18,3.8,0.0,3.5,0.0,3.2,67.1,0.0,0.0,22.4
2023-09-01T00:30Z,3,71,1.3,0.0,17.5,0.0,13.2,53.6,0.0,0.0,14.4
2023-09-01T00:30Z,4,2,0.0,0.0,0.0,0.0,66.2,32.7,0.0,0.0,1.2
2023-09-01T00:30Z,5,260,29.2,0.0,56.9,0.0,7.3,3.7,0.0,0.0,2.9
2023-09-01T00:30Z,6,154,1.3,0.0,38.5,0.0,5.7,35.5,0.0,0.0,18.9
2023-09-01T00:30Z,7,384,0.0,0.0,97.5,0.0,0.0,0.0,0.0,0.0,2.5
2023-09-01T00:30Z,8,212,3.1,0.0,52.9,0.0,6.4,27.1,0.0,0.0,10.5
2023-09-01T00:30Z,9,324,13.6,0.0,78.0,0.0,3.4,1.7,0.0,0.0,3.2
2023-09-01T00:30Z,10,173,4.2,0.0,42.7,0.0,1.0,42.8,0.0,0.0,9.3
2023-09-01T00:30Z,11,353,1.7,0.0,88.6,0.0,4.9,1.5,0.0,0.0,3.3
2023-09-01T00:30Z,12,293,5.3,0.0,71.1,0.0,15.3,5.2,0.0,0.0,3.1
2023-09-01T00:30Z,13,231,3.3,0.0,56.5,0.2,8.9,23.8,0.0,0.0,7.2
2023-09-01T00:30Z,14,274,1.1,0.0,67.1,0.7,16.1,8.6,0.0,0.0,6.4
2023-09-01T00:30Z,15,222,6.8,0.0,53.7,0.1,11.0,21.3,0.0,0.0,7.1
2023-09-01T00:30Z,16,36,3.5,0.0,8.2,2.0,0.0,58.4,0.0,0.0,28.0
2023-09-01T00:30Z,17,360,0.0,0.0,91.3,0.0,0.0,0.4,0.0,0.0,8.3
2023-09-01T00:30Z,18,215,6.1,0.0,52.1,0.3,9.4,23.1,0.0,0.0,8.9
2023-09-01T01:00Z,1,130,1.2,0.0,32.7,9.7,1.0,7.4,0.0,0.0,48.0
2023-09-01T01:00Z,2,18,4.1,0.0,3.4,0.0,3.5,66.1,0.0,0.1,22.9
2023-09-01T01:00Z,3,70,1.4,0.0,17.1,0.0,13.4,53.9,0.0,0.1,14.1
2023-09-01T01:00Z,4,2,0.0,0.0,0.0,0.0,66.4,32.5,0.0,0.0,1.1
2023-09-01T01:00Z,5,259,29.2,0.0,56.7,0.0,7.2,3.7,0.0,0.0,3.1
2023-09-01T01:00Z,6,148,1.5,0.0,36.9,0.0,6.0,36.5,0.0,0.1,19.0
2023-09-01T01:00Z,7,384,0.0,0.0,97.4,0.0,0.0,0.0,0.0,0.1,2.5
2023-09-01T01:00Z,8,211,3.3,0.0,52.4,0.0,6.5,27.3,0.0,0.1,10.4
2023-09-01T01:00Z,9,323,13.5,0.0,78.0,0.0,3.3,1.8,0.0,0.0,3.4
2023-09-01T01:00Z,10,169,4.0,0.0,41.7,0.0,1.0,43.1,0.0,0.0,10.2
2023-09-01T01:00Z,11,364,0.9,0.0,91.9,0.0,2.8,1.5,0.0,0.0,2.8
2023-09-01T01:00Z,12,294,4.9,0.0,71.2,0.0,15.8,5.3,0.0,0.0,2.7
2023-09-01T01:00Z,13,227,3.1,0.0,55.5,0.2,9.6,24.2,0.0,0.0,7.4
2023-09-01T01:00Z,14,270,1.0,0.0,65.8,0.7,17.3,8.9,0.0,0.0,6.4
2023-09-01T01:00Z,15,220,6.7,0.0,53.2,0.1,11.3,21.4,0.0,0.0,7.2
2023-09-01T01:00Z,16,34,3.9,0.0,7.4,2.0,0.0,57.8,0.0,0.1,28.9
2023-09-01T01:00Z,17,358,0.0,0.0,90.9,0.0,0.0,1.1,0.0,0.1,7.9
2023-09-01T01:00Z,18,213,6.1,0.0,51.6,0.3,9.6,23.2,0.0,0.0,9.1
2023-09-01T01:30Z,1,172,0.5,0.0,43.4,9.1,0.3,2.6,0.0,0.0,44.1
2023-09-01T01:30Z,2,19,4.2,0.0,3.5,0.0,2.7,66.6,0.0,0.0,23.0
2023-09-01T01:30Z,3,64,1.4,0.0,15.6,0.0,13.5,54.2,0.0,0.0,15.3
2023-09-01T01:30Z,4,2,0.0,0.0,0.0,0.0,66.1,32.7,0.0,0.0,1.2
2023-09-01T01:30Z,5,259,28.8,0.0,56.8,0.0,7.4,3.7,0.0,0.0,3.3
2023-09-01T01:30Z,6,145,1.5,0.0,36.3,0.0,5.6,36.1,0.0,0.0,20.5
2023-09-01T01:30Z,7,385,0.0,0.0,97.6,0.0,0.0,0.0,0.0,0.0,2.4
2023-09-01T01:30Z,8,206,3.4,0.0,51.1,0.0,6.6,27.4,0.0,0.0,11.4
2023-09-01T01:30Z,9,320,13.9,0.0,77.1,0.0,3.6,1.8,0.0,0.0,3.7
2023-09-01T01:30Z,10,161,4.0,0.0,39.7,0.0,1.0,45.1,0.0,0.0,10.1
2023-09-01T01:30Z,11,347,1.7,0.0,87.0,0.0,5.5,1.7,0.0,0.0,4.1
2023-09-01T01:30Z,12,293,5.0,0.0,70.9,0.0,15.7,5.4,0.0,0.0,3.0
2023-09-01T01:30Z,13,216,2.8,0.0,52.1,0.2,13.6,24.3,0.0,0.0,6.9
2023-09-01T01:30Z,14,247,0.5,0.0,59.0,0.6,26.8,7.8,0.0,0.0,5.1
2023-09-01T01:30Z,15,215,6.7,0.0,51.7,0.1,12.5,21.5,0.0,0.0,7.5
2023-09-01T01:30Z,16,30,4.0,0.0,6.3,2.0,0.0,58.0,0.0,0.0,29.6
2023-09-01T01:30Z,17,356,0.0,0.0,90.4,0.0,0.0,1.2,0.0,0.0,8.3
2023-09-01T01:30Z,18,208,6.1,0.0,50.3,0.3,10.6,23.4,0.0,0.0,9.4
2023-09-01T02:00Z,1,200,0.0,0.0,50.7,8.3,0.0,1.8,0.0,0.0,39.2
2023-09-01T02:00Z,2,20,4.5,0.0,3.6,0.1,2.1,66.2,0.0,0.2,23.2
2023-09-01T02:00Z,3,63,1.5,0.0,15.5,0.0,13.8,54.5,0.0,0.0,14.7
2023-09-01T02:00Z,4,2,0.0,0.0,0.0,0.0,65.1,33.7,0.0,0.0,1.2
2023-09-01T02:00Z,5,259,28.3,0.0,57.0,0.0,7.6,3.9,0.0,0.0,3.2
2023-09-01T02:00Z,6,145,1.7,0.0,36.4,0.0,5.5,36.3,0.0,0.3,19.8
2023-09-01T02:00Z,7,384,0.0,0.0,97.5,0.0,0.0,0.0,0.0,0.0,2.4
2023-09-01T02:00Z,8,202,3.4,0.0,50.1,0.0,6.9,28.1,0.0,0.2,11.4
2023-09-01T02:00Z,9,318,14.4,0.0,76.3,0.0,3.8,1.9,0.0,0.0,3.6
2023-09-01T02:00Z,10,159,4.7,0.0,39.0,0.0,1.2,45.2,0.0,0.0,9.8
2023-09-01T02:00Z,11,352,1.5,0.0,88.4,0.0,4.2,1.7,0.0,0.3,3.9
2023-09-01T02:00Z,12,290,5.5,0.0,70.3,0.0,15.3,5.6,0.0,0.1,3.3
2023-09-01T02:00Z,13,212,3.6,0.0,51.0,0.2,13.7,24.1,0.0,0.1,7.3
2023-09-01T02:00Z,14,235,1.3,0.0,55.4,0.6,29.0,7.6,0.0,0.1,6.0
2023-09-01T02:00Z,15,213,6.9,0.0,51.3,0.1,12.6,21.8,0.0,0.0,7.3
2023-09-01T02:00Z,16,32,4.2,0.0,6.9,2.0,0.0,56.5,0.0,0.2,30.1
2023-09-01T02:00Z,17,352,0.1,0.0,89.3,0.0,0.0,1.8,0.0,0.0,8.7
2023-09-01T02:00Z,18,206,6.2,0.0,49.8,0.3,10.7,23.6,0.0,0.0,9.4
2023-09-01T02:30Z,1,229,0.0,0.0,58.1,7.7,0.0,1.5,0.0,0.0,32.7
2023-09-01T02:30Z,2,30,4.8,0.0,6.1,0.3,1.3,63.9,0.0,0.0,23.6
2023-09-01T02:30Z,3,65,1.9,0.0,15.8,0.0,14.2,53.7,0.0,0.0,14.4
2023-09-01T02:30Z,4,2,0.0,0.0,0.0,0.0,66.1,32.7,0.0,0.0,1.2
2023-09-01T02:30Z,5,261,28.0,0.0,57.7,0.0,7.3,3.8,0.0,0.0,3.2
2023-09-01T02:30Z,6,147,2.0,0.0,36.8,0.1,5.4,36.1,0.0,0.0,19.6
2023-09-01T02:30Z,7,385,0.0,0.0,97.7,0.0,0.0,0.0,0.0,0.0,2.3
2023-09-01T02:30Z,8,209,3.5,0.0,52.0,0.0,6.6,27.4,0.0,0.0,10.5
2023-09-01T02:30Z,9,323,13.3,0.0,77.9,0.0,3.5,1.8,0.0,0.0,3.5
2023-09-01T02:30Z,10,165,4.3,0.0,40.6,0.0,1.1,44.2,0.0,0.0,9.7
2023-09-01T02:30Z,11,345,1.7,0.0,86.5,0.0,6.0,1.8,0.0,0.0,4.1
2023-09-01T02:30Z,12,270,5.6,0.0,64.3,0.0,20.1,6.6,0.0,0.0,3.3
2023-09-01T02:30Z,13,224,3.3,0.0,54.6,0.2,10.7,24.3,0.0,0.0,7.0
2023-09-01T02:30Z,14,274,0.9,0.0,67.0,0.5,17.8,8.5,0.0,0.0,5.3
2023-09-01T02:30Z,15,218,6.8,0.0,52.6,0.1,12.0,21.6,0.0,0.0,7.0
2023-09-01T02:30Z,16,40,4.8,0.0,8.6,2.0,0.0,55.5,0.0,0.0,29.0
2023-09-01T02:30Z,17,353,0.2,0.0,89.6,0.1,0.0,2.0,0.0,0.0,8.2
2023-09-01T02:30Z,18,211,6.2,0.0,51.1,0.3,10.2,23.3,0.0,0.0,9.0
2023-09-01T03:00Z,1,240,0.0,0.0,61.0,7.9,0.0,1.2,0.0,0.0,29.9
2023-09-01T03:00Z,2,35,4.6,0.0,7.4,0.4,0.6,61.2,0.0,0.2,25.6
2023-09-01T03:00Z,3,72,1.6,0.0,17.6,0.1,13.7,52.9,0.0,0.3,13.9
2023-09-01T03:00Z,4,2,0.0,0.0,0.0,0.0,66.1,32.6,0.0,0.1,1.2
2023-09-01T03:00Z,5,258,28.2,0.0,56.7,0.0,7.8,3.9,0.0,0.0,3.3
2023-09-01T03:00Z,6,145,1.9,0.0,36.3,0.1,5.1,36.1,0.0,0.6,19.9
2023-09-01T03:00Z,7,385,0.0,0.0,97.7,0.0,0.0,0.0,0.0,0.0,2.3
2023-09-01T03:00Z,8,206,3.4,0.0,51.2,0.1,6.6,27.3,0.0,0.4,10.9
2023-09-01T03:00Z,9,322,13.4,0.0,77.5,0.0,3.7,1.8,0.0,0.1,3.4
2023-09-01T03:00Z,10,166,4.5,0.0,40.7,0.0,1.2,44.0,0.0,0.2,9.4
2023-09-01T03:00Z,11,350,1.5,0.0,87.7,0.0,5.2,1.7,0.0,0.3,3.7
2023-09-01T03:00Z,12,268,5.6,0.0,64.1,0.0,19.7,7.2,0.0,0.1,3.4
2023-09-01T03:00Z,13,225,3.3,0.0,55.0,0.2,10.3,24.5,0.0,0.2,6.6
2023-09-01T03:00Z,14,278,0.9,0.0,68.0,0.5,16.5,8.9,0.0,0.2,4.9
2023-09-01T03:00Z,15,219,6.6,0.0,53.0,0.1,11.7,21.6,0.0,0.2,6.8
2023-09-01T03:00Z,16,41,5.4,0.0,8.7,2.1,0.0,53.1,0.0,0.4,30.3
2023-09-01T03:00Z,17,347,0.3,0.0,88.0,0.1,0.0,2.4,0.0,0.0,9.1
2023-09-01T03:00Z,18,211,6.1,0.0,51.2,0.3,10.0,23.2,0.0,0.2,9.0
2023-09-01T03:30Z,1,205,0.0,0.0,52.1,14.2,0.0,0.0,0.0,0.0,33.7
2023-09-01T03:30Z,2,27,4.3,0.0,5.5,0.4,0.3,61.8,0.0,0.0,27.7
2023-09-01T03:30Z,3,75,1.2,0.0,18.5,0.1,13.1,53.4,0.0,0.0,13.7
2023-09-01T03:30Z,4,2,0.0,0.0,0.0,0.0,65.0,33.7,0.0,0.0,1.3
2023-09-01T03:30Z,5,256,27.6,0.0,56.6,0.0,8.3,4.0,0.0,0.0,3.5
2023-09-01T03:30Z,6,144,1.7,0.0,36.1,0.1,4.8,37.1,0.0,0.0,20.2
2023-09-01T03:30Z,7,385,0.0,0.0,97.7,0.0,0.0,0.0,0.0,0.0,2.3
2023-09-01T03:30Z,8,208,2.7,0.0,52.0,0.1,6.3,28.0,0.0,0.0,11.0
2023-09-01T03:30Z,9,321,13.4,0.0,77.3,0.0,4.0,1.9,0.0,0.0,3.4
2023-09-01T03:30Z,10,172,4.9,0.0,42.2,0.0,1.5,43.0,0.0,0.0,8.5
2023-09-01T03:30Z,11,362,1.6,0.0,91.3,0.0,1.1,1.8,0.0,0.0,4.2
2023-09-01T03:30Z,12,309,6.8,0.0,76.2,0.0,4.7,7.2,0.0,0.0,5.0
2023-09-01T03:30Z,13,246,4.3,0.0,60.9,0.3,2.7,24.5,0.0,0.0,7.3
2023-09-01T03:30Z,14,314,1.8,0.0,78.8,0.7,3.5,9.2,0.0,0.0,6.1
2023-09-01T03:30Z,15,230,6.7,0.0,56.2,0.2,7.9,21.7,0.0,0.0,7.3
2023-09-01T03:30Z,16,38,4.7,0.0,8.2,3.3,0.0,52.3,0.0,0.0,31.6
2023-09-01T03:30Z,17,346,0.3,0.0,87.7,0.3,0.0,3.3,0.0,0.0,8.5
2023-09-01T03:30Z,18,220,6.2,0.0,53.8,0.5,6.7,23.3,0.0,0.0,9.5
2023-09-01T04:00Z,1,159,0.0,0.0,40.3,24.7,0.0,0.1,0.0,0.0,34.8
2023-09-01T04:00Z,2,21,4.6,0.0,3.8,0.3,0.3,61.3,0.0,0.3,29.3
2023-09-01T04:00Z,3,72,1.2,0.0,17.7,0.1,13.0,53.5,0.0,0.2,14.3
2023-09-01T04:00Z,4,2,0.0,0.0,0.0,0.0,65.0,33.6,0.0,0.1,1.4
2023-09-01T04:00Z,5,255,27.6,0.0,56.3,0.0,8.2,3.8,0.0,0.1,4.1
2023-09-01T04:00Z,6,143,1.7,0.0,35.8,0.1,4.7,36.9,0.0,0.6,20.2
2023-09-01T04:00Z,7,385,0.0,0.0,97.8,0.0,0.0,0.0,0.0,0.0,2.2
2023-09-01T04:00Z,8,204,2.8,0.0,50.8,0.1,6.4,27.9,0.0,0.5,11.6
2023-09-01T04:00Z,9,322,13.0,0.0,77.7,0.0,3.8,1.8,0.0,0.1,3.7
2023-09-01T04:00Z,10,175,4.7,0.0,43.0,0.0,1.4,42.1,0.0,0.1,8.7
2023-09-01T04:00Z,11,367,0.9,0.0,92.8,0.0,0.6,2.0,0.0,0.3,3.4
2023-09-01T04:00Z,12,310,6.5,0.0,76.7,0.0,4.3,7.2,0.0,0.2,5.1
2023-09-01T04:00Z,13,250,4.1,0.0,62.1,0.4,2.4,23.6,0.0,0.1,7.2
2023-09-01T04:00Z,14,319,1.6,0.0,80.1,1.1,2.7,8.6,0.0,0.2,5.7
2023-09-01T04:00Z,15,231,6.6,0.0,56.5,0.4,7.6,21.2,0.0,0.1,7.5
2023-09-01T04:00Z,16,39,4.6,0.0,8.4,5.6,0.0,49.4,0.0,0.9,31.0
2023-09-01T04:00Z,17,336,0.5,0.0,85.0,0.6,0.0,3.7,0.0,0.2,10.0
2023-09-01T04:00Z,18,219,6.0,0.0,53.8,0.9,6.4,22.8,0.0,0.2,9.8
2023-09-01T04:30Z,1,136,0.0,0.0,34.6,33.0,0.0,0.3,0.0,0.0,32.1
2023-09-01T04:30Z,2,20,4.9,0.0,3.7,0.2,1.3,57.7,0.0,0.0,32.2
2023-09-01T04:30Z,3,81,1.6,0.0,19.9,0.0,13.0,51.1,0.0,0.0,14.4
2023-09-01T04:30Z,4,2,0.0,0.0,0.0,0.0,65.7,32.9,0.0,0.0,1.5
2023-09-01T04:30Z,5,267,25.3,0.0,59.9,0.0,6.8,3.6,0.0,0.0,4.4
2023-09-01T04:30Z,6,139,1.9,0.0,34.7,0.1,5.5,35.7,0.0,0.0,22.0
2023-09-01T04:30Z,7,384,0.0,0.0,97.5,0.0,0.0,0.0,0.0,0.0,2.5
2023-09-01T04:30Z,8,208,3.2,0.0,51.8,0.0,6.5,26.8,0.0,0.0,11.6
2023-09-01T04:30Z,9,327,11.9,0.0,79.4,0.0,3.2,1.7,0.0,0.0,3.9
2023-09-01T04:30Z,10,183,4.4,0.0,45.1,0.0,1.2,40.2,0.0,0.0,9.2
2023-09-01T04:30Z,11,354,1.5,0.0,89.1,0.0,3.4,2.1,0.0,0.0,3.9
2023-09-01T04:30Z,12,291,5.4,0.0,71.0,0.0,12.2,7.1,0.0,0.0,4.2
2023-09-01T04:30Z,13,242,3.5,0.0,59.6,0.5,6.2,23.4,0.0,0.0,6.8
2023-09-01T04:30Z,14,298,1.2,0.0,74.0,1.4,9.8,8.5,0.0,0.0,5.1
2023-09-01T04:30Z,15,229,6.1,0.0,55.9,0.5,9.6,20.4,0.0,0.0,7.5
2023-09-01T04:30Z,16,37,4.8,0.0,7.9,8.4,0.0,46.0,0.0,0.0,32.9
2023-09-01T04:30Z,17,330,0.6,0.0,83.6,0.8,0.0,3.8,0.0,0.0,11.2
2023-09-01T04:30Z,18,217,5.6,0.0,53.0,1.3,8.1,21.9,0.0,0.0,10.1
2023-09-01T05:00Z,1,125,0.1,0.0,31.7,36.0,0.0,0.7,0.0,0.0,31.5
2023-09-01T05:00Z,2,21,5.6,0.0,3.5,0.1,1.8,55.8,0.0,0.1,33.1
2023-09-01T05:00Z,3,91,1.7,0.0,22.4,0.0,12.5,49.7,0.0,0.0,13.6
2023-09-01T05:00Z,4,2,0.0,0.0,0.0,0.0,66.7,31.7,0.0,0.0,1.6
2023-09-01T05:00Z,5,272,24.4,0.0,61.7,0.0,5.9,3.1,0.0,0.0,4.9
2023-09-01T05:00Z,6,160,2.0,0.0,40.1,0.0,5.2,32.0,0.0,0.5,20.2
2023-09-01T05:00Z,7,385,0.0,0.0,97.8,0.0,0.0,0.0,0.0,0.0,2.1
2023-09-01T05:00Z,8,223,3.1,0.0,55.5,0.0,5.9,24.8,0.0,0.2,10.5
2023-09-01T05:00Z,9,333,10.9,0.0,81.1,0.0,2.6,1.5,0.0,0.1,3.8
2023-09-01T05:00Z,10,197,4.1,0.0,48.9,0.0,1.0,37.2,0.0,0.3,8.6
2023-09-01T05:00Z,11,336,2.4,0.0,84.1,0.0,5.6,2.1,0.0,1.5,4.3
2023-09-01T05:00Z,12,294,5.1,0.0,71.6,0.0,12.1,7.1,0.0,0.2,3.9
2023-09-01T05:00Z,13,251,3.1,0.0,62.2,0.5,6.0,21.7,0.0,0.3,6.3
2023-09-01T05:00Z,14,305,0.9,0.0,75.8,1.4,9.5,7.5,0.0,0.3,4.6
2023-09-01T05:00Z,15,238,5.8,0.0,58.2,0.6,9.3,19.2,0.0,0.2,6.7
2023-09-01T05:00Z,16,35,5.0,0.0,7.3,9.6,0.0,42.4,0.0,0.1,35.6
2023-09-01T05:00Z,17,336,0.4,0.0,85.1,0.9,0.0,3.5,0.0,0.1,10.1
2023-09-01T05:00Z,18,224,5.4,0.0,54.8,1.5,7.8,20.5,0.0,0.2,9.8
2023-09-01T05:30Z,1,118,0.1,0.0,30.1,38.8,0.0,1.2,0.0,0.0,29.9
2023-09-01T05:30Z,2,20,5.4,0.0,3.4,0.0,1.7,56.8,0.0,0.1,32.5
2023-09-01T05:30Z,3,91,1.7,0.0,22.6,0.0,12.6,49.3,0.0,0.0,13.7
2023-09-01T05:30Z,4,2,0.0,0.0,0.0,0.0,66.2,32.2,0.0,0.0,1.6
2023-09-01T05:30Z,5,273,24.5,0.0,61.8,0.0,5.9,2.9,0.0,0.0,4.9
2023-09-01T05:30Z,6,158,1.9,0.0,39.4,0.0,5.1,33.1,0.0,0.5,19.9
2023-09-01T05:30Z,7,385,0.0,0.0,97.8,0.0,0.0,0.0,0.0,0.0,2.1
2023-09-01T05:30Z,8,225,3.2,0.0,56.1,0.0,6.0,24.0,0.0,0.2,10.6
2023-09-01T05:30Z,9,333,10.9,0.0,81.3,0.0,2.6,1.3,0.0,0.1,3.8
2023-09-01T05:30Z,10,195,4.0,0.0,48.4,0.0,1.0,37.9,0.0,0.3,8.5
2023-09-01T05:30Z,11,337,2.4,0.0,84.1,0.0,5.6,2.1,0.0,1.5,4.3
2023-09-01T05:30Z,12,296,5.1,0.0,72.1,0.0,12.1,6.4,0.0,0.2,4.0
2023-09-01T05:30Z,13,254,3.1,0.0,62.9,0.5,6.1,20.8,0.0,0.3,6.4
2023-09-01T05:30Z,14,307,0.9,0.0,76.3,1.3,9.6,6.9,0.0,0.3,4.6
2023-09-01T05:30Z,15,239,5.8,0.0,58.4,0.5,9.3,18.9,0.0,0.2,6.8
2023-09-01T05:30Z,16,33,4.8,0.0,7.0,10.9,0.0,42.8,0.0,0.1,34.3
2023-09-01T05:30Z,17,337,0.4,0.0,85.4,0.8,0.0,3.2,0.0,0.1,10.1
2023-09-01T05:30Z,18,224,5.4,0.0,54.7,1.6,7.8,20.5,0.0,0.2,9.8
