from,regions.regionid,regions.intensity.forecast,biomass,coal,gas,hydro,imports,nuclear,other,solar,wind
2023-05-29T18:00Z,1,2,1.4,0.0,0.2,44.7,2.1,15.1,0.0,0.5,36.1
2023-05-29T18:00Z,2,12,6.5,0.0,0.9,0.0,10.0,68.2,0.0,2.5,11.9
2023-05-29T18:00Z,3,57,1.0,0.0,14.1,0.0,9.0,61.6,0.0,1.2,13.2
2023-05-29T18:00Z,4,4,2.7,0.0,0.0,0.0,47.4,47.2,0.0,1.5,1.2
2023-05-29T18:00Z,5,167,22.9,0.0,35.3,0.0,9.9,9.1,0.0,3.3,19.6
2023-05-29T18:00Z,6,36,0.8,0.0,8.7,11.6,4.8,29.1,0.0,7.7,37.2
2023-05-29T18:00Z,7,320,0.0,0.0,81.3,0.0,0.0,0.0,0.0,5.2,13.6
2023-05-29T18:00Z,8,139,0.2,0.0,33.5,0.1,21.0,17.8,0.0,8.0,19.4
2023-05-29T18:00Z,9,182,0.0,0.0,42.4,0.0,12.4,3.4,0.0,7.3,34.4
2023-05-29T18:00Z,10,78,0.0,0.0,10.2,0.1,24.8,8.4,0.0,4.2,52.3
2023-05-29T18:00Z,11,136,0.0,0.0,33.6,0.1,25.3,0.1,0.0,30.8,10.2
2023-05-29T18:00Z,12,103,0.0,0.0,24.1,0.3,56.5,0.1,0.0,8.3,10.7
2023-05-29T18:00Z,13,75,0.0,0.0,15.6,0.5,55.1,1.3,0.0,2.0,25.6
2023-05-29T18:00Z,14,75,0.0,0.0,16.4,0.6,59.7,0.0,0.0,1.7,21.6
2023-05-29T18:00Z,15,100,2.9,0.0,21.4,0.2,28.1,16.8,0.0,6.2,24.5
2023-05-29T18:00Z,16,36,3.2,0.0,7.9,17.0,2.1,42.1,0.0,2.6,25.1
2023-05-29T18:00Z,17,231,0.0,0.0,58.6,6.8,0.0,0.2,0.0,5.5,28.8
2023-05-29T18:00Z,18,101,2.7,0.0,22.3,2.8,22.8,18.9,0.0,5.6,24.9
2023-05-29T18:30Z,1,2,1.3,0.0,0.2,36.4,2.5,18.3,0.0,0.4,41.0
2023-05-29T18:30Z,2,9,5.1,0.0,0.7,0.0,9.9,70.7,0.0,1.7,11.9
2023-05-29T18:30Z,3,54,0.9,0.0,13.5,0.0,9.3,62.9,0.0,0.8,12.6
2023-05-29T18:30Z,4,3,2.1,0.0,0.0,0.0,47.6,48.6,0.0,0.9,0.8
2023-05-29T18:30Z,5,168,25.2,0.0,34.9,0.0,9.7,9.8,0.0,1.9,18.5
2023-05-29T18:30Z,6,36,0.8,0.0,8.8,10.2,4.7,31.6,0.0,5.1,38.8
2023-05-29T18:30Z,7,333,0.0,0.0,84.5,0.0,0.0,0.0,0.0,3.0,12.5
2023-05-29T18:30Z,8,160,0.7,0.0,38.8,0.1,18.7,17.9,0.0,4.9,19.0
2023-05-29T18:30Z,9,196,1.3,0.0,45.8,0.0,11.1,3.8,0.0,4.7,33.3
2023-05-29T18:30Z,10,82,0.0,0.0,10.9,0.1,25.3,8.3,0.0,2.6,52.9
2023-05-29T18:30Z,11,140,0.0,0.0,34.5,0.1,31.8,0.1,0.0,22.4,11.1
2023-05-29T18:30Z,12,111,0.0,0.0,26.1,0.2,57.3,0.1,0.0,5.4,10.8
2023-05-29T18:30Z,13,88,0.0,0.0,18.9,0.4,52.6,1.2,0.0,1.3,25.6
2023-05-29T18:30Z,14,89,0.0,0.0,20.3,0.4,57.2,0.0,0.0,1.1,21.0
2023-05-29T18:30Z,15,105,3.1,0.0,22.6,0.1,28.8,17.1,0.0,3.9,24.3
2023-05-29T18:30Z,16,40,2.4,0.0,9.3,12.9,2.3,45.0,0.0,1.8,26.3
2023-05-29T18:30Z,17,238,0.0,0.0,60.5,7.7,0.0,0.3,0.0,3.4,28.1
2023-05-29T18:30Z,18,107,2.8,0.0,23.7,2.3,23.4,19.4,0.0,3.6,24.8
2023-05-29T19:00Z,1,3,1.7,0.0,0.1,29.3,2.7,21.0,0.0,0.3,44.8
2023-05-29T19:00Z,2,9,5.9,0.0,0.5,0.0,9.5,71.3,0.0,0.9,11.9
2023-05-29T19:00Z,3,54,1.2,0.0,13.2,0.0,9.9,63.8,0.0,0.4,11.3
2023-05-29T19:00Z,4,4,2.7,0.0,0.0,0.0,48.0,48.2,0.0,0.5,0.7
2023-05-29T19:00Z,5,175,24.4,0.0,37.0,0.0,9.7,10.1,0.0,0.9,17.8
2023-05-29T19:00Z,6,38,1.1,0.0,9.3,7.7,5.2,33.2,0.0,2.7,40.8
2023-05-29T19:00Z,7,342,0.0,0.0,86.7,0.0,0.0,0.0,0.0,1.5,11.8
2023-05-29T19:00Z,8,159,0.7,0.0,38.3,0.0,20.2,18.6,0.0,2.4,19.7
2023-05-29T19:00Z,9,197,1.0,0.0,45.9,0.0,11.8,4.2,0.0,2.3,34.9
2023-05-29T19:00Z,10,82,0.0,0.0,10.8,0.0,25.2,8.5,0.0,1.2,54.3
2023-05-29T19:00Z,11,155,0.0,0.0,38.0,0.1,36.3,0.1,0.0,12.8,12.8
2023-05-29T19:00Z,12,109,0.0,0.0,25.6,0.1,59.6,0.1,0.0,2.7,11.7
2023-05-29T19:00Z,13,87,0.0,0.0,18.6,0.2,51.5,1.5,0.0,0.7,27.6
2023-05-29T19:00Z,14,88,0.0,0.0,20.1,0.3,56.9,0.0,0.0,0.5,22.2
2023-05-29T19:00Z,15,107,3.2,0.0,23.1,0.1,29.6,17.7,0.0,1.9,24.5
2023-05-29T19:00Z,16,41,2.6,0.0,9.2,9.3,3.2,47.2,0.0,1.0,27.4
2023-05-29T19:00Z,17,236,0.1,0.0,59.8,6.1,1.0,0.4,0.0,1.8,30.8
2023-05-29T19:00Z,18,109,2.9,0.0,24.0,1.7,24.2,20.1,0.0,1.8,25.3
2023-05-29T19:30Z,1,3,1.7,0.0,0.2,25.4,3.1,22.8,0.0,0.1,46.8
2023-05-29T19:30Z,2,9,5.4,0.0,0.6,0.0,10.0,71.2,0.0,0.3,12.5
2023-05-29T19:30Z,3,55,1.3,0.0,13.6,0.0,10.0,65.2,0.0,0.1,9.8
2023-05-29T19:30Z,4,4,2.7,0.0,0.0,0.0,48.6,48.0,0.0,0.1,0.6
2023-05-29T19:30Z,5,178,25.3,0.0,37.5,0.0,9.7,9.8,0.0,0.2,17.4
2023-05-29T19:30Z,6,35,1.1,0.0,8.4,6.8,5.2,34.7,0.0,0.7,43.0
2023-05-29T19:30Z,7,346,0.0,0.0,87.9,0.0,0.0,0.0,0.0,0.4,11.7
2023-05-29T19:30Z,8,146,0.5,0.0,34.8,0.1,23.9,18.6,0.0,0.6,21.6
2023-05-29T19:30Z,9,179,0.3,0.0,40.7,0.0,14.5,4.4,0.0,0.5,39.5
2023-05-29T19:30Z,10,80,0.0,0.0,10.9,0.0,24.5,8.9,0.0,0.3,55.3
2023-05-29T19:30Z,11,181,0.0,0.0,44.6,0.1,38.5,0.1,0.0,3.4,13.4
2023-05-29T19:30Z,12,107,0.0,0.0,25.1,0.1,61.5,0.2,0.0,0.6,12.6
2023-05-29T19:30Z,13,88,0.0,0.0,19.1,0.2,53.0,1.7,0.0,0.1,26.0
2023-05-29T19:30Z,14,90,0.0,0.0,20.4,0.2,57.4,0.0,0.0,0.1,21.9
2023-05-29T19:30Z,15,107,3.1,0.0,23.1,0.1,29.8,18.0,0.0,0.5,25.5
2023-05-29T19:30Z,16,37,3.4,0.0,8.1,7.9,2.7,49.8,0.0,0.3,27.9
2023-05-29T19:30Z,17,237,0.1,0.0,60.0,5.3,0.7,0.4,0.0,0.5,33.1
2023-05-29T19:30Z,18,108,2.9,0.0,24.0,1.4,24.3,20.6,0.0,0.4,26.3
2023-05-29T20:00Z,1,3,1.8,0.0,0.1,26.3,3.0,22.0,0.0,0.0,46.9
2023-05-29T20:00Z,2,9,5.8,0.0,0.5,0.0,9.9,70.5,0.0,0.0,13.3
2023-05-29T20:00Z,3,58,1.4,0.0,14.3,0.0,10.3,66.1,0.0,0.0,7.8
2023-05-29T20:00Z,4,5,3.2,0.0,0.0,0.0,49.1,47.2,0.0,0.0,0.5
2023-05-29T20:00Z,5,178,24.8,0.0,37.7,0.0,10.0,10.0,0.0,0.0,17.5
2023-05-29T20:00Z,6,36,1.3,0.0,8.7,5.8,5.6,36.9,0.0,0.0,41.7
2023-05-29T20:00Z,7,346,0.0,0.0,87.9,0.0,0.0,0.0,0.0,0.0,12.1
2023-05-29T20:00Z,8,156,0.5,0.0,37.2,0.1,22.2,18.9,0.0,0.0,21.1
2023-05-29T20:00Z,9,184,0.3,0.0,42.2,0.0,13.4,4.6,0.0,0.0,39.5
2023-05-29T20:00Z,10,77,0.0,0.0,10.0,0.0,23.9,9.7,0.0,0.0,56.3
2023-05-29T20:00Z,11,187,0.0,0.0,45.9,0.1,39.4,0.1,0.0,0.0,14.5
2023-05-29T20:00Z,12,108,0.0,0.0,25.2,0.1,61.6,0.2,0.0,0.0,12.9
2023-05-29T20:00Z,13,86,0.0,0.0,18.1,0.2,50.9,2.0,0.0,0.0,28.9
2023-05-29T20:00Z,14,89,0.0,0.0,20.1,0.2,57.5,0.0,0.0,0.0,22.2
2023-05-29T20:00Z,15,108,3.2,0.0,23.4,0.1,29.9,17.9,0.0,0.0,25.5
2023-05-29T20:00Z,16,34,3.1,0.0,7.5,8.8,2.4,50.4,0.0,0.0,27.8
2023-05-29T20:00Z,17,249,0.1,0.0,63.0,3.0,0.5,0.9,0.0,0.0,32.5
2023-05-29T20:00Z,18,109,2.9,0.0,24.3,1.4,24.4,20.7,0.0,0.0,26.3
2023-05-29T20:30Z,1,2,1.5,0.0,0.1,23.5,3.4,22.4,0.0,0.0,49.0
2023-05-29T20:30Z,2,7,4.4,0.0,0.4,0.0,10.1,70.8,0.0,0.0,14.3
2023-05-29T20:30Z,3,63,1.6,0.0,15.4,0.0,10.9,66.2,0.0,0.0,5.8
2023-05-29T20:30Z,4,4,2.4,0.0,0.0,0.0,50.5,46.6,0.0,0.0,0.4
2023-05-29T20:30Z,5,177,26.4,0.0,36.6,0.0,9.6,9.4,0.0,0.0,18.0
2023-05-29T20:30Z,6,40,1.3,0.0,9.7,3.9,6.6,37.9,0.0,0.0,40.7
2023-05-29T20:30Z,7,341,0.0,0.0,86.6,0.0,0.0,0.0,0.0,0.0,13.4
2023-05-29T20:30Z,8,143,0.4,0.0,33.9,0.1,23.7,20.8,0.0,0.0,21.2
2023-05-29T20:30Z,9,180,0.0,0.0,41.4,0.0,13.2,5.6,0.0,0.0,39.8
2023-05-29T20:30Z,10,72,0.0,0.0,9.5,0.0,22.6,10.6,0.0,0.0,57.3
2023-05-29T20:30Z,11,197,0.0,0.0,48.6,0.1,36.3,0.1,0.0,0.0,14.9
2023-05-29T20:30Z,12,106,0.0,0.0,24.7,0.1,61.6,0.3,0.0,0.0,13.4
2023-05-29T20:30Z,13,87,0.0,0.0,18.5,0.1,49.5,2.5,0.0,0.0,29.4
2023-05-29T20:30Z,14,91,0.0,0.0,20.7,0.2,56.2,0.0,0.0,0.0,22.9
2023-05-29T20:30Z,15,108,3.2,0.0,23.6,0.1,29.2,18.5,0.0,0.0,25.5
2023-05-29T20:30Z,16,34,3.7,0.0,7.1,7.9,2.8,50.0,0.0,0.0,28.6
2023-05-29T20:30Z,17,242,0.2,0.0,61.3,1.2,1.4,1.7,0.0,0.0,34.3
2023-05-29T20:30Z,18,108,3.0,0.0,24.1,1.1,24.0,21.3,0.0,0.0,26.5
2023-05-29T21:00Z,1,2,1.5,0.0,0.0,15.7,3.0,24.1,0.0,0.0,55.7
2023-05-29T21:00Z,2,5,4.5,0.0,0.0,0.0,9.0,71.6,0.0,0.0,15.0
2023-05-29T21:00Z,3,55,1.4,0.0,13.5,0.0,11.6,67.6,0.0,0.0,5.9
2023-05-29T21:00Z,4,3,2.0,0.0,0.0,0.0,50.9,46.7,0.0,0.0,0.4
2023-05-29T21:00Z,5,165,28.5,0.0,33.2,0.0,11.0,10.7,0.0,0.0,16.6
2023-05-29T21:00Z,6,31,1.3,0.0,7.5,1.6,6.6,39.5,0.0,0.0,43.4
2023-05-29T21:00Z,7,328,0.0,0.0,83.2,0.0,0.0,0.4,0.0,0.0,16.4
2023-05-29T21:00Z,8,114,0.7,0.0,26.3,0.1,24.5,24.5,0.0,0.0,23.9
2023-05-29T21:00Z,9,167,0.7,0.0,37.9,0.0,12.8,6.7,0.0,0.0,41.8
2023-05-29T21:00Z,10,67,0.0,0.0,8.3,0.0,22.1,11.4,0.0,0.0,58.2
2023-05-29T21:00Z,11,175,0.0,0.0,42.9,0.0,39.7,0.2,0.0,0.0,17.3
2023-05-29T21:00Z,12,87,0.0,0.0,19.8,0.0,64.9,0.4,0.0,0.0,14.9
2023-05-29T21:00Z,13,80,0.0,0.0,16.6,0.0,48.9,2.9,0.0,0.0,31.6
2023-05-29T21:00Z,14,85,0.0,0.0,19.2,0.1,57.2,0.0,0.0,0.0,23.6
2023-05-29T21:00Z,15,98,3.4,0.0,20.8,0.0,30.1,19.3,0.0,0.0,26.5
2023-05-29T21:00Z,16,26,3.4,0.0,5.2,4.7,3.6,53.1,0.0,0.0,30.0
2023-05-29T21:00Z,17,214,0.4,0.0,53.9,0.0,3.5,2.6,0.0,0.0,39.7
2023-05-29T21:00Z,18,97,3.2,0.0,21.2,0.6,25.0,22.2,0.0,0.0,27.8
2023-05-29T21:30Z,1,2,1.3,0.0,0.0,9.3,3.5,26.9,0.0,0.0,59.1
2023-05-29T21:30Z,2,4,3.3,0.0,0.0,0.0,9.0,72.2,0.0,0.0,15.6
2023-05-29T21:30Z,3,53,1.1,0.0,12.9,0.0,11.6,68.7,0.0,0.0,5.7
2023-05-29T21:30Z,4,3,1.9,0.0,0.0,0.0,52.0,45.7,0.0,0.0,0.4
2023-05-29T21:30Z,5,164,30.0,0.0,32.5,0.0,11.6,11.0,0.0,0.0,14.9
2023-05-29T21:30Z,6,29,1.0,0.0,7.0,0.6,6.5,40.6,0.0,0.0,44.3
2023-05-29T21:30Z,7,326,0.0,0.0,82.7,0.0,0.0,0.5,0.0,0.0,16.8
2023-05-29T21:30Z,8,93,0.8,0.0,21.8,0.1,25.1,26.9,0.0,0.0,25.4
2023-05-29T21:30Z,9,136,1.2,0.0,31.5,0.0,11.7,7.9,0.0,0.0,47.6
2023-05-29T21:30Z,10,52,0.0,0.0,8.4,0.0,15.1,13.5,0.0,0.0,63.0
2023-05-29T21:30Z,11,210,0.0,0.0,52.3,0.0,31.4,0.2,0.0,0.0,16.1
2023-05-29T21:30Z,12,69,0.0,0.0,15.1,0.0,68.7,0.5,0.0,0.0,15.7
2023-05-29T21:30Z,13,62,0.0,0.0,12.8,0.0,51.3,3.6,0.0,0.0,32.3
2023-05-29T21:30Z,14,66,0.0,0.0,14.1,0.0,61.7,0.0,0.0,0.0,24.2
2023-05-29T21:30Z,15,84,3.6,0.0,18.2,0.0,29.9,20.7,0.0,0.0,27.5
2023-05-29T21:30Z,16,27,3.8,0.0,5.5,2.4,3.3,54.6,0.0,0.0,30.3
2023-05-29T21:30Z,17,221,0.3,0.0,56.0,0.0,2.5,2.9,0.0,0.0,38.3
2023-05-29T21:30Z,18,87,3.4,0.0,19.5,0.3,24.6,23.6,0.0,0.0,28.7
2023-05-29T22:00Z,1,2,1.3,0.0,0.0,9.8,3.1,28.2,0.0,0.0,57.7
2023-05-29T22:00Z,2,4,3.6,0.0,0.0,0.0,8.9,72.8,0.0,0.0,14.7
2023-05-29T22:00Z,3,41,1.2,0.0,10.0,0.0,12.1,69.6,0.0,0.0,7.1
2023-05-29T22:00Z,4,3,2.1,0.0,0.0,0.0,52.8,44.7,0.0,0.0,0.4
2023-05-29T22:00Z,5,152,30.8,0.0,29.2,0.0,12.6,11.6,0.0,0.0,15.7
2023-05-29T22:00Z,6,23,1.1,0.0,5.5,0.4,6.7,42.5,0.0,0.0,43.8
2023-05-29T22:00Z,7,303,0.0,0.0,76.7,0.0,1.1,0.6,0.0,0.0,21.5
2023-05-29T22:00Z,8,69,0.9,0.0,15.6,0.0,26.4,29.2,0.0,0.0,27.9
2023-05-29T22:00Z,9,119,1.2,0.0,27.2,0.0,12.1,9.4,0.0,0.0,50.1
2023-05-29T22:00Z,10,45,0.0,0.0,6.9,0.0,14.8,15.3,0.0,0.0,63.0
2023-05-29T22:00Z,11,204,0.0,0.0,50.7,0.0,31.8,0.3,0.0,0.0,17.2
2023-05-29T22:00Z,12,53,0.0,0.0,11.0,0.0,71.4,0.6,0.0,0.0,16.9
2023-05-29T22:00Z,13,54,0.0,0.0,10.7,0.0,51.2,4.5,0.0,0.0,33.6
2023-05-29T22:00Z,14,57,0.0,0.0,12.0,0.0,63.0,0.0,0.0,0.0,25.0
2023-05-29T22:00Z,15,75,3.7,0.0,16.0,0.0,30.5,21.6,0.0,0.0,28.2
2023-05-29T22:00Z,16,20,3.7,0.0,3.7,2.5,4.5,56.1,0.0,0.0,29.5
2023-05-29T22:00Z,17,182,0.7,0.0,45.5,0.0,5.6,3.5,0.0,0.0,44.6
2023-05-29T22:00Z,18,76,3.5,0.0,16.6,0.3,25.5,24.5,0.0,0.0,29.6
2023-05-29T22:30Z,1,2,1.5,0.0,0.0,8.1,3.3,31.0,0.0,0.0,56.1
2023-05-29T22:30Z,2,5,3.9,0.0,0.0,0.0,8.8,73.9,0.0,0.0,13.4
2023-05-29T22:30Z,3,42,0.8,0.0,10.3,0.0,12.2,68.4,0.0,0.0,8.3
2023-05-29T22:30Z,4,3,1.7,0.0,0.0,0.0,52.9,45.0,0.0,0.0,0.5
2023-05-29T22:30Z,5,149,28.6,0.0,29.2,0.0,13.7,12.6,0.0,0.0,15.9
2023-05-29T22:30Z,6,23,1.1,0.0,5.6,0.1,7.1,44.0,0.0,0.0,42.1
2023-05-29T22:30Z,7,308,0.0,0.0,78.2,0.0,0.0,0.3,0.0,0.0,21.5
2023-05-29T22:30Z,8,70,1.3,0.0,16.3,0.0,22.0,31.3,0.0,0.0,29.1
2023-05-29T22:30Z,9,127,2.6,0.0,29.9,0.0,7.7,10.1,0.0,0.0,49.7
2023-05-29T22:30Z,10,43,0.0,0.0,8.2,0.0,9.7,17.0,0.0,0.0,65.1
2023-05-29T22:30Z,11,202,0.0,0.0,50.2,0.0,29.8,0.4,0.0,0.0,19.6
2023-05-29T22:30Z,12,49,0.0,0.0,10.0,0.0,69.0,1.0,0.0,0.0,19.9
2023-05-29T22:30Z,13,47,0.0,0.0,9.4,0.0,45.8,6.0,0.0,0.0,38.8
2023-05-29T22:30Z,14,50,0.0,0.0,10.1,0.0,61.6,0.0,0.0,0.0,28.3
2023-05-29T22:30Z,15,73,3.6,0.0,15.9,0.0,28.1,22.7,0.0,0.0,29.8
2023-05-29T22:30Z,16,20,4.0,0.0,3.6,1.9,3.7,58.6,0.0,0.0,28.2
2023-05-29T22:30Z,17,198,0.5,0.0,50.0,0.0,4.2,2.9,0.0,0.0,42.4
2023-05-29T22:30Z,18,76,3.4,0.0,17.0,0.2,23.2,25.5,0.0,0.0,30.6
2023-05-29T23:00Z,1,1,1.1,0.0,0.0,7.0,3.9,33.4,0.0,0.0,54.7
2023-05-29T23:00Z,2,3,2.7,0.0,0.0,0.0,9.3,74.4,0.0,0.0,13.6
2023-05-29T23:00Z,3,39,0.6,0.0,9.7,0.0,12.9,68.2,0.0,0.0,8.5
2023-05-29T23:00Z,4,2,0.7,0.0,0.0,0.0,53.8,45.0,0.0,0.0,0.5
2023-05-29T23:00Z,5,151,23.1,0.0,31.2,0.0,15.4,13.0,0.0,0.0,17.2
2023-05-29T23:00Z,6,23,0.8,0.0,5.6,0.0,7.5,45.0,0.0,0.0,41.1
2023-05-29T23:00Z,7,299,0.0,0.0,76.0,0.0,0.7,0.5,0.0,0.0,22.9
2023-05-29T23:00Z,8,70,0.4,0.0,16.4,0.0,22.4,32.1,0.0,0.0,28.7
2023-05-29T23:00Z,9,130,0.5,0.0,31.3,0.0,7.4,10.4,0.0,0.0,50.4
2023-05-29T23:00Z,10,45,0.0,0.0,8.7,0.0,9.1,18.2,0.0,0.0,64.0
2023-05-29T23:00Z,11,207,0.0,0.0,51.5,0.0,28.6,0.5,0.0,0.0,19.3
2023-05-29T23:00Z,12,51,0.0,0.0,10.4,0.0,67.9,1.3,0.0,0.0,20.3
2023-05-29T23:00Z,13,47,0.0,0.0,9.4,0.0,44.6,7.0,0.0,0.0,39.0
2023-05-29T23:00Z,14,49,0.0,0.0,9.9,0.0,61.5,0.0,0.0,0.0,28.6
2023-05-29T23:00Z,15,73,2.6,0.0,16.2,0.0,28.2,23.1,0.0,0.0,29.9
2023-05-29T23:00Z,16,18,2.5,0.0,3.6,1.6,3.4,61.0,0.0,0.0,27.9
2023-05-29T23:00Z,17,206,0.4,0.0,51.9,0.0,3.9,2.4,0.0,0.0,41.4
2023-05-29T23:00Z,18,76,2.4,0.0,17.4,0.2,23.4,26.0,0.0,0.0,30.5
2023-05-29T23:30Z,1,3,2.1,0.0,0.0,4.5,4.4,38.8,0.0,0.0,50.1
2023-05-29T23:30Z,2,5,4.2,0.0,0.0,0.0,8.6,74.1,0.0,0.0,13.1
2023-05-29T23:30Z,3,42,0.5,0.0,10.4,0.0,12.5,68.6,0.0,0.0,8.0
2023-05-29T23:30Z,4,2,0.9,0.0,0.0,0.0,50.2,48.5,0.0,0.0,0.5
2023-05-29T23:30Z,5,190,17.1,0.0,42.9,0.0,14.3,11.7,0.0,0.0,14.1
2023-05-29T23:30Z,6,26,1.1,0.0,6.2,0.0,7.7,47.0,0.0,0.0,38.0
2023-05-29T23:30Z,7,297,0.0,0.0,75.3,0.0,0.0,2.4,0.0,0.0,22.2
2023-05-29T23:30Z,8,98,0.9,0.0,23.2,0.0,17.7,30.1,0.0,0.0,28.0
2023-05-29T23:30Z,9,151,1.9,0.0,35.0,0.0,7.6,11.1,0.0,0.0,44.5
2023-05-29T23:30Z,10,60,0.0,0.0,9.6,0.0,11.6,19.0,0.0,0.0,59.8
2023-05-29T23:30Z,11,241,0.0,0.0,60.5,0.1,19.1,0.5,0.0,0.0,19.9
2023-05-29T23:30Z,12,72,0.0,0.0,16.0,0.2,58.5,1.3,0.0,0.0,24.0
2023-05-29T23:30Z,13,53,0.0,0.0,9.8,0.2,33.7,8.2,0.0,0.0,48.2
2023-05-29T23:30Z,14,47,0.0,0.0,9.9,0.3,51.4,0.0,0.0,0.0,38.4
2023-05-29T23:30Z,15,88,2.3,0.0,19.6,0.0,24.3,23.6,0.0,0.0,30.1
2023-05-29T23:30Z,16,18,3.3,0.0,3.3,1.7,1.9,63.4,0.0,0.0,26.4
2023-05-29T23:30Z,17,220,0.2,0.0,55.7,0.0,1.9,2.6,0.0,0.0,39.6
2023-05-29T23:30Z,18,90,2.3,0.0,20.4,0.2,20.0,26.8,0.0,0.0,30.4
2023-05-30T00:00Z,1,3,2.2,0.0,0.0,3.3,4.8,40.0,0.0,0.0,49.6
2023-05-30T00:00Z,2,5,4.0,0.0,0.0,0.0,8.7,75.2,0.0,0.0,12.0
2023-05-30T00:00Z,3,46,0.7,0.0,11.4,0.0,12.6,68.4,0.0,0.0,6.8
2023-05-30T00:00Z,4,2,0.6,0.0,0.0,0.0,49.9,49.0,0.0,0.0,0.5
2023-05-30T00:00Z,5,194,17.6,0.0,43.9,0.0,12.6,9.6,0.0,0.0,16.3
2023-05-30T00:00Z,6,40,1.1,0.0,9.7,0.9,7.5,47.1,0.0,0.0,33.6
2023-05-30T00:00Z,7,263,0.1,0.0,66.7,0.0,1.4,4.3,0.0,0.0,27.6
2023-05-30T00:00Z,8,96,0.9,0.0,22.4,0.1,19.0,28.7,0.0,0.0,28.8
2023-05-30T00:00Z,9,157,1.4,0.0,36.6,0.0,6.6,11.4,0.0,0.0,44.0
2023-05-30T00:00Z,10,62,0.0,0.0,10.4,0.0,10.7,19.9,0.0,0.0,59.0
2023-05-30T00:00Z,11,226,0.0,0.0,56.4,0.0,21.8,0.5,0.0,0.0,21.2
2023-05-30T00:00Z,12,72,0.0,0.0,16.1,0.1,57.6,1.4,0.0,0.0,24.8
2023-05-30T00:00Z,13,52,0.0,0.0,9.7,0.1,33.2,8.5,0.0,0.0,48.4
2023-05-30T00:00Z,14,43,0.0,0.0,9.0,0.3,51.8,0.0,0.0,0.0,39.0
2023-05-30T00:00Z,15,91,2.2,0.0,20.5,0.0,23.7,23.6,0.0,0.0,29.9
2023-05-30T00:00Z,16,15,4.4,0.0,2.3,1.4,2.5,64.4,0.0,0.0,25.1
2023-05-30T00:00Z,17,190,0.4,0.0,47.8,0.5,4.0,4.9,0.0,0.0,42.5
2023-05-30T00:00Z,18,90,2.3,0.0,20.4,0.2,19.8,26.9,0.0,0.0,30.3
2023-05-30T00:30Z,1,5,3.8,0.0,0.0,3.4,4.4,40.9,0.0,0.0,47.5
2023-05-30T00:30Z,2,9,7.0,0.0,0.0,0.0,8.1,73.9,0.0,0.0,11.0
2023-05-30T00:30Z,3,55,1.5,0.0,13.5,0.0,11.6,67.8,0.0,0.0,5.7
2023-05-30T00:30Z,4,3,1.7,0.0,0.0,0.0,46.6,51.1,0.0,0.0,0.6
2023-05-30T00:30Z,5,221,15.6,0.0,51.3,0.0,8.6,7.6,0.0,0.0,16.9
2023-05-30T00:30Z,6,43,2.1,0.0,10.4,1.4,7.2,47.5,0.0,0.0,31.4
2023-05-30T00:30Z,7,226,0.2,0.0,57.2,0.0,4.6,4.3,0.0,0.0,33.7
2023-05-30T00:30Z,8,97,1.1,0.0,23.7,0.1,20.5,26.5,0.0,0.0,28.1
2023-05-30T00:30Z,9,152,1.1,0.0,38.1,0.0,2.7,12.1,0.0,0.0,45.9
2023-05-30T00:30Z,10,43,0.0,0.0,10.8,0.0,2.9,22.2,0.0,0.0,64.0
2023-05-30T00:30Z,11,230,0.0,0.0,57.5,0.0,22.7,0.5,0.0,0.0,19.2
2023-05-30T00:30Z,12,68,0.0,0.0,15.0,0.1,62.7,1.2,0.0,0.0,21.0
2023-05-30T00:30Z,13,38,0.0,0.0,7.9,0.1,40.7,8.4,0.0,0.0,42.8
2023-05-30T00:30Z,14,36,0.0,0.0,6.4,0.1,62.5,0.0,0.0,0.0,31.0
2023-05-30T00:30Z,15,88,2.5,0.0,20.8,0.0,24.4,23.1,0.0,0.0,29.2
2023-05-30T00:30Z,16,16,4.8,0.0,2.6,1.3,3.0,64.3,0.0,0.0,24.0
2023-05-30T00:30Z,17,194,0.5,0.0,49.1,0.5,4.5,5.8,0.0,0.0,39.6
2023-05-30T00:30Z,18,88,2.6,0.0,20.9,0.2,20.5,26.4,0.0,0.0,29.4
2023-05-30T01:00Z,1,5,3.8,0.0,0.0,2.9,4.7,42.4,0.0,0.2,46.0
2023-05-30T01:00Z,2,8,6.8,0.0,0.0,0.0,8.4,72.9,0.0,0.4,11.6
2023-05-30T01:00Z,3,58,1.6,0.0,14.2,0.0,11.1,66.8,0.0,0.9,5.5
2023-05-30T01:00Z,4,2,1.2,0.0,0.0,0.0,47.5,48.6,0.0,2.1,0.6
2023-05-30T01:00Z,5,210,17.6,0.0,48.0,0.0,7.0,7.5,0.0,0.9,19.0
2023-05-30T01:00Z,6,40,1.9,0.0,9.4,1.7,6.7,46.8,0.0,3.0,30.4
2023-05-30T01:00Z,7,244,0.1,0.0,61.7,0.0,2.8,1.7,0.0,3.1,30.5
2023-05-30T01:00Z,8,92,0.9,0.0,22.4,0.1,20.4,27.0,0.0,1.3,27.9
2023-05-30T01:00Z,9,147,0.9,0.0,37.0,0.0,2.6,12.2,0.0,0.1,47.2
2023-05-30T01:00Z,10,45,0.0,0.0,11.3,0.0,2.8,22.9,0.0,0.0,62.9
2023-05-30T01:00Z,11,212,0.0,0.0,52.8,0.0,26.4,0.5,0.0,0.2,20.0
2023-05-30T01:00Z,12,61,0.0,0.0,13.3,0.1,63.6,1.1,0.0,0.5,21.4
2023-05-30T01:00Z,13,37,0.0,0.0,7.5,0.1,40.7,8.6,0.0,0.6,42.5
2023-05-30T01:00Z,14,32,0.0,0.0,5.4,0.1,62.8,0.0,0.0,0.9,30.8
2023-05-30T01:00Z,15,87,2.7,0.0,20.5,0.0,24.4,23.2,0.0,0.0,29.2
2023-05-30T01:00Z,16,18,5.0,0.0,2.9,1.1,3.5,63.2,0.0,0.1,24.2
2023-05-30T01:00Z,17,182,0.7,0.0,45.8,0.7,5.7,6.7,0.0,0.1,40.3
2023-05-30T01:00Z,18,86,2.8,0.0,20.4,0.2,20.6,26.6,0.0,0.0,29.5
2023-05-30T01:30Z,1,5,4.2,0.0,0.0,2.8,3.9,46.4,0.0,0.0,42.8
2023-05-30T01:30Z,2,9,7.0,0.0,0.0,0.0,6.5,74.5,0.0,0.0,12.0
2023-05-30T01:30Z,3,58,1.7,0.0,14.1,0.0,9.3,69.3,0.0,0.0,5.6
2023-05-30T01:30Z,4,1,0.6,0.0,0.0,0.0,46.8,51.8,0.0,0.0,0.8
2023-05-30T01:30Z,5,201,20.1,0.0,44.8,0.0,5.3,8.5,0.0,0.0,21.3
2023-05-30T01:30Z,6,39,2.1,0.0,9.3,2.1,5.5,49.4,0.0,0.0,31.6
2023-05-30T01:30Z,7,286,0.0,0.0,72.5,0.0,0.9,0.3,0.0,0.0,26.2
2023-05-30T01:30Z,8,83,0.6,0.0,20.2,0.2,21.9,29.9,0.0,0.0,27.3
2023-05-30T01:30Z,9,135,0.2,0.0,34.1,0.0,3.6,12.1,0.0,0.0,50.1
2023-05-30T01:30Z,10,40,0.0,0.0,10.1,0.0,2.3,23.6,0.0,0.0,64.0
2023-05-30T01:30Z,11,197,0.0,0.0,49.1,0.0,29.9,0.6,0.0,0.0,20.4
2023-05-30T01:30Z,12,61,0.0,0.0,13.3,0.0,65.6,1.5,0.0,0.0,19.6
2023-05-30T01:30Z,13,38,0.0,0.0,8.0,0.0,39.6,9.3,0.0,0.0,43.0
2023-05-30T01:30Z,14,37,0.0,0.0,6.8,0.1,61.8,0.1,0.0,0.0,31.3
2023-05-30T01:30Z,15,83,2.8,0.0,19.4,0.0,25.3,23.5,0.0,0.0,28.9
2023-05-30T01:30Z,16,22,4.5,0.0,4.0,0.9,4.2,63.1,0.0,0.0,23.3
2023-05-30T01:30Z,17,180,0.8,0.0,45.3,1.2,6.8,5.5,0.0,0.0,40.5
2023-05-30T01:30Z,18,84,2.9,0.0,19.5,0.2,21.4,26.8,0.0,0.0,29.1
2023-05-30T02:00Z,1,5,4.4,0.0,0.0,2.7,3.7,47.9,0.0,0.5,40.9
2023-05-30T02:00Z,2,8,6.8,0.0,0.0,0.0,5.7,75.3,0.0,0.8,11.4
2023-05-30T02:00Z,3,45,0.7,0.0,11.3,0.0,9.4,73.5,0.0,0.8,4.4
2023-05-30T02:00Z,4,1,0.0,0.0,0.0,0.0,43.5,54.7,0.0,1.1,0.7
2023-05-30T02:00Z,5,192,18.9,0.0,42.9,0.0,8.2,10.7,0.0,0.7,18.6
2023-05-30T02:00Z,6,40,1.7,0.0,9.6,2.1,5.8,52.4,0.0,0.5,27.9
2023-05-30T02:00Z,7,302,0.0,0.0,76.6,0.0,0.0,0.0,0.0,0.8,22.7
2023-05-30T02:00Z,8,93,1.6,0.0,22.6,0.3,16.0,35.9,0.0,1.0,22.5
2023-05-30T02:00Z,9,158,4.1,0.0,38.9,0.0,2.7,9.9,0.0,0.1,44.3
2023-05-30T02:00Z,10,45,0.0,0.0,11.3,0.0,2.3,21.0,0.0,0.0,65.4
2023-05-30T02:00Z,11,205,0.0,0.0,51.2,0.0,28.8,0.7,0.0,0.1,19.2
2023-05-30T02:00Z,12,59,0.0,0.0,12.9,0.0,66.3,1.8,0.0,0.2,18.7
2023-05-30T02:00Z,13,40,0.0,0.0,8.9,0.0,37.1,9.5,0.0,0.3,44.3
2023-05-30T02:00Z,14,38,0.0,0.0,7.7,0.0,59.2,0.1,0.0,0.4,32.5
2023-05-30T02:00Z,15,86,2.9,0.0,20.1,0.0,25.4,23.8,0.0,0.1,27.7
2023-05-30T02:00Z,16,22,4.8,0.0,3.9,0.9,4.1,63.9,0.0,0.0,22.4
2023-05-30T02:00Z,17,184,0.8,0.0,46.2,1.2,6.7,4.8,0.0,0.3,40.0
2023-05-30T02:00Z,18,86,3.0,0.0,20.1,0.2,21.5,27.1,0.0,0.1,27.9
2023-05-30T02:30Z,1,5,4.1,0.0,0.0,2.0,5.6,49.2,0.0,0.0,39.2
2023-05-30T02:30Z,2,7,6.1,0.0,0.0,0.0,8.4,74.4,0.0,0.0,11.1
2023-05-30T02:30Z,3,53,0.7,0.0,13.3,0.0,12.3,70.1,0.0,0.0,3.6
2023-05-30T02:30Z,4,1,0.5,0.0,0.0,0.0,49.0,49.8,0.0,0.0,0.6
2023-05-30T02:30Z,5,183,22.2,0.0,39.7,0.0,11.2,10.4,0.0,0.0,16.4
2023-05-30T02:30Z,6,44,1.7,0.0,10.6,2.3,8.5,52.2,0.0,0.0,24.8
2023-05-30T02:30Z,7,317,0.0,0.0,80.4,0.0,0.0,0.0,0.0,0.0,19.6
2023-05-30T02:30Z,8,127,2.6,0.0,31.2,0.3,11.5,34.4,0.0,0.0,20.0
2023-05-30T02:30Z,9,183,6.9,0.0,44.4,0.0,3.5,9.8,0.0,0.0,35.5
2023-05-30T02:30Z,10,54,0.0,0.0,13.7,0.0,0.0,21.5,0.0,0.0,64.8
2023-05-30T02:30Z,11,232,0.4,0.0,58.3,0.0,20.2,0.8,0.0,0.0,20.4
2023-05-30T02:30Z,12,102,0.9,0.0,24.2,0.0,49.4,1.8,0.0,0.0,23.6
2023-05-30T02:30Z,13,55,0.0,0.0,13.1,0.0,26.6,9.6,0.0,0.0,50.6
2023-05-30T02:30Z,14,55,0.0,0.0,12.5,0.0,49.7,0.1,0.0,0.0,37.7
2023-05-30T02:30Z,15,103,3.9,0.0,24.5,0.0,20.0,24.2,0.0,0.0,27.4
2023-05-30T02:30Z,16,21,4.8,0.0,3.9,0.6,2.2,66.9,0.0,0.0,21.5
2023-05-30T02:30Z,17,213,0.6,0.0,53.9,1.7,3.0,5.2,0.0,0.0,35.7
2023-05-30T02:30Z,18,102,3.8,0.0,24.3,0.2,16.7,27.6,0.0,0.0,27.4
2023-05-30T03:00Z,1,7,5.6,0.0,0.0,1.4,4.9,49.1,0.0,0.0,38.9
2023-05-30T03:00Z,2,10,8.5,0.0,0.0,0.0,7.4,72.1,0.0,0.0,12.1
2023-05-30T03:00Z,3,44,1.0,0.0,10.9,0.0,12.5,71.2,0.0,0.4,4.1
2023-05-30T03:00Z,4,2,0.8,0.0,0.0,0.0,50.3,48.2,0.0,0.0,0.6
2023-05-30T03:00Z,5,189,21.7,0.0,41.4,0.0,11.2,9.6,0.0,0.0,16.1
2023-05-30T03:00Z,6,37,2.4,0.0,8.6,2.6,8.1,52.1,0.0,0.7,25.4
2023-05-30T03:00Z,7,319,0.0,0.0,80.9,0.0,0.0,0.0,0.0,0.2,18.8
2023-05-30T03:00Z,8,125,2.4,0.0,30.8,0.3,11.9,32.7,0.0,0.8,21.1
2023-05-30T03:00Z,9,186,5.2,0.0,45.7,0.0,2.7,9.5,0.0,0.7,36.2
2023-05-30T03:00Z,10,53,0.0,0.0,13.5,0.0,0.0,21.6,0.0,0.3,64.6
2023-05-30T03:00Z,11,232,0.2,0.0,58.4,0.0,17.5,0.6,0.0,4.3,18.9
2023-05-30T03:00Z,12,97,0.6,0.0,23.0,0.0,49.8,1.6,0.0,1.6,23.4
2023-05-30T03:00Z,13,52,0.0,0.0,12.4,0.0,26.9,9.1,0.0,0.2,51.3
2023-05-30T03:00Z,14,50,0.0,0.0,11.2,0.0,50.2,0.0,0.0,0.1,38.4
2023-05-30T03:00Z,15,101,3.8,0.0,24.1,0.0,19.9,23.9,0.0,0.6,27.6
2023-05-30T03:00Z,16,23,6.7,0.0,3.8,0.4,1.9,65.5,0.0,0.1,21.6
2023-05-30T03:00Z,17,214,0.6,0.0,53.9,2.0,3.1,5.4,0.0,0.6,34.4
2023-05-30T03:00Z,18,101,3.9,0.0,24.1,0.2,16.5,27.3,0.0,0.6,27.4
2023-05-30T03:30Z,1,6,4.7,0.0,0.0,1.4,3.8,50.7,0.0,0.2,39.2
2023-05-30T03:30Z,2,9,7.0,0.0,0.0,0.0,5.6,73.3,0.0,0.3,13.7
2023-05-30T03:30Z,3,47,1.3,0.0,11.4,0.0,10.1,72.2,0.0,0.1,4.8
2023-05-30T03:30Z,4,1,0.4,0.0,0.0,0.0,46.9,51.7,0.0,0.2,0.7
2023-05-30T03:30Z,5,190,25.4,0.0,40.5,0.0,8.0,9.4,0.0,0.4,16.5
2023-05-30T03:30Z,6,37,2.2,0.0,8.6,3.0,6.2,52.6,0.0,0.2,27.1
2023-05-30T03:30Z,7,318,0.0,0.0,80.7,0.0,0.0,0.0,0.0,0.0,19.3
2023-05-30T03:30Z,8,111,2.0,0.0,27.3,0.3,15.7,30.7,0.0,0.3,23.7
2023-05-30T03:30Z,9,166,4.1,0.0,40.8,0.0,1.8,9.5,0.0,0.6,43.3
2023-05-30T03:30Z,10,48,0.0,0.0,12.2,0.0,1.2,22.0,0.0,0.6,64.1
2023-05-30T03:30Z,11,214,0.1,0.0,53.6,0.0,27.0,0.5,0.0,0.1,18.8
2023-05-30T03:30Z,12,73,0.1,0.0,16.6,0.0,62.5,1.1,0.0,0.1,19.5
2023-05-30T03:30Z,13,47,0.0,0.0,10.8,0.0,32.7,8.9,0.0,0.3,47.3
2023-05-30T03:30Z,14,45,0.0,0.0,9.7,0.1,55.1,0.0,0.0,0.2,34.9
2023-05-30T03:30Z,15,95,3.9,0.0,22.3,0.0,21.9,23.8,0.0,0.3,27.9
2023-05-30T03:30Z,16,19,6.0,0.0,3.0,0.5,2.0,66.3,0.0,0.3,21.9
2023-05-30T03:30Z,17,202,1.0,0.0,50.8,2.1,4.1,4.9,0.0,0.1,37.0
2023-05-30T03:30Z,18,94,3.9,0.0,22.1,0.2,18.2,27.4,0.0,0.2,27.8
2023-05-30T04:00Z,1,6,5.0,0.0,0.0,5.3,3.8,50.2,0.0,0.2,35.5
2023-05-30T04:00Z,2,9,7.6,0.0,0.0,0.0,5.7,73.6,0.0,0.3,12.8
2023-05-30T04:00Z,3,50,1.3,0.0,12.2,0.0,10.0,71.9,0.0,0.2,4.5
2023-05-30T04:00Z,4,2,0.9,0.0,0.0,0.0,45.2,52.9,0.0,0.2,0.8
2023-05-30T04:00Z,5,202,22.7,0.0,44.2,0.0,7.9,8.9,0.0,0.4,15.9
2023-05-30T04:00Z,6,42,2.2,0.0,10.1,4.2,6.0,51.5,0.0,0.9,25.1
2023-05-30T04:00Z,7,314,0.0,0.0,79.7,0.0,0.0,0.0,0.0,0.5,19.8
2023-05-30T04:00Z,8,125,2.1,0.0,30.8,0.5,14.7,28.0,0.0,0.8,23.2
2023-05-30T04:00Z,9,181,4.3,0.0,44.5,0.0,1.8,8.0,0.0,0.8,40.6
2023-05-30T04:00Z,10,58,0.0,0.0,14.8,0.0,0.9,20.3,0.0,0.6,63.5
2023-05-30T04:00Z,11,225,0.1,0.0,56.5,0.0,22.2,0.3,0.0,3.4,17.4
2023-05-30T04:00Z,12,87,0.2,0.0,20.3,0.1,58.9,0.9,0.0,0.8,18.8
2023-05-30T04:00Z,13,55,0.0,0.0,12.9,0.1,31.1,8.1,0.0,0.4,47.4
2023-05-30T04:00Z,14,51,0.0,0.0,11.4,0.2,53.2,0.0,0.0,0.3,34.9
2023-05-30T04:00Z,15,102,3.9,0.0,24.2,0.1,21.2,22.7,0.0,0.7,27.2
2023-05-30T04:00Z,16,23,4.7,0.0,4.2,1.3,1.4,66.8,0.0,0.4,21.1
2023-05-30T04:00Z,17,219,0.6,0.0,55.4,3.2,2.7,2.3,0.0,0.7,35.1
2023-05-30T04:00Z,18,102,3.8,0.0,24.2,0.4,17.6,26.3,0.0,0.6,27.1
2023-05-30T04:30Z,1,5,4.5,0.0,0.0,12.6,4.9,46.9,0.0,0.4,30.6
2023-05-30T04:30Z,2,8,6.7,0.0,0.0,0.0,7.4,73.5,0.0,0.7,11.7
2023-05-30T04:30Z,3,54,1.3,0.0,13.4,0.0,12.2,68.7,0.0,0.4,4.1
2023-05-30T04:30Z,4,2,1.2,0.0,0.0,0.0,50.6,47.2,0.0,0.3,0.6
2023-05-30T04:30Z,5,205,21.4,0.0,45.6,0.0,9.5,7.8,0.0,0.7,15.1
2023-05-30T04:30Z,6,45,2.0,0.0,10.8,3.4,7.6,49.9,0.0,2.4,23.9
2023-05-30T04:30Z,7,321,0.0,0.0,81.5,0.0,0.0,0.0,0.0,1.0,17.5
2023-05-30T04:30Z,8,147,2.0,0.0,36.5,0.3,14.5,24.2,0.0,1.8,20.7
2023-05-30T04:30Z,9,197,4.4,0.0,48.6,0.0,2.4,5.7,0.0,1.9,37.1
2023-05-30T04:30Z,10,69,0.0,0.0,17.5,0.0,1.4,18.2,0.0,1.4,61.6
2023-05-30T04:30Z,11,240,0.0,0.0,60.3,0.0,16.3,0.2,0.0,8.9,14.2
2023-05-30T04:30Z,12,117,0.2,0.0,28.0,0.1,53.8,0.7,0.0,2.2,15.0
2023-05-30T04:30Z,13,65,0.0,0.0,15.4,0.2,32.1,7.0,0.0,1.0,44.3
2023-05-30T04:30Z,14,62,0.0,0.0,13.9,0.3,52.7,0.0,0.0,0.7,32.3
2023-05-30T04:30Z,15,113,3.6,0.0,27.2,0.1,20.9,21.3,0.0,1.6,25.3
2023-05-30T04:30Z,16,28,4.7,0.0,5.7,3.1,1.7,63.8,0.0,0.8,20.2
2023-05-30T04:30Z,17,235,0.4,0.0,59.6,2.1,2.4,0.8,0.0,1.7,32.9
2023-05-30T04:30Z,18,113,3.5,0.0,27.1,0.6,17.4,24.6,0.0,1.5,25.3
2023-05-30T05:00Z,1,5,4.0,0.0,0.0,24.3,4.9,41.4,0.0,0.7,24.6
2023-05-30T05:00Z,2,8,6.9,0.0,0.0,0.0,8.5,72.7,0.0,1.2,10.7
2023-05-30T05:00Z,3,71,1.1,0.0,17.7,0.0,11.5,65.3,0.0,0.7,3.7
2023-05-30T05:00Z,4,3,1.7,0.0,0.0,0.0,50.6,46.5,0.0,0.5,0.7
2023-05-30T05:00Z,5,211,20.0,0.0,47.4,0.0,8.6,6.4,0.0,1.1,16.5
2023-05-30T05:00Z,6,63,1.7,0.0,15.3,0.8,7.2,46.4,0.0,5.0,23.6
2023-05-30T05:00Z,7,331,0.0,0.0,84.1,0.0,0.0,0.0,0.0,1.8,14.1
2023-05-30T05:00Z,8,198,1.4,0.0,49.5,0.1,10.4,18.0,0.0,3.1,17.6
2023-05-30T05:00Z,9,219,3.3,0.0,54.6,0.0,1.7,4.4,0.0,3.2,32.8
2023-05-30T05:00Z,10,75,0.0,0.0,19.0,0.0,1.2,17.8,0.0,2.7,59.4
2023-05-30T05:00Z,11,230,0.1,0.0,58.0,0.0,13.7,0.2,0.0,16.0,12.0
2023-05-30T05:00Z,12,133,0.2,0.0,32.2,0.1,48.9,0.5,0.0,4.3,13.8
2023-05-30T05:00Z,13,81,0.0,0.0,19.7,0.3,30.2,5.6,0.0,1.9,42.4
2023-05-30T05:00Z,14,83,0.0,0.0,19.6,0.4,49.2,0.0,0.0,1.3,29.5
2023-05-30T05:00Z,15,125,3.4,0.0,30.2,0.1,19.7,19.8,0.0,2.9,23.8
2023-05-30T05:00Z,16,52,3.9,0.0,11.9,6.8,1.4,55.6,0.0,1.5,19.0
2023-05-30T05:00Z,17,282,0.0,0.0,71.5,0.0,0.0,0.0,0.0,2.9,25.6
2023-05-30T05:00Z,18,127,3.2,0.0,31.0,0.9,16.2,22.6,0.0,2.7,23.4
2023-05-30T05:30Z,1,4,2.7,0.0,0.2,34.3,4.6,37.4,0.0,1.0,19.8
2023-05-30T05:30Z,2,8,5.5,0.0,0.4,0.0,9.2,73.5,0.0,1.9,9.4
2023-05-30T05:30Z,3,75,1.2,0.0,18.5,0.0,10.4,65.5,0.0,1.0,3.3
2023-05-30T05:30Z,4,3,2.1,0.0,0.0,0.0,50.3,46.2,0.0,0.7,0.8
2023-05-30T05:30Z,5,220,19.3,0.0,49.9,0.0,7.1,5.6,0.0,1.5,16.6
2023-05-30T05:30Z,6,62,1.5,0.0,15.2,2.0,7.1,42.4,0.0,8.2,23.6
2023-05-30T05:30Z,7,334,0.0,0.0,84.9,0.0,0.0,0.0,0.0,2.6,12.5
2023-05-30T05:30Z,8,234,1.3,0.0,58.7,0.0,8.6,12.1,0.0,4.5,14.7
2023-05-30T05:30Z,9,247,3.2,0.0,61.7,0.0,1.6,4.4,0.0,4.1,25.0
2023-05-30T05:30Z,10,70,0.0,0.0,17.6,0.0,3.0,16.7,0.0,4.3,58.4
2023-05-30T05:30Z,11,207,0.1,0.0,52.0,0.1,14.9,0.1,0.0,22.6,10.3
2023-05-30T05:30Z,12,145,0.3,0.0,34.9,0.2,46.9,0.2,0.0,6.5,11.1
2023-05-30T05:30Z,13,82,0.0,0.0,19.2,0.3,38.4,3.0,0.0,2.7,36.4
2023-05-30T05:30Z,14,85,0.0,0.0,19.3,0.4,55.0,0.0,0.0,1.7,23.5
2023-05-30T05:30Z,15,132,3.3,0.0,31.8,0.2,20.6,18.2,0.0,4.3,21.5
2023-05-30T05:30Z,16,64,2.8,0.0,15.4,8.8,1.7,51.5,0.0,2.4,17.4
2023-05-30T05:30Z,17,286,0.0,0.0,72.6,0.0,0.0,0.0,0.0,4.3,23.1
2023-05-30T05:30Z,18,134,3.0,0.0,32.7,1.2,17.0,20.9,0.0,4.1,21.1
2023-05-30T06:00Z,1,8,4.2,0.0,0.7,35.9,5.4,35.4,0.0,1.4,17.0
2023-05-30T06:00Z,2,15,8.0,0.0,1.3,0.0,10.1,70.3,0.0,2.6,7.7
2023-05-30T06:00Z,3,85,1.4,0.0,21.2,0.0,9.8,62.7,0.0,1.4,3.4
2023-05-30T06:00Z,4,3,1.8,0.0,0.0,0.0,48.3,48.4,0.0,0.7,0.8
2023-05-30T06:00Z,5,214,18.1,0.0,48.7,0.0,6.5,5.5,0.0,2.1,19.1
2023-05-30T06:00Z,6,87,1.6,0.0,21.6,2.5,7.1,33.6,0.0,11.2,22.4
2023-05-30T06:00Z,7,323,0.0,0.0,82.1,0.0,0.0,0.0,0.0,4.3,13.6
2023-05-30T06:00Z,8,226,0.8,0.0,56.8,0.1,11.9,8.0,0.0,7.1,15.3
2023-05-30T06:00Z,9,234,1.6,0.0,58.8,0.0,2.0,4.6,0.0,5.9,27.1
2023-05-30T06:00Z,10,74,0.0,0.0,18.4,0.1,5.0,16.0,0.0,5.9,54.6
2023-05-30T06:00Z,11,182,0.0,0.0,45.7,0.1,12.9,0.0,0.0,32.3,9.1
2023-05-30T06:00Z,12,171,0.0,0.0,41.9,0.2,41.8,0.1,0.0,8.4,7.7
2023-05-30T06:00Z,13,100,0.0,0.0,23.5,0.4,41.9,1.5,0.0,3.1,29.6
2023-05-30T06:00Z,14,105,0.0,0.0,24.4,0.5,51.7,0.0,0.0,2.2,21.2
2023-05-30T06:00Z,15,133,3.0,0.0,32.3,0.2,20.2,17.6,0.0,6.2,20.5
2023-05-30T06:00Z,16,70,3.5,0.0,16.6,10.1,1.3,49.5,0.0,3.4,15.6
2023-05-30T06:00Z,17,290,0.0,0.0,73.7,0.0,0.0,0.0,0.0,5.6,20.8
2023-05-30T06:00Z,18,136,2.9,0.0,33.2,1.4,16.6,20.2,0.0,5.9,19.9
2023-05-30T06:30Z,1,9,4.0,0.0,1.1,36.2,6.2,35.0,0.0,1.8,15.7
2023-05-30T06:30Z,2,17,7.6,0.0,2.0,0.0,11.6,68.7,0.0,3.4,6.7
2023-05-30T06:30Z,3,78,1.5,0.0,19.3,0.0,10.0,62.6,0.0,2.1,4.5
2023-05-30T06:30Z,4,3,1.6,0.0,0.0,0.0,49.0,47.6,0.0,0.9,0.9
2023-05-30T06:30Z,5,209,14.2,0.0,48.2,0.0,6.0,4.4,0.0,3.5,23.8
2023-05-30T06:30Z,6,104,0.9,0.0,25.7,0.7,9.3,26.9,0.0,14.5,22.1
2023-05-30T06:30Z,7,322,0.0,0.0,81.7,0.0,0.0,0.0,0.0,5.5,12.8
2023-05-30T06:30Z,8,211,0.1,0.0,51.9,0.1,19.6,4.2,0.0,9.7,14.3
2023-05-30T06:30Z,9,211,0.0,0.0,50.6,0.0,11.3,4.1,0.0,7.5,26.4
2023-05-30T06:30Z,10,98,0.0,0.0,16.7,0.1,20.2,13.1,0.0,6.2,43.8
2023-05-30T06:30Z,11,153,0.0,0.0,38.5,0.1,12.1,0.0,0.0,41.0,8.3
2023-05-30T06:30Z,12,154,0.0,0.0,37.3,0.2,45.5,0.0,0.0,10.2,6.8
2023-05-30T06:30Z,13,97,0.0,0.0,21.7,0.6,55.3,0.4,0.0,2.7,19.2
2023-05-30T06:30Z,14,97,0.0,0.0,21.9,0.6,56.9,0.0,0.0,2.6,18.0
2023-05-30T06:30Z,15,129,2.6,0.0,29.3,0.2,25.0,16.3,0.0,7.9,18.7
2023-05-30T06:30Z,16,71,4.7,0.0,16.5,11.9,2.2,46.3,0.0,4.4,14.1
2023-05-30T06:30Z,17,286,0.0,0.0,72.6,0.0,0.0,0.0,0.0,7.2,20.2
2023-05-30T06:30Z,18,132,2.7,0.0,30.7,1.5,20.6,18.8,0.0,7.4,18.3
2023-05-30T07:00Z,1,10,4.4,0.0,1.2,33.6,6.4,36.6,0.0,2.3,15.6
2023-05-30T07:00Z,2,19,8.1,0.0,2.3,0.0,11.8,68.0,0.0,4.2,5.7
2023-05-30T07:00Z,3,77,1.7,0.0,19.0,0.0,9.8,62.3,0.0,2.7,4.4
2023-05-30T07:00Z,4,3,2.2,0.0,0.0,0.0,48.2,47.3,0.0,1.2,1.1
2023-05-30T07:00Z,5,211,13.3,0.0,48.8,0.0,6.1,4.0,0.0,4.7,23.1
2023-05-30T07:00Z,6,104,0.9,0.0,25.7,0.2,9.5,24.3,0.0,18.0,21.4
2023-05-30T07:00Z,7,318,0.0,0.0,80.6,0.0,0.0,0.0,0.0,7.0,12.4
2023-05-30T07:00Z,8,216,0.1,0.0,53.3,0.1,18.6,2.7,0.0,12.4,12.8
2023-05-30T07:00Z,9,228,0.0,0.0,54.6,0.0,10.8,3.5,0.0,8.8,22.3
2023-05-30T07:00Z,10,108,0.0,0.0,18.2,0.1,22.0,11.8,0.0,7.7,40.2
2023-05-30T07:00Z,11,132,0.0,0.0,33.0,0.0,10.2,0.0,0.0,49.4,7.3
2023-05-30T07:00Z,12,151,0.0,0.0,36.7,0.2,43.2,0.0,0.0,13.8,6.0
2023-05-30T07:00Z,13,95,0.0,0.0,21.1,0.5,56.4,0.1,0.0,3.6,18.2
2023-05-30T07:00Z,14,94,0.0,0.0,21.1,0.5,57.5,0.0,0.0,3.5,17.4
2023-05-30T07:00Z,15,130,2.5,0.0,29.6,0.1,24.8,15.7,0.0,10.1,17.1
2023-05-30T07:00Z,16,73,5.3,0.0,16.6,11.1,2.6,45.4,0.0,5.7,13.2
2023-05-30T07:00Z,17,282,0.0,0.0,71.6,0.0,0.0,0.0,0.0,9.0,19.5
2023-05-30T07:00Z,18,134,2.6,0.0,30.9,1.4,20.5,18.2,0.0,9.5,16.8
2023-05-30T07:30Z,1,11,4.4,0.0,1.4,31.2,6.6,38.2,0.0,2.9,15.3
2023-05-30T07:30Z,2,19,7.9,0.0,2.5,0.0,11.7,68.2,0.0,5.1,4.6
2023-05-30T07:30Z,3,79,1.2,0.0,19.7,0.0,9.3,62.9,0.0,3.3,3.7
2023-05-30T07:30Z,4,3,2.3,0.0,0.0,0.0,47.7,47.1,0.0,1.7,1.1
2023-05-30T07:30Z,5,224,8.9,0.0,53.2,0.0,6.7,4.0,0.0,5.6,21.7
2023-05-30T07:30Z,6,105,0.6,0.0,26.0,0.3,8.8,22.4,0.0,21.3,20.5
2023-05-30T07:30Z,7,314,0.0,0.0,79.8,0.0,0.0,0.0,0.0,8.5,11.7
2023-05-30T07:30Z,8,217,0.0,0.0,53.4,0.1,17.8,1.7,0.0,15.3,11.6
2023-05-30T07:30Z,9,228,0.0,0.0,54.1,0.0,12.0,3.1,0.0,10.4,20.4
2023-05-30T07:30Z,10,108,0.0,0.0,15.7,0.1,26.6,10.6,0.0,9.2,37.9
2023-05-30T07:30Z,11,107,0.0,0.0,26.9,0.0,9.3,0.0,0.0,57.0,6.8
2023-05-30T07:30Z,12,141,0.0,0.0,34.2,0.1,42.3,0.0,0.0,18.0,5.4
2023-05-30T07:30Z,13,90,0.0,0.0,19.8,0.4,58.7,0.0,0.0,4.5,16.5
2023-05-30T07:30Z,14,90,0.0,0.0,19.8,0.4,58.8,0.0,0.0,4.5,16.5
2023-05-30T07:30Z,15,129,2.4,0.0,28.7,0.1,25.5,15.1,0.0,12.4,15.9
2023-05-30T07:30Z,16,76,5.2,0.0,17.5,9.4,2.8,45.4,0.0,7.2,12.6
2023-05-30T07:30Z,17,279,0.0,0.0,70.8,0.0,0.0,0.0,0.0,10.6,18.6
2023-05-30T07:30Z,18,133,2.5,0.0,30.1,1.2,21.2,17.6,0.0,11.7,15.7
2023-05-30T08:00Z,1,10,4.3,0.0,1.3,30.7,6.7,37.4,0.0,3.6,16.0
2023-05-30T08:00Z,2,19,7.7,0.0,2.3,0.0,11.8,67.8,0.0,6.4,4.1
2023-05-30T08:00Z,3,73,1.5,0.0,18.0,0.0,9.4,62.9,0.0,4.2,4.0
2023-05-30T08:00Z,4,3,2.2,0.0,0.0,0.0,47.7,46.5,0.0,2.3,1.3
2023-05-30T08:00Z,5,225,10.8,0.0,52.9,0.0,5.7,4.1,0.0,6.3,20.2
2023-05-30T08:00Z,6,100,0.6,0.0,24.6,0.1,8.8,20.4,0.0,25.6,20.0
2023-05-30T08:00Z,7,303,0.0,0.0,77.0,0.0,0.0,0.0,0.0,11.4,11.6
2023-05-30T08:00Z,8,209,0.0,0.0,51.6,0.1,17.3,1.0,0.0,19.4,10.7
2023-05-30T08:00Z,9,230,0.0,0.0,55.1,0.0,11.5,2.9,0.0,12.1,18.3
2023-05-30T08:00Z,10,104,0.0,0.0,14.6,0.1,27.0,10.2,0.0,11.4,36.7
2023-05-30T08:00Z,11,84,0.0,0.0,21.0,0.0,6.8,0.0,0.0,66.3,5.9
2023-05-30T08:00Z,12,134,0.0,0.0,32.6,0.1,39.6,0.0,0.0,23.0,4.7
2023-05-30T08:00Z,13,94,0.0,0.0,21.1,0.4,57.1,0.0,0.0,6.0,15.4
2023-05-30T08:00Z,14,94,0.0,0.0,21.1,0.4,57.1,0.0,0.0,6.0,15.4
2023-05-30T08:00Z,15,125,2.2,0.0,27.8,0.1,24.9,14.6,0.0,15.5,15.0
2023-05-30T08:00Z,16,74,5.6,0.0,16.7,9.1,2.6,45.3,0.0,8.8,12.0
2023-05-30T08:00Z,17,269,0.0,0.0,68.2,0.0,0.0,0.0,0.0,13.6,18.2
2023-05-30T08:00Z,18,128,2.5,0.0,29.1,1.1,20.7,17.2,0.0,14.6,14.9
2023-05-30T08:30Z,1,12,4.7,0.0,1.5,27.5,7.0,38.0,0.0,4.3,17.0
2023-05-30T08:30Z,2,19,7.8,0.0,2.5,0.0,11.6,67.7,0.0,7.1,3.4
2023-05-30T08:30Z,3,74,1.2,0.0,18.4,0.0,9.1,63.3,0.0,4.6,3.4
2023-05-30T08:30Z,4,4,2.4,0.0,0.0,0.0,47.4,46.0,0.0,2.8,1.4
2023-05-30T08:30Z,5,216,9.2,0.0,51.0,0.0,7.2,4.8,0.0,7.7,20.0
2023-05-30T08:30Z,6,103,0.4,0.0,25.4,0.0,8.1,19.5,0.0,27.7,18.8
2023-05-30T08:30Z,7,301,0.0,0.0,76.5,0.0,0.0,0.0,0.0,12.7,10.8
2023-05-30T08:30Z,8,209,0.0,0.0,51.7,0.0,16.2,1.0,0.0,21.7,9.3
2023-05-30T08:30Z,9,221,0.0,0.0,52.5,0.0,12.9,3.0,0.0,14.2,17.3
2023-05-30T08:30Z,10,110,0.0,0.0,16.2,0.1,27.6,10.1,0.0,12.6,33.5
2023-05-30T08:30Z,11,73,0.0,0.0,18.2,0.0,7.1,0.0,0.0,69.3,5.4
2023-05-30T08:30Z,12,142,0.0,0.0,34.7,0.1,36.4,0.0,0.0,25.0,3.9
2023-05-30T08:30Z,13,95,0.0,0.0,21.2,0.3,57.3,0.0,0.0,7.0,14.3
2023-05-30T08:30Z,14,95,0.0,0.0,21.2,0.3,57.3,0.0,0.0,7.0,14.2
2023-05-30T08:30Z,15,124,2.2,0.0,27.6,0.1,24.6,14.4,0.0,17.5,13.8
2023-05-30T08:30Z,16,76,5.8,0.0,17.1,7.4,2.4,45.8,0.0,10.0,11.4
2023-05-30T08:30Z,17,264,0.0,0.0,67.1,0.3,0.0,0.0,0.0,15.2,17.4
2023-05-30T08:30Z,18,127,2.5,0.0,28.8,0.9,20.5,17.1,0.0,16.5,13.7
2023-05-30T09:00Z,1,11,4.4,0.0,1.4,27.3,6.5,36.2,0.0,4.5,19.8
2023-05-30T09:00Z,2,19,7.7,0.0,2.4,0.0,11.4,67.1,0.0,7.8,3.5
2023-05-30T09:00Z,3,73,1.1,0.0,18.2,0.0,8.8,63.9,0.0,4.9,3.1
2023-05-30T09:00Z,4,3,1.7,0.0,0.0,0.0,47.9,45.9,0.0,3.0,1.4
2023-05-30T09:00Z,5,203,11.4,0.0,47.0,0.0,7.5,4.7,0.0,8.7,20.6
2023-05-30T09:00Z,6,99,0.3,0.0,24.6,0.0,7.3,19.6,0.0,30.2,18.0
2023-05-30T09:00Z,7,295,0.0,0.0,75.0,0.0,0.0,0.0,0.0,14.4,10.6
2023-05-30T09:00Z,8,197,0.0,0.0,48.6,0.0,15.8,1.3,0.0,25.0,9.4
2023-05-30T09:00Z,9,205,0.0,0.0,48.3,0.0,13.0,3.0,0.0,16.7,19.0
2023-05-30T09:00Z,10,101,0.0,0.0,14.1,0.0,27.2,10.0,0.0,14.1,34.6
2023-05-30T09:00Z,11,61,0.0,0.0,15.3,0.0,7.4,0.0,0.0,72.2,5.0
2023-05-30T09:00Z,12,132,0.0,0.0,32.1,0.1,35.9,0.0,0.0,28.0,3.9
2023-05-30T09:00Z,13,89,0.0,0.0,19.8,0.2,57.6,0.0,0.0,7.6,14.8
2023-05-30T09:00Z,14,89,0.0,0.0,19.8,0.2,57.7,0.0,0.0,7.6,14.7
2023-05-30T09:00Z,15,117,2.3,0.0,25.8,0.1,24.3,14.1,0.0,19.5,14.0
2023-05-30T09:00Z,16,67,4.7,0.0,15.2,7.0,3.0,46.2,0.0,11.4,12.5
2023-05-30T09:00Z,17,246,0.0,0.0,62.3,0.7,0.0,0.0,0.0,18.5,18.5
2023-05-30T09:00Z,18,119,2.4,0.0,26.9,0.9,20.3,16.9,0.0,18.5,14.1
2023-05-30T09:30Z,1,9,4.2,0.0,1.0,27.0,5.9,34.5,0.0,4.4,23.0
2023-05-30T09:30Z,2,18,8.0,0.0,2.0,0.0,11.1,66.9,0.0,8.3,3.7
2023-05-30T09:30Z,3,67,1.0,0.0,16.5,0.0,9.2,64.8,0.0,5.4,3.1
2023-05-30T09:30Z,4,3,1.9,0.0,0.0,0.0,47.2,45.9,0.0,3.6,1.4
2023-05-30T09:30Z,5,211,9.8,0.0,49.6,0.0,7.2,4.8,0.0,9.0,19.6
2023-05-30T09:30Z,6,85,0.4,0.0,21.0,0.1,7.2,19.7,0.0,35.0,16.7
2023-05-30T09:30Z,7,284,0.0,0.0,72.0,0.0,0.0,0.0,0.0,16.8,11.2
2023-05-30T09:30Z,8,182,0.0,0.0,44.9,0.0,15.3,1.5,0.0,28.6,9.7
2023-05-30T09:30Z,9,194,0.0,0.0,45.6,0.0,12.7,3.1,0.0,18.9,19.7
2023-05-30T09:30Z,10,92,0.0,0.0,11.7,0.0,26.3,10.3,0.0,15.0,36.6
2023-05-30T09:30Z,11,40,0.0,0.0,9.9,0.0,7.0,0.0,0.0,78.4,4.8
2023-05-30T09:30Z,12,118,0.0,0.0,28.6,0.1,35.6,0.0,0.0,31.5,4.2
2023-05-30T09:30Z,13,72,0.0,0.0,15.8,0.4,57.7,0.0,0.0,8.9,17.3
2023-05-30T09:30Z,14,72,0.0,0.0,15.8,0.4,57.8,0.0,0.0,8.9,17.2
2023-05-30T09:30Z,15,106,2.2,0.0,23.2,0.1,23.5,14.5,0.0,22.0,14.7
2023-05-30T09:30Z,16,61,6.1,0.0,13.4,7.6,2.1,46.2,0.0,11.6,13.0
2023-05-30T09:30Z,17,241,0.0,0.0,61.3,0.8,0.0,0.0,0.0,20.4,17.6
2023-05-30T09:30Z,18,110,2.5,0.0,24.5,1.0,19.5,17.2,0.0,20.7,14.7
2023-05-30T10:00Z,1,10,4.4,0.0,1.1,20.1,6.2,36.5,0.0,5.0,26.6
2023-05-30T10:00Z,2,17,7.6,0.0,1.9,0.0,10.9,66.6,0.0,8.8,4.3
2023-05-30T10:00Z,3,66,1.0,0.0,16.4,0.0,9.1,64.8,0.0,5.6,3.0
2023-05-30T10:00Z,4,3,1.8,0.0,0.0,0.0,46.7,45.9,0.0,4.1,1.5
2023-05-30T10:00Z,5,209,10.5,0.0,49.1,0.0,6.6,4.7,0.0,9.4,19.6
2023-05-30T10:00Z,6,88,0.4,0.0,21.9,0.1,6.8,18.5,0.0,36.3,16.0
2023-05-30T10:00Z,7,284,0.0,0.0,72.1,0.0,0.0,0.0,0.0,17.1,10.8
2023-05-30T10:00Z,8,179,0.0,0.0,44.3,0.0,14.8,1.0,0.0,29.7,10.1
2023-05-30T10:00Z,9,185,0.0,0.0,43.3,0.0,12.2,2.9,0.0,20.3,21.3
2023-05-30T10:00Z,10,93,0.0,0.0,12.0,0.0,25.9,9.9,0.0,15.9,36.2
2023-05-30T10:00Z,11,38,0.0,0.0,9.4,0.0,8.2,0.0,0.0,77.7,4.7
2023-05-30T10:00Z,12,103,0.0,0.0,24.6,0.1,38.0,0.0,0.0,33.0,4.3
2023-05-30T10:00Z,13,65,0.0,0.0,13.4,0.3,61.5,0.1,0.0,8.4,16.2
2023-05-30T10:00Z,14,65,0.0,0.0,13.5,0.3,61.6,0.0,0.0,8.5,16.2
2023-05-30T10:00Z,15,103,2.1,0.0,22.3,0.1,24.1,14.1,0.0,22.7,14.7
2023-05-30T10:00Z,16,58,5.7,0.0,12.7,5.6,2.3,47.1,0.0,12.5,14.0
2023-05-30T10:00Z,17,235,0.0,0.0,59.7,0.6,0.0,0.0,0.0,22.1,17.7
2023-05-30T10:00Z,18,106,2.4,0.0,23.7,0.7,20.1,16.8,0.0,21.5,14.8
2023-05-30T10:30Z,1,10,4.5,0.0,1.1,13.7,6.6,38.4,0.0,5.7,30.1
2023-05-30T10:30Z,2,16,7.3,0.0,1.8,0.0,10.8,66.1,0.0,9.3,4.7
2023-05-30T10:30Z,3,61,0.8,0.0,15.2,0.0,9.3,65.2,0.0,6.5,3.1
2023-05-30T10:30Z,4,3,1.7,0.0,0.0,0.0,46.9,45.0,0.0,4.7,1.7
2023-05-30T10:30Z,5,199,7.0,0.0,47.4,0.0,7.2,4.7,0.0,12.1,21.6
2023-05-30T10:30Z,6,95,0.2,0.0,23.7,0.0,6.4,17.4,0.0,37.2,15.1
2023-05-30T10:30Z,7,288,0.0,0.0,73.0,0.0,0.0,0.0,0.0,16.8,10.2
2023-05-30T10:30Z,8,184,0.0,0.0,45.5,0.0,14.0,0.8,0.0,30.0,9.7
2023-05-30T10:30Z,9,175,0.0,0.0,40.9,0.0,12.2,2.7,0.0,21.9,22.2
2023-05-30T10:30Z,10,93,0.0,0.0,12.3,0.0,25.4,9.7,0.0,17.0,35.5
2023-05-30T10:30Z,11,43,0.0,0.0,10.6,0.0,7.9,0.0,0.0,77.0,4.5
2023-05-30T10:30Z,12,109,0.0,0.0,26.1,0.1,36.6,0.0,0.0,33.2,4.0
2023-05-30T10:30Z,13,68,0.0,0.0,14.3,0.2,60.9,0.3,0.0,8.6,15.7
2023-05-30T10:30Z,14,68,0.0,0.0,14.3,0.2,61.1,0.0,0.0,8.6,15.7
2023-05-30T10:30Z,15,101,2.1,0.0,22.0,0.0,23.7,13.9,0.0,23.6,14.7
2023-05-30T10:30Z,16,62,5.7,0.0,13.8,3.3,2.2,47.1,0.0,13.1,14.8
2023-05-30T10:30Z,17,241,0.0,0.0,61.3,0.2,0.0,0.0,0.0,21.9,16.6
2023-05-30T10:30Z,18,106,2.3,0.0,23.6,0.4,19.9,16.6,0.0,22.4,14.8
2023-05-30T11:00Z,1,9,4.2,0.0,1.1,12.4,6.3,38.0,0.0,5.8,32.2
2023-05-30T11:00Z,2,16,7.0,0.0,1.8,0.0,10.7,65.3,0.0,9.8,5.4
2023-05-30T11:00Z,3,63,0.7,0.0,15.6,0.0,9.2,64.5,0.0,6.6,3.3
2023-05-30T11:00Z,4,2,1.5,0.0,0.0,0.0,47.1,43.9,0.0,5.6,1.9
2023-05-30T11:00Z,5,204,6.3,0.0,49.2,0.0,6.3,5.0,0.0,12.1,21.1
2023-05-30T11:00Z,6,89,0.2,0.0,22.2,0.0,6.2,18.1,0.0,38.3,14.8
2023-05-30T11:00Z,7,287,0.0,0.0,72.8,0.0,0.0,0.0,0.0,17.3,9.9
2023-05-30T11:00Z,8,180,0.0,0.0,44.5,0.0,13.2,1.7,0.0,30.6,10.0
2023-05-30T11:00Z,9,175,0.0,0.0,41.0,0.0,11.0,2.5,0.0,22.9,22.7
2023-05-30T11:00Z,10,92,0.0,0.0,12.1,0.0,24.9,9.2,0.0,18.0,35.8
2023-05-30T11:00Z,11,33,0.0,0.0,8.1,0.0,9.0,0.0,0.0,78.4,4.5
2023-05-30T11:00Z,12,91,0.0,0.0,21.6,0.1,38.4,0.0,0.0,35.6,4.3
2023-05-30T11:00Z,13,66,0.0,0.0,13.4,0.2,60.0,0.6,0.0,9.4,16.4
2023-05-30T11:00Z,14,65,0.0,0.0,13.5,0.2,61.3,0.0,0.0,9.2,15.8
2023-05-30T11:00Z,15,98,1.9,0.0,21.1,0.0,23.5,13.8,0.0,24.6,14.9
2023-05-30T11:00Z,16,61,5.3,0.0,13.7,2.9,2.1,47.0,0.0,13.6,15.4
2023-05-30T11:00Z,17,241,0.0,0.0,61.2,0.1,0.0,0.0,0.0,22.6,16.1
2023-05-30T11:00Z,18,103,2.2,0.0,22.9,0.3,19.8,16.5,0.0,23.3,15.1
2023-05-30T11:30Z,1,9,4.5,0.0,0.9,13.1,6.1,36.2,0.0,6.1,33.2
2023-05-30T11:30Z,2,15,7.6,0.0,1.6,0.0,10.2,64.5,0.0,10.2,6.1
2023-05-30T11:30Z,3,66,0.8,0.0,16.4,0.0,9.4,63.4,0.0,6.7,3.3
2023-05-30T11:30Z,4,3,1.6,0.0,0.0,0.0,46.2,43.9,0.0,6.3,2.0
2023-05-30T11:30Z,5,212,6.2,0.0,51.2,0.0,6.0,5.2,0.0,11.8,19.7
2023-05-30T11:30Z,6,79,0.3,0.0,19.6,0.1,6.0,20.1,0.0,39.1,14.8
2023-05-30T11:30Z,7,288,0.0,0.0,73.1,0.0,0.0,0.0,0.0,17.4,9.5
2023-05-30T11:30Z,8,170,0.0,0.0,42.0,0.0,13.8,4.1,0.0,30.0,10.1
2023-05-30T11:30Z,9,167,0.0,0.0,38.7,0.0,11.6,2.4,0.0,23.6,23.7
2023-05-30T11:30Z,10,91,0.0,0.0,11.6,0.0,25.1,8.9,0.0,18.3,36.0
2023-05-30T11:30Z,11,37,0.0,0.0,9.0,0.0,7.3,0.0,0.0,79.3,4.3
2023-05-30T11:30Z,12,84,0.0,0.0,19.7,0.1,39.2,0.0,0.0,36.5,4.5
2023-05-30T11:30Z,13,66,0.0,0.0,13.4,0.2,58.5,1.0,0.0,10.1,16.9
2023-05-30T11:30Z,14,65,0.0,0.0,13.5,0.2,61.0,0.0,0.0,9.6,15.7
2023-05-30T11:30Z,15,98,1.9,0.0,21.2,0.0,23.2,13.7,0.0,25.0,14.9
2023-05-30T11:30Z,16,64,5.2,0.0,14.3,2.9,1.8,46.8,0.0,13.4,15.6
2023-05-30T11:30Z,17,248,0.0,0.0,62.8,0.4,0.0,0.0,0.0,21.8,14.9
2023-05-30T11:30Z,18,103,2.2,0.0,23.0,0.4,19.5,16.4,0.0,23.6,15.0
2023-05-30T12:00Z,1,8,4.0,0.0,0.8,12.6,6.0,35.9,0.0,5.9,34.9
2023-05-30T12:00Z,2,14,7.1,0.0,1.3,0.0,10.6,64.2,0.0,10.3,6.5
2023-05-30T12:00Z,3,53,0.7,0.0,13.1,0.0,9.8,65.9,0.0,6.7,3.9
2023-05-30T12:00Z,4,3,1.8,0.0,0.0,0.0,44.9,44.6,0.0,6.6,2.1
2023-05-30T12:00Z,5,197,5.0,0.0,48.2,0.0,6.7,6.4,0.0,11.5,22.2
2023-05-30T12:00Z,6,75,0.3,0.0,18.6,0.0,5.6,21.3,0.0,39.2,15.0
2023-05-30T12:00Z,7,291,0.0,0.0,73.8,0.0,0.0,0.0,0.0,17.1,9.1
2023-05-30T12:00Z,8,178,0.0,0.0,44.3,0.0,11.2,4.4,0.0,30.2,9.8
2023-05-30T12:00Z,9,165,0.0,0.0,38.6,0.0,9.6,1.8,0.0,25.1,24.9
2023-05-30T12:00Z,10,99,0.0,0.0,13.5,0.0,24.4,8.7,0.0,17.1,36.4
2023-05-30T12:00Z,11,32,0.0,0.0,7.8,0.0,8.9,0.0,0.0,79.0,4.3
2023-05-30T12:00Z,12,77,0.0,0.0,18.0,0.1,38.8,0.0,0.0,39.0,4.2
2023-05-30T12:00Z,13,73,0.0,0.0,15.0,0.2,55.2,1.2,0.0,10.4,17.9
2023-05-30T12:00Z,14,71,0.0,0.0,15.2,0.3,58.6,0.0,0.0,9.8,16.1
2023-05-30T12:00Z,15,93,1.9,0.0,20.1,0.0,22.9,13.9,0.0,25.5,15.6
2023-05-30T12:00Z,16,63,5.1,0.0,14.1,2.6,1.9,46.2,0.0,13.8,16.3
2023-05-30T12:00Z,17,244,0.0,0.0,61.9,0.6,0.0,0.0,0.0,22.5,15.0
2023-05-30T12:00Z,18,99,2.2,0.0,22.0,0.3,19.2,16.6,0.0,24.0,15.7
2023-05-30T12:30Z,1,9,4.6,0.0,0.9,10.2,6.8,40.1,0.0,6.6,30.8
2023-05-30T12:30Z,2,14,7.1,0.0,1.3,0.0,10.4,64.9,0.0,10.2,6.2
2023-05-30T12:30Z,3,55,0.7,0.0,13.6,0.0,9.8,65.3,0.0,6.7,4.0
2023-05-30T12:30Z,4,3,1.8,0.0,0.0,0.0,44.1,45.2,0.0,6.7,2.2
2023-05-30T12:30Z,5,200,4.6,0.0,49.3,0.0,6.3,5.8,0.0,10.9,23.0
2023-05-30T12:30Z,6,75,0.3,0.0,18.8,0.0,5.3,21.3,0.0,39.1,15.2
2023-05-30T12:30Z,7,296,0.0,0.0,75.1,0.0,0.0,0.0,0.0,16.6,8.3
2023-05-30T12:30Z,8,192,0.0,0.0,48.2,0.0,8.8,4.7,0.0,28.9,9.3
2023-05-30T12:30Z,9,183,0.0,0.0,44.4,0.0,6.2,1.7,0.0,24.0,23.7
2023-05-30T12:30Z,10,97,0.0,0.0,15.2,0.0,20.4,8.7,0.0,16.3,39.4
2023-05-30T12:30Z,11,34,0.0,0.0,8.2,0.0,9.0,0.0,0.0,78.4,4.3
2023-05-30T12:30Z,12,78,0.0,0.0,18.5,0.0,37.7,0.0,0.0,39.7,4.0
2023-05-30T12:30Z,13,82,0.0,0.0,17.2,0.2,50.5,1.6,0.0,10.7,19.8
2023-05-30T12:30Z,14,79,0.0,0.0,17.6,0.2,55.8,0.0,0.0,9.8,16.6
2023-05-30T12:30Z,15,99,2.0,0.0,22.1,0.0,21.2,13.7,0.0,24.9,16.0
2023-05-30T12:30Z,16,58,5.0,0.0,13.0,2.1,1.7,49.5,0.0,13.7,15.0
2023-05-30T12:30Z,17,240,0.0,0.0,60.9,0.5,0.0,0.0,0.0,23.4,15.2
2023-05-30T12:30Z,18,104,2.2,0.0,23.6,0.3,17.8,16.6,0.0,23.7,15.9
2023-05-30T13:00Z,1,9,4.6,0.0,0.8,7.1,6.6,40.7,0.0,6.4,33.9
2023-05-30T13:00Z,2,13,7.1,0.0,1.2,0.0,10.1,65.2,0.0,9.7,6.8
2023-05-30T13:00Z,3,52,0.4,0.0,13.1,0.0,9.6,65.7,0.0,6.3,4.9
2023-05-30T13:00Z,4,3,1.7,0.0,0.0,0.0,42.9,46.9,0.0,6.3,2.2
2023-05-30T13:00Z,5,199,1.1,0.0,49.9,0.0,6.3,5.1,0.0,11.6,26.0
2023-05-30T13:00Z,6,74,0.3,0.0,18.5,0.1,5.3,21.2,0.0,38.2,16.4
2023-05-30T13:00Z,7,297,0.0,0.0,75.3,0.0,0.0,0.0,0.0,16.1,8.6
2023-05-30T13:00Z,8,190,0.0,0.0,47.5,0.0,9.1,4.6,0.0,29.1,9.6
2023-05-30T13:00Z,9,179,0.0,0.0,43.4,0.0,5.9,1.7,0.0,25.1,23.8
2023-05-30T13:00Z,10,100,0.0,0.0,15.9,0.0,19.8,8.8,0.0,16.0,39.5
2023-05-30T13:00Z,11,45,0.0,0.0,11.0,0.0,9.3,0.0,0.0,75.3,4.4
2023-05-30T13:00Z,12,87,0.0,0.0,20.7,0.0,37.8,0.0,0.0,37.6,3.9
2023-05-30T13:00Z,13,83,0.0,0.0,17.4,0.1,49.5,1.7,0.0,10.8,20.5
2023-05-30T13:00Z,14,80,0.0,0.0,17.7,0.1,56.1,0.0,0.0,9.5,16.6
2023-05-30T13:00Z,15,101,2.0,0.0,22.5,0.0,21.2,13.8,0.0,24.1,16.4
2023-05-30T13:00Z,16,55,5.0,0.0,12.2,1.5,1.9,49.8,0.0,13.4,16.1
2023-05-30T13:00Z,17,236,0.0,0.0,60.0,0.2,0.0,0.0,0.0,23.4,16.5
2023-05-30T13:00Z,18,104,2.2,0.0,23.8,0.2,17.9,16.7,0.0,22.9,16.4
2023-05-30T13:30Z,1,10,4.6,0.0,1.1,5.8,5.2,40.4,0.0,5.8,37.0
2023-05-30T13:30Z,2,16,7.3,0.0,1.7,0.0,8.3,66.0,0.0,9.2,7.5
2023-05-30T13:30Z,3,72,0.4,0.0,18.1,0.0,7.0,63.6,0.0,5.3,5.5
2023-05-30T13:30Z,4,3,2.3,0.0,0.0,0.0,37.4,51.6,0.0,6.3,2.5
2023-05-30T13:30Z,5,208,0.3,0.0,52.6,0.0,4.6,3.7,0.0,10.2,28.5
2023-05-30T13:30Z,6,87,0.3,0.0,21.9,0.1,4.1,20.3,0.0,35.8,17.6
2023-05-30T13:30Z,7,291,0.0,0.0,73.8,0.0,0.0,0.0,0.0,16.6,9.6
2023-05-30T13:30Z,8,185,0.0,0.0,46.6,0.0,8.9,4.3,0.0,29.5,10.7
2023-05-30T13:30Z,9,187,0.0,0.0,46.8,0.0,2.9,1.8,0.0,24.7,23.7
2023-05-30T13:30Z,10,78,0.0,0.0,15.9,0.0,11.5,9.8,0.0,17.5,45.3
2023-05-30T13:30Z,11,53,0.0,0.0,13.0,0.0,10.3,0.0,0.0,72.3,4.5
2023-05-30T13:30Z,12,97,0.0,0.0,23.2,0.0,37.8,0.0,0.0,34.8,4.1
2023-05-30T13:30Z,13,78,0.0,0.0,17.0,0.1,48.2,1.6,0.0,10.8,22.4
2023-05-30T13:30Z,14,78,0.0,0.0,17.2,0.1,56.7,0.0,0.0,9.0,17.0
2023-05-30T13:30Z,15,103,2.0,0.0,24.3,0.0,18.9,13.9,0.0,23.3,17.5
2023-05-30T13:30Z,16,53,5.0,0.0,11.8,1.3,1.6,50.1,0.0,12.7,17.5
2023-05-30T13:30Z,17,236,0.0,0.0,59.8,0.0,0.0,0.0,0.0,22.6,17.6
2023-05-30T13:30Z,18,106,2.2,0.0,25.1,0.1,16.0,16.8,0.0,22.2,17.5
2023-05-30T14:00Z,1,11,4.7,0.0,1.3,5.7,5.0,39.5,0.0,5.5,38.4
2023-05-30T14:00Z,2,17,7.5,0.0,2.0,0.0,8.1,65.4,0.0,8.8,8.2
2023-05-30T14:00Z,3,78,0.8,0.0,19.5,0.0,6.3,61.2,0.0,5.2,7.0
2023-05-30T14:00Z,4,4,3.1,0.0,0.0,0.0,38.3,49.4,0.0,6.4,2.7
2023-05-30T14:00Z,5,206,4.3,0.0,50.8,0.0,2.8,3.3,0.0,9.8,28.9
2023-05-30T14:00Z,6,99,0.3,0.0,25.0,0.0,3.8,19.0,0.0,33.4,18.3
2023-05-30T14:00Z,7,305,0.0,0.0,77.4,0.0,0.0,0.0,0.0,14.2,8.4
2023-05-30T14:00Z,8,201,0.0,0.0,50.5,0.0,8.8,4.0,0.0,26.8,9.9
2023-05-30T14:00Z,9,178,0.0,0.0,44.4,0.0,4.3,1.8,0.0,24.4,25.1
2023-05-30T14:00Z,10,78,0.0,0.0,16.2,0.0,11.9,10.1,0.0,16.3,45.5
2023-05-30T14:00Z,11,54,0.0,0.0,13.2,0.0,10.9,0.0,0.0,71.3,4.5
2023-05-30T14:00Z,12,101,0.0,0.0,24.2,0.0,38.4,0.0,0.0,33.2,4.2
2023-05-30T14:00Z,13,81,0.0,0.0,17.6,0.1,49.4,1.6,0.0,9.7,21.6
2023-05-30T14:00Z,14,81,0.0,0.0,17.9,0.1,56.6,0.0,0.0,8.4,17.0
2023-05-30T14:00Z,15,105,2.1,0.0,24.9,0.0,18.9,14.0,0.0,22.2,18.0
2023-05-30T14:00Z,16,59,4.4,0.0,13.4,1.3,1.3,49.6,0.0,11.8,18.1
2023-05-30T14:00Z,17,250,0.0,0.0,63.5,0.0,0.0,0.0,0.0,20.0,16.4
2023-05-30T14:00Z,18,109,2.2,0.0,26.0,0.1,15.9,16.9,0.0,21.0,17.9
2023-05-30T14:30Z,1,11,4.6,0.0,1.4,6.9,3.6,38.0,0.0,4.9,40.6
2023-05-30T14:30Z,2,19,8.0,0.0,2.5,0.0,6.2,65.5,0.0,8.5,9.4
2023-05-30T14:30Z,3,83,0.8,0.0,20.9,0.0,4.0,61.0,0.0,4.7,8.5
2023-05-30T14:30Z,4,6,4.4,0.0,0.0,0.0,33.3,51.8,0.0,7.2,3.2
2023-05-30T14:30Z,5,206,4.1,0.0,50.9,0.0,1.4,3.4,0.0,9.2,31.0
2023-05-30T14:30Z,6,105,0.2,0.0,26.4,0.0,3.4,19.0,0.0,31.1,19.9
2023-05-30T14:30Z,7,307,0.0,0.0,77.9,0.0,0.0,0.0,0.0,13.7,8.4
2023-05-30T14:30Z,8,202,0.0,0.0,50.6,0.0,9.6,4.1,0.0,24.9,10.7
2023-05-30T14:30Z,9,186,0.0,0.0,45.3,0.0,5.9,1.8,0.0,20.9,26.1
2023-05-30T14:30Z,10,88,0.0,0.0,14.3,0.0,17.9,9.6,0.0,13.5,44.7
2023-05-30T14:30Z,11,46,0.0,0.0,11.2,0.0,12.7,0.0,0.0,71.2,4.9
2023-05-30T14:30Z,12,109,0.0,0.0,26.3,0.0,38.3,0.0,0.0,30.5,4.8
2023-05-30T14:30Z,13,85,0.0,0.0,18.1,0.1,49.6,1.6,0.0,8.5,22.1
2023-05-30T14:30Z,14,84,0.0,0.0,18.8,0.1,55.4,0.0,0.0,7.6,18.0
2023-05-30T14:30Z,15,111,2.2,0.0,25.3,0.0,18.9,14.0,0.0,20.5,19.0
2023-05-30T14:30Z,16,57,4.7,0.0,12.9,1.5,1.3,49.3,0.0,10.9,19.3
2023-05-30T14:30Z,17,252,0.0,0.0,64.0,0.0,0.0,0.0,0.0,19.1,16.9
2023-05-30T14:30Z,18,114,2.4,0.0,26.4,0.2,15.9,16.8,0.0,19.4,18.9
2023-05-30T15:00Z,1,10,4.1,0.0,1.4,9.4,3.4,35.2,0.0,4.1,42.5
2023-05-30T15:00Z,2,20,7.8,0.0,2.7,0.0,6.5,65.0,0.0,7.8,10.1
2023-05-30T15:00Z,3,84,1.0,0.0,21.0,0.0,4.4,60.2,0.0,4.4,9.0
2023-05-30T15:00Z,4,6,4.2,0.0,0.0,0.0,32.4,53.8,0.0,6.4,3.2
2023-05-30T15:00Z,5,204,5.5,0.0,49.9,0.0,1.8,3.5,0.0,8.0,31.2
2023-05-30T15:00Z,6,111,0.3,0.0,27.9,0.0,3.3,19.1,0.0,27.3,22.1
2023-05-30T15:00Z,7,314,0.0,0.0,79.7,0.0,0.0,0.0,0.0,12.2,8.1
2023-05-30T15:00Z,8,219,0.0,0.0,55.0,0.0,8.8,4.6,0.0,21.3,10.3
2023-05-30T15:00Z,9,225,0.0,0.0,55.8,0.0,4.1,1.6,0.0,16.1,22.4
2023-05-30T15:00Z,10,89,0.0,0.0,14.5,0.0,18.3,9.4,0.0,12.3,45.4
2023-05-30T15:00Z,11,54,0.0,0.0,13.1,0.0,13.4,0.0,0.0,68.3,5.2
2023-05-30T15:00Z,12,124,0.0,0.0,30.0,0.1,38.1,0.0,0.0,27.0,4.8
2023-05-30T15:00Z,13,94,0.0,0.0,20.7,0.2,48.6,1.6,0.0,7.2,21.8
2023-05-30T15:00Z,14,96,0.0,0.0,21.8,0.2,54.0,0.0,0.0,6.3,17.7
2023-05-30T15:00Z,15,121,2.3,0.0,28.0,0.0,18.7,13.8,0.0,18.1,19.1
2023-05-30T15:00Z,16,63,4.4,0.0,14.6,2.2,1.3,47.1,0.0,9.8,20.5
2023-05-30T15:00Z,17,263,0.0,0.0,66.6,0.0,0.0,0.0,0.0,16.4,17.0
2023-05-30T15:00Z,18,124,2.4,0.0,28.9,0.3,15.7,16.5,0.0,17.1,19.1
2023-05-30T15:30Z,1,9,3.5,0.0,1.2,13.2,4.5,31.6,0.0,3.2,42.9
2023-05-30T15:30Z,2,19,7.3,0.0,2.5,0.0,9.2,64.1,0.0,6.6,10.4
2023-05-30T15:30Z,3,84,0.9,0.0,21.0,0.0,6.9,58.5,0.0,3.8,8.9
2023-05-30T15:30Z,4,4,3.0,0.0,0.0,0.0,40.8,48.8,0.0,4.6,2.8
2023-05-30T15:30Z,5,199,5.6,0.0,48.6,0.0,3.7,3.5,0.0,6.8,31.9
2023-05-30T15:30Z,6,110,0.4,0.0,27.7,0.0,4.2,19.6,0.0,23.5,24.6
2023-05-30T15:30Z,7,323,0.0,0.0,81.9,0.0,0.0,0.0,0.0,10.3,7.8
2023-05-30T15:30Z,8,229,0.1,0.0,57.5,0.0,8.9,5.1,0.0,17.9,10.5
2023-05-30T15:30Z,9,234,0.0,0.0,58.1,0.0,4.1,1.4,0.0,14.0,22.4
2023-05-30T15:30Z,10,90,0.0,0.0,14.5,0.0,19.5,9.5,0.0,11.0,45.4
2023-05-30T15:30Z,11,72,0.0,0.0,17.7,0.0,15.9,0.0,0.0,60.8,5.5
2023-05-30T15:30Z,12,138,0.0,0.0,33.6,0.1,39.2,0.0,0.0,22.1,5.0
2023-05-30T15:30Z,13,102,0.0,0.0,22.6,0.3,50.1,1.6,0.0,5.5,19.9
2023-05-30T15:30Z,14,104,0.0,0.0,23.9,0.4,54.6,0.0,0.0,4.7,16.4
2023-05-30T15:30Z,15,126,2.2,0.0,29.1,0.1,20.7,13.6,0.0,15.4,18.9
2023-05-30T15:30Z,16,67,4.4,0.0,15.6,3.3,1.5,45.4,0.0,8.4,21.5
2023-05-30T15:30Z,17,273,0.0,0.0,69.3,0.0,0.0,0.0,0.0,13.7,17.1
2023-05-30T15:30Z,18,128,2.3,0.0,30.1,0.4,17.4,16.2,0.0,14.5,19.1
2023-05-30T16:00Z,1,8,3.2,0.0,1.0,22.0,4.0,28.0,0.0,2.4,39.4
2023-05-30T16:00Z,2,18,7.5,0.0,2.3,0.0,9.4,64.7,0.0,5.5,10.6
2023-05-30T16:00Z,3,86,1.1,0.0,21.5,0.0,7.3,57.8,0.0,3.1,9.3
2023-05-30T16:00Z,4,4,3.3,0.0,0.0,0.0,41.9,48.8,0.0,3.7,2.3
2023-05-30T16:00Z,5,195,8.8,0.0,46.9,0.0,4.2,3.7,0.0,5.2,31.2
2023-05-30T16:00Z,6,107,0.6,0.0,26.9,0.0,4.1,21.2,0.0,19.9,27.3
2023-05-30T16:00Z,7,325,0.0,0.0,82.4,0.0,0.0,0.0,0.0,9.3,8.4
2023-05-30T16:00Z,8,236,0.1,0.0,59.5,0.0,7.6,6.2,0.0,15.2,11.3
2023-05-30T16:00Z,9,260,0.0,0.0,65.3,0.0,1.7,1.2,0.0,11.1,20.6
2023-05-30T16:00Z,10,85,0.0,0.0,14.6,0.1,16.8,9.9,0.0,9.4,49.2
2023-05-30T16:00Z,11,84,0.0,0.0,20.7,0.1,17.3,0.0,0.0,55.7,6.3
2023-05-30T16:00Z,12,151,0.0,0.0,36.8,0.2,39.0,0.0,0.0,18.5,5.6
2023-05-30T16:00Z,13,106,0.0,0.0,23.5,0.5,47.3,1.6,0.0,4.7,22.4
2023-05-30T16:00Z,14,110,0.0,0.0,25.4,0.6,53.6,0.0,0.0,3.7,16.8
2023-05-30T16:00Z,15,132,2.3,0.0,30.9,0.1,20.6,13.6,0.0,12.8,19.7
2023-05-30T16:00Z,16,64,3.8,0.0,14.9,6.5,1.6,44.5,0.0,7.0,21.8
2023-05-30T16:00Z,17,273,0.0,0.0,69.2,0.0,0.0,0.0,0.0,12.1,18.7
2023-05-30T16:00Z,18,133,2.3,0.0,31.5,0.8,17.3,16.1,0.0,12.2,19.8
2023-05-30T16:30Z,1,7,2.8,0.0,0.9,31.1,3.8,24.8,0.0,1.7,34.9
2023-05-30T16:30Z,2,19,7.6,0.0,2.4,0.0,10.2,64.8,0.0,4.5,10.5
2023-05-30T16:30Z,3,90,0.8,0.0,22.6,0.0,7.7,57.6,0.0,2.3,8.9
2023-05-30T16:30Z,4,4,2.7,0.0,0.0,0.0,45.2,47.4,0.0,2.8,1.8
2023-05-30T16:30Z,5,202,8.8,0.0,48.6,0.0,5.4,4.4,0.0,4.0,28.9
2023-05-30T16:30Z,6,108,0.6,0.0,27.3,0.0,4.0,23.0,0.0,16.1,29.0
2023-05-30T16:30Z,7,333,0.0,0.0,84.6,0.0,0.0,0.0,0.0,7.3,8.1
2023-05-30T16:30Z,8,251,0.3,0.0,63.6,0.0,5.7,7.1,0.0,12.0,11.3
2023-05-30T16:30Z,9,271,0.4,0.0,68.7,0.0,0.6,1.1,0.0,9.1,20.1
2023-05-30T16:30Z,10,68,0.0,0.0,16.9,0.1,7.3,11.3,0.0,8.2,56.2
2023-05-30T16:30Z,11,117,0.0,0.0,29.0,0.1,16.5,0.0,0.0,47.7,6.8
2023-05-30T16:30Z,12,162,0.0,0.0,39.8,0.2,38.6,0.1,0.0,15.3,6.1
2023-05-30T16:30Z,13,105,0.0,0.0,24.7,0.5,44.6,1.8,0.0,3.9,24.5
2023-05-30T16:30Z,14,114,0.0,0.0,26.4,0.6,53.1,0.0,0.0,2.8,17.0
2023-05-30T16:30Z,15,138,2.3,0.0,33.7,0.1,19.3,13.8,0.0,10.5,20.2
2023-05-30T16:30Z,16,62,3.8,0.0,14.6,9.7,1.1,44.1,0.0,5.4,21.2
2023-05-30T16:30Z,17,281,0.0,0.0,71.3,0.0,0.0,0.0,0.0,9.7,19.0
2023-05-30T16:30Z,18,138,2.4,0.0,33.8,1.2,16.1,16.4,0.0,9.9,20.3
2023-05-30T17:00Z,1,6,2.4,0.0,0.8,37.4,3.8,22.6,0.0,1.3,31.7
2023-05-30T17:00Z,2,17,6.7,0.0,2.3,0.0,10.9,65.0,0.0,3.6,11.4
2023-05-30T17:00Z,3,83,1.4,0.0,20.7,0.0,8.3,57.0,0.0,1.9,10.8
2023-05-30T17:00Z,4,3,2.1,0.0,0.0,0.0,46.7,47.4,0.0,2.1,1.7
2023-05-30T17:00Z,5,195,16.8,0.0,44.3,0.0,4.6,4.6,0.0,3.0,26.7
2023-05-30T17:00Z,6,116,0.8,0.0,29.3,0.0,4.2,23.8,0.0,12.6,29.3
2023-05-30T17:00Z,7,342,0.0,0.0,86.8,0.0,0.0,0.0,0.0,5.7,7.5
2023-05-30T17:00Z,8,256,0.4,0.0,64.7,0.0,5.9,8.5,0.0,9.2,11.3
2023-05-30T17:00Z,9,278,0.8,0.0,70.4,0.0,0.6,0.9,0.0,7.0,20.3
2023-05-30T17:00Z,10,69,0.0,0.0,17.2,0.1,7.3,11.7,0.0,6.0,57.8
2023-05-30T17:00Z,11,131,0.0,0.0,32.5,0.1,18.3,0.0,0.0,41.7,7.3
2023-05-30T17:00Z,12,173,0.0,0.0,42.4,0.2,39.2,0.1,0.0,11.7,6.4
2023-05-30T17:00Z,13,114,0.0,0.0,26.9,0.5,43.4,2.1,0.0,2.8,24.3
2023-05-30T17:00Z,14,124,0.0,0.0,29.1,0.6,51.6,0.0,0.0,2.0,16.6
2023-05-30T17:00Z,15,143,2.4,0.0,34.9,0.2,19.6,14.1,0.0,8.1,20.8
2023-05-30T17:00Z,16,62,3.7,0.0,14.5,12.2,1.1,43.3,0.0,4.2,21.0
2023-05-30T17:00Z,17,290,0.0,0.0,73.7,0.0,0.0,0.0,0.0,7.8,18.5
2023-05-30T17:00Z,18,142,2.4,0.0,34.8,1.6,16.3,16.6,0.0,7.6,20.7
2023-05-30T17:30Z,1,6,2.3,0.0,0.8,38.9,3.7,22.1,0.0,1.2,31.0
2023-05-30T17:30Z,2,18,6.8,0.0,2.4,0.0,11.0,64.7,0.0,3.6,11.5
2023-05-30T17:30Z,3,84,1.4,0.0,20.9,0.0,8.4,56.5,0.0,1.9,10.9
2023-05-30T17:30Z,4,3,2.1,0.0,0.0,0.0,47.3,46.7,0.0,2.1,1.7
2023-05-30T17:30Z,5,194,16.8,0.0,44.2,0.0,4.6,4.8,0.0,3.0,26.6
2023-05-30T17:30Z,6,115,0.8,0.0,29.0,0.0,4.2,24.4,0.0,12.5,29.1
2023-05-30T17:30Z,7,342,0.0,0.0,86.8,0.0,0.0,0.0,0.0,5.7,7.5
2023-05-30T17:30Z,8,253,0.4,0.0,63.8,0.0,5.8,9.7,0.0,9.0,11.2
2023-05-30T17:30Z,9,279,0.8,0.0,70.5,0.0,0.6,0.8,0.0,7.0,20.3
2023-05-30T17:30Z,10,69,0.0,0.0,17.1,0.1,7.3,11.9,0.0,6.0,57.7
2023-05-30T17:30Z,11,131,0.0,0.0,32.5,0.1,18.3,0.0,0.0,41.7,7.3
2023-05-30T17:30Z,12,173,0.0,0.0,42.4,0.2,39.2,0.1,0.0,11.7,6.4
2023-05-30T17:30Z,13,114,0.0,0.0,26.8,0.5,43.3,2.5,0.0,2.8,24.2
2023-05-30T17:30Z,14,124,0.0,0.0,29.1,0.6,51.6,0.0,0.0,2.0,16.6
2023-05-30T17:30Z,15,143,2.4,0.0,34.9,0.1,19.6,14.1,0.0,8.1,20.8
2023-05-30T17:30Z,16,61,3.7,0.0,14.4,12.8,1.1,42.9,0.0,4.2,20.9
2023-05-30T17:30Z,17,290,0.0,0.0,73.7,0.0,0.0,0.0,0.0,7.8,18.5
2023-05-30T17:30Z,18,142,2.4,0.0,34.8,1.6,16.2,16.6,0.0,7.6,20.7
