from,regions.regionid,regions.intensity.forecast,biomass,coal,gas,hydro,imports,nuclear,other,solar,wind
2023-10-14T06:00Z,1,0,0.0,0.0,0.0,8.0,0.0,0.0,0.0,0.0,92.0
2023-10-14T06:00Z,2,6,0.5,0.0,1.5,4.2,0.0,11.9,0.0,0.0,81.8
2023-10-14T06:00Z,3,5,0.5,0.0,1.1,1.3,6.7,39.4,0.0,0.0,51.1
2023-10-14T06:00Z,4,6,2.1,0.0,0.4,1.2,43.7,22.8,0.0,0.1,29.8
2023-10-14T06:00Z,5,59,16.6,0.0,9.9,0.5,12.3,9.9,0.0,0.1,50.7
2023-10-14T06:00Z,6,15,0.3,0.0,3.6,6.5,2.2,17.0,0.0,0.0,70.3
2023-10-14T06:00Z,7,252,0.1,0.0,64.0,0.6,0.7,6.2,0.0,0.1,28.2
2023-10-14T06:00Z,8,14,1.0,0.0,3.2,3.4,4.9,27.7,0.0,0.0,59.7
2023-10-14T06:00Z,9,93,11.1,0.0,20.2,0.3,8.2,6.4,0.0,0.1,53.7
2023-10-14T06:00Z,10,33,1.2,0.0,7.9,0.0,0.9,28.6,0.0,0.4,61.0
2023-10-14T06:00Z,11,128,3.9,0.0,30.7,0.9,6.7,7.9,0.0,0.3,49.6
2023-10-14T06:00Z,12,104,5.0,0.0,24.1,1.2,8.5,10.1,0.0,0.3,50.7
2023-10-14T06:00Z,13,65,1.0,0.0,14.1,0.2,9.5,18.2,0.0,0.4,56.6
2023-10-14T06:00Z,14,128,0.3,0.0,26.1,0.6,27.8,4.4,0.0,0.5,40.3
2023-10-14T06:00Z,15,61,4.2,0.0,13.4,1.0,10.0,18.8,0.0,0.2,52.3
2023-10-14T06:00Z,16,8,0.4,0.0,1.9,5.9,0.0,9.9,0.0,0.0,81.9
2023-10-14T06:00Z,17,111,0.2,0.0,28.1,5.1,0.0,4.2,0.0,0.0,62.4
2023-10-14T06:00Z,18,58,3.5,0.0,12.9,1.9,8.1,16.7,0.0,0.2,56.7
2023-10-14T06:30Z,1,0,0.0,0.0,0.0,8.0,0.0,0.0,0.0,0.0,92.0
2023-10-14T06:30Z,2,6,0.5,0.0,1.5,4.0,0.0,11.8,0.0,0.0,82.1
2023-10-14T06:30Z,3,3,0.4,0.0,0.7,1.3,6.7,39.9,0.0,0.0,51.0
2023-10-14T06:30Z,4,5,1.9,0.0,0.4,1.2,44.6,22.1,0.0,0.0,29.8
2023-10-14T06:30Z,5,58,13.5,0.0,10.5,0.4,12.4,8.9,0.0,0.1,54.2
2023-10-14T06:30Z,6,14,0.3,0.0,3.4,6.1,2.3,16.5,0.0,0.0,71.3
2023-10-14T06:30Z,7,231,0.3,0.0,58.5,0.8,1.2,7.9,0.0,0.2,31.1
2023-10-14T06:30Z,8,16,1.2,0.0,3.6,3.1,5.2,26.1,0.0,0.1,60.9
2023-10-14T06:30Z,9,87,8.6,0.0,19.5,0.3,7.9,5.5,0.0,0.2,58.0
2023-10-14T06:30Z,10,71,0.2,0.0,5.9,0.0,10.3,25.2,0.0,0.3,58.1
2023-10-14T06:30Z,11,141,2.3,0.0,32.0,0.7,18.8,5.8,0.0,0.9,39.5
2023-10-14T06:30Z,12,121,2.9,0.0,25.7,0.9,24.4,7.9,0.0,0.4,37.7
2023-10-14T06:30Z,13,103,0.2,0.0,14.1,0.2,19.9,16.9,0.0,0.3,48.4
2023-10-14T06:30Z,14,157,0.0,0.0,28.1,0.6,36.0,3.5,0.0,0.3,31.4
2023-10-14T06:30Z,15,71,3.1,0.0,12.8,1.0,14.8,18.1,0.0,0.2,50.0
2023-10-14T06:30Z,16,7,0.3,0.0,1.6,5.8,0.0,9.5,0.0,0.0,82.9
2023-10-14T06:30Z,17,102,0.1,0.0,25.8,4.9,0.0,4.1,0.0,0.1,65.0
2023-10-14T06:30Z,18,65,2.5,0.0,12.3,1.9,11.8,16.0,0.0,0.2,55.3
2023-10-14T07:00Z,1,0,0.0,0.0,0.0,7.9,0.0,0.0,0.0,0.0,92.1
2023-10-14T07:00Z,2,7,0.5,0.0,1.5,4.2,0.0,12.5,0.0,0.2,81.0
2023-10-14T07:00Z,3,3,0.4,0.0,0.5,1.3,6.9,39.8,0.0,0.3,50.8
2023-10-14T07:00Z,4,5,1.9,0.0,0.5,1.1,44.0,21.8,0.0,0.7,30.1
2023-10-14T07:00Z,5,62,12.6,0.0,11.9,0.4,11.7,8.4,0.0,0.9,54.2
2023-10-14T07:00Z,6,17,0.3,0.0,4.1,5.5,2.3,17.0,0.0,0.9,69.9
2023-10-14T07:00Z,7,205,0.3,0.0,51.8,0.9,1.5,9.4,0.0,2.3,33.7
2023-10-14T07:00Z,8,17,1.2,0.0,3.9,2.7,5.2,26.4,0.0,1.1,59.5
2023-10-14T07:00Z,9,86,7.9,0.0,19.4,0.2,7.4,5.1,0.0,2.4,57.6
2023-10-14T07:00Z,10,74,0.2,0.0,5.8,0.0,10.9,23.6,0.0,2.6,57.0
2023-10-14T07:00Z,11,124,1.9,0.0,28.0,0.5,17.2,4.0,0.0,13.3,35.1
2023-10-14T07:00Z,12,116,2.7,0.0,24.4,0.7,24.9,6.4,0.0,4.6,36.4
2023-10-14T07:00Z,13,103,0.1,0.0,13.9,0.2,19.7,16.0,0.0,2.8,47.3
2023-10-14T07:00Z,14,153,0.0,0.0,27.5,0.6,34.7,3.2,0.0,2.9,31.1
2023-10-14T07:00Z,15,69,2.8,0.0,12.4,0.9,14.7,17.6,0.0,2.5,49.1
2023-10-14T07:00Z,16,6,0.3,0.0,1.3,5.8,0.0,9.5,0.0,0.2,82.9
2023-10-14T07:00Z,17,101,0.1,0.0,25.5,3.8,0.0,4.4,0.0,1.3,64.8
2023-10-14T07:00Z,18,63,2.3,0.0,11.9,1.7,11.9,15.7,0.0,2.1,54.4
2023-10-14T07:30Z,1,0,0.0,0.0,0.0,8.8,0.0,0.0,0.0,0.0,91.2
2023-10-14T07:30Z,2,8,0.6,0.0,1.8,4.5,0.0,11.9,0.0,0.7,80.5
2023-10-14T07:30Z,3,3,0.6,0.0,0.6,1.4,7.6,40.7,0.0,0.9,48.3
2023-10-14T07:30Z,4,6,2.3,0.0,0.4,1.1,45.8,21.8,0.0,1.7,26.9
2023-10-14T07:30Z,5,73,13.4,0.0,14.3,0.4,10.7,7.8,0.0,2.2,51.2
2023-10-14T07:30Z,6,17,0.4,0.0,4.3,4.5,2.6,17.8,0.0,2.8,67.6
2023-10-14T07:30Z,7,169,0.6,0.0,42.6,0.9,2.0,10.5,0.0,7.3,36.1
2023-10-14T07:30Z,8,21,1.6,0.0,4.8,2.3,5.6,26.5,0.0,3.4,55.8
2023-10-14T07:30Z,9,91,7.9,0.0,20.6,0.2,6.4,4.7,0.0,6.4,53.8
2023-10-14T07:30Z,10,90,0.0,0.0,5.7,0.0,14.4,22.1,0.0,6.0,51.8
2023-10-14T07:30Z,11,118,1.4,0.0,27.4,0.2,11.3,2.4,0.0,32.7,24.6
2023-10-14T07:30Z,12,128,2.6,0.0,27.8,0.5,21.0,5.4,0.0,11.9,30.7
2023-10-14T07:30Z,13,112,0.0,0.0,13.2,0.2,19.6,15.2,0.0,6.5,45.3
2023-10-14T07:30Z,14,151,0.0,0.0,27.3,0.6,29.4,2.8,0.0,7.3,32.6
2023-10-14T07:30Z,15,74,2.9,0.0,12.8,0.8,13.6,16.9,0.0,6.5,46.5
2023-10-14T07:30Z,16,7,0.4,0.0,1.6,5.9,0.0,9.8,0.0,0.6,81.8
2023-10-14T07:30Z,17,101,0.2,0.0,25.6,4.0,0.0,4.6,0.0,3.9,61.8
2023-10-14T07:30Z,18,67,2.4,0.0,12.2,1.7,11.1,15.2,0.0,5.6,51.8
2023-10-14T08:00Z,1,0,0.0,0.0,0.0,10.1,0.0,0.0,0.0,0.0,89.9
2023-10-14T08:00Z,2,7,0.6,0.0,1.6,5.3,0.0,11.8,0.0,1.3,79.4
2023-10-14T08:00Z,3,3,0.5,0.0,0.5,1.5,7.6,40.7,0.0,1.5,47.7
2023-10-14T08:00Z,4,5,2.0,0.0,0.4,1.2,46.7,21.6,0.0,2.7,25.3
2023-10-14T08:00Z,5,64,12.7,0.0,12.4,0.4,10.8,7.5,0.0,3.7,52.5
2023-10-14T08:00Z,6,11,0.4,0.0,2.6,3.9,2.6,17.9,0.0,5.5,67.0
2023-10-14T08:00Z,7,137,0.6,0.0,34.5,0.8,2.4,10.1,0.0,13.7,37.9
2023-10-14T08:00Z,8,19,1.5,0.0,4.2,2.0,5.6,25.4,0.0,6.6,54.6
2023-10-14T08:00Z,9,81,6.5,0.0,17.5,0.2,6.4,4.7,0.0,11.3,53.5
2023-10-14T08:00Z,10,88,0.0,0.0,5.1,0.0,14.3,22.3,0.0,9.7,48.6
2023-10-14T08:00Z,11,100,0.7,0.0,23.7,0.1,8.0,1.6,0.0,48.9,17.0
2023-10-14T08:00Z,12,124,1.9,0.0,26.7,0.4,20.9,5.2,0.0,20.0,24.9
2023-10-14T08:00Z,13,106,0.0,0.0,12.1,0.3,19.6,15.1,0.0,10.4,42.5
2023-10-14T08:00Z,14,140,0.0,0.0,25.0,0.8,29.3,2.5,0.0,11.8,30.7
2023-10-14T08:00Z,15,67,2.6,0.0,11.1,0.8,14.0,16.6,0.0,10.7,44.1
2023-10-14T08:00Z,16,6,0.4,0.0,1.4,6.4,0.0,9.9,0.0,1.1,80.8
2023-10-14T08:00Z,17,83,0.2,0.0,21.1,4.4,0.0,4.5,0.0,6.8,63.0
2023-10-14T08:00Z,18,61,2.2,0.0,10.6,1.7,11.4,15.0,0.0,9.3,49.9
2023-10-14T08:30Z,1,0,0.0,0.0,0.0,10.2,0.0,0.0,0.0,0.0,89.8
2023-10-14T08:30Z,2,7,0.6,0.0,1.7,5.1,0.0,11.2,0.0,2.0,79.5
2023-10-14T08:30Z,3,3,0.5,0.0,0.5,1.5,7.4,40.5,0.0,2.0,47.6
2023-10-14T08:30Z,4,5,2.2,0.0,0.4,1.1,44.6,21.8,0.0,3.8,26.1
2023-10-14T08:30Z,5,58,12.4,0.0,10.9,0.3,10.7,6.9,0.0,5.1,53.6
2023-10-14T08:30Z,6,11,0.4,0.0,2.7,3.7,2.6,17.3,0.0,8.1,65.2
2023-10-14T08:30Z,7,124,0.6,0.0,31.1,0.7,2.1,8.9,0.0,18.9,37.7
2023-10-14T08:30Z,8,19,1.4,0.0,4.2,1.9,5.4,24.7,0.0,9.4,53.0
2023-10-14T08:30Z,9,80,6.0,0.0,17.6,0.2,5.9,4.5,0.0,14.9,51.0
2023-10-14T08:30Z,10,96,0.0,0.0,5.3,0.0,15.9,21.0,0.0,12.8,45.0
2023-10-14T08:30Z,11,69,0.6,0.0,16.5,0.1,2.8,1.1,0.0,62.1,16.8
2023-10-14T08:30Z,12,119,2.0,0.0,26.2,0.4,9.9,4.4,0.0,28.1,29.0
2023-10-14T08:30Z,13,109,0.0,0.0,10.6,0.2,22.1,13.7,0.0,13.5,39.7
2023-10-14T08:30Z,14,129,0.0,0.0,20.3,0.7,33.2,1.8,0.0,14.7,29.2
2023-10-14T08:30Z,15,67,2.5,0.0,10.6,0.7,13.1,15.8,0.0,14.7,42.7
2023-10-14T08:30Z,16,6,0.4,0.0,1.4,6.1,0.0,9.5,0.0,1.6,81.0
2023-10-14T08:30Z,17,68,0.2,0.0,17.3,4.7,0.0,4.5,0.0,9.4,64.0
2023-10-14T08:30Z,18,59,2.1,0.0,9.8,1.7,10.5,14.2,0.0,12.6,49.0
2023-10-14T09:00Z,1,0,0.0,0.0,0.0,10.0,0.0,0.0,0.0,0.0,90.0
2023-10-14T09:00Z,2,8,0.7,0.0,1.8,4.7,0.0,11.0,0.0,2.4,79.5
2023-10-14T09:00Z,3,3,0.6,0.0,0.6,1.4,7.4,40.8,0.0,2.4,46.7
2023-10-14T09:00Z,4,6,2.4,0.0,0.4,1.1,43.0,21.3,0.0,4.5,27.2
2023-10-14T09:00Z,5,61,13.0,0.0,11.5,0.3,10.0,6.5,0.0,6.0,52.6
2023-10-14T09:00Z,6,14,0.4,0.0,3.5,3.4,2.5,17.2,0.0,10.1,62.9
2023-10-14T09:00Z,7,123,0.5,0.0,31.0,0.6,1.8,9.2,0.0,22.3,34.6
2023-10-14T09:00Z,8,19,1.5,0.0,4.1,1.8,5.3,24.4,0.0,12.1,50.9
2023-10-14T09:00Z,9,72,6.2,0.0,15.3,0.1,5.6,4.4,0.0,18.3,49.9
2023-10-14T09:00Z,10,98,0.0,0.0,5.9,0.0,15.8,20.4,0.0,15.0,42.9
2023-10-14T09:00Z,11,55,0.4,0.0,13.2,0.1,1.9,0.8,0.0,70.0,13.6
2023-10-14T09:00Z,12,123,1.9,0.0,27.7,0.3,8.5,3.5,0.0,33.1,25.0
2023-10-14T09:00Z,13,111,0.0,0.0,11.7,0.2,21.7,13.1,0.0,15.6,37.6
2023-10-14T09:00Z,14,133,0.0,0.0,21.7,0.7,32.1,1.5,0.0,16.6,27.5
2023-10-14T09:00Z,15,69,2.6,0.0,11.0,0.6,12.6,15.4,0.0,17.6,40.1
2023-10-14T09:00Z,16,6,0.5,0.0,1.5,5.7,0.0,9.3,0.0,1.9,81.1
2023-10-14T09:00Z,17,53,0.2,0.0,13.3,4.6,0.0,4.5,0.0,11.7,65.6
2023-10-14T09:00Z,18,59,2.2,0.0,9.9,1.6,10.1,13.8,0.0,15.1,47.3
2023-10-14T09:30Z,1,0,0.0,0.0,0.0,9.5,0.0,0.0,0.0,0.0,90.5
2023-10-14T09:30Z,2,8,0.7,0.0,1.8,4.5,0.0,11.2,0.0,2.7,79.1
2023-10-14T09:30Z,3,3,0.6,0.0,0.6,1.4,6.3,41.5,0.0,2.8,46.9
2023-10-14T09:30Z,4,6,2.5,0.0,0.5,1.1,38.0,21.5,0.0,5.5,31.0
2023-10-14T09:30Z,5,66,12.2,0.0,13.0,0.3,8.0,6.3,0.0,6.8,53.4
2023-10-14T09:30Z,6,12,0.4,0.0,2.9,3.2,2.1,17.0,0.0,11.7,62.7
2023-10-14T09:30Z,7,83,0.6,0.0,20.7,0.7,1.9,11.1,0.0,27.0,38.1
2023-10-14T09:30Z,8,21,1.5,0.0,4.5,1.6,4.4,23.6,0.0,14.8,49.7
2023-10-14T09:30Z,9,78,5.2,0.0,16.4,0.1,4.8,4.5,0.0,21.1,47.8
2023-10-14T09:30Z,10,109,0.0,0.0,6.2,0.0,17.9,20.0,0.0,16.2,39.8
2023-10-14T09:30Z,11,47,0.3,0.0,11.2,0.1,1.7,0.5,0.0,74.9,11.3
2023-10-14T09:30Z,12,120,1.5,0.0,26.5,0.3,9.2,2.4,0.0,39.1,21.0
2023-10-14T09:30Z,13,121,0.0,0.0,12.3,0.2,23.9,12.3,0.0,17.0,34.3
2023-10-14T09:30Z,14,138,0.0,0.0,22.7,0.7,34.1,0.9,0.0,18.1,23.6
2023-10-14T09:30Z,15,71,2.4,0.0,11.0,0.6,12.6,15.1,0.0,20.1,38.3
2023-10-14T09:30Z,16,5,0.4,0.0,1.2,5.4,0.0,9.4,0.0,2.2,81.4
2023-10-14T09:30Z,17,39,0.2,0.0,9.8,4.4,0.0,4.5,0.0,15.1,66.0
2023-10-14T09:30Z,18,60,2.0,0.0,9.6,1.5,10.0,13.6,0.0,17.3,45.9
2023-10-14T10:00Z,1,0,0.0,0.0,0.0,9.8,0.0,0.0,0.0,0.0,90.2
2023-10-14T10:00Z,2,8,0.7,0.0,1.7,4.4,0.0,11.1,0.0,3.2,78.9
2023-10-14T10:00Z,3,3,0.6,0.0,0.5,1.3,6.1,42.2,0.0,3.1,46.2
2023-10-14T10:00Z,4,6,2.6,0.0,0.4,1.0,38.2,22.2,0.0,5.9,29.7
2023-10-14T10:00Z,5,63,12.3,0.0,12.2,0.3,8.2,6.5,0.0,7.7,52.9
2023-10-14T10:00Z,6,11,0.4,0.0,2.6,2.8,2.0,16.5,0.0,12.5,63.2
2023-10-14T10:00Z,7,72,0.6,0.0,17.8,0.6,1.9,11.2,0.0,29.6,38.3
2023-10-14T10:00Z,8,19,1.4,0.0,4.0,1.4,4.3,23.4,0.0,16.5,49.0
2023-10-14T10:00Z,9,74,5.0,0.0,15.4,0.1,4.9,4.7,0.0,24.0,45.9
2023-10-14T10:00Z,10,106,0.0,0.0,5.6,0.0,17.8,20.2,0.0,18.3,38.1
2023-10-14T10:00Z,11,44,0.3,0.0,10.3,0.0,2.0,0.4,0.0,76.1,11.0
2023-10-14T10:00Z,12,112,1.3,0.0,24.4,0.2,10.0,1.7,0.0,42.6,19.8
2023-10-14T10:00Z,13,116,0.0,0.0,11.0,0.3,24.3,12.2,0.0,19.1,33.2
2023-10-14T10:00Z,14,130,0.0,0.0,20.3,0.7,35.1,0.4,0.0,20.0,23.5
2023-10-14T10:00Z,15,68,2.4,0.0,10.1,0.5,12.7,15.2,0.0,22.1,37.1
2023-10-14T10:00Z,16,5,0.4,0.0,1.1,5.3,0.0,9.5,0.0,2.6,81.1
2023-10-14T10:00Z,17,34,0.2,0.0,8.6,4.1,0.0,4.3,0.0,16.6,66.2
2023-10-14T10:00Z,18,57,2.0,0.0,8.7,1.4,10.1,13.6,0.0,19.0,45.2
2023-10-14T10:30Z,1,0,0.0,0.0,0.0,9.3,0.0,0.0,0.0,0.0,90.7
2023-10-14T10:30Z,2,7,0.7,0.0,1.7,4.1,0.0,10.7,0.0,3.4,79.3
2023-10-14T10:30Z,3,3,0.6,0.0,0.5,1.2,6.2,40.4,0.0,3.3,47.8
2023-10-14T10:30Z,4,6,2.5,0.0,0.4,0.9,39.9,21.5,0.0,6.1,28.7
2023-10-14T10:30Z,5,65,12.1,0.0,12.7,0.2,8.0,6.1,0.0,8.1,52.6
2023-10-14T10:30Z,6,9,0.4,0.0,2.3,2.4,1.9,15.4,0.0,12.8,64.8
2023-10-14T10:30Z,7,60,0.6,0.0,14.6,0.6,2.4,10.7,0.0,31.8,39.3
2023-10-14T10:30Z,8,23,1.3,0.0,4.7,1.2,4.9,22.2,0.0,18.5,47.3
2023-10-14T10:30Z,9,78,4.3,0.0,15.7,0.1,5.2,4.5,0.0,25.7,44.5
2023-10-14T10:30Z,10,105,0.0,0.0,5.4,0.0,17.7,19.6,0.0,19.3,37.9
2023-10-14T10:30Z,11,46,0.2,0.0,10.3,0.0,5.6,0.2,0.0,73.8,9.8
2023-10-14T10:30Z,12,105,0.8,0.0,21.3,0.1,23.6,0.9,0.0,40.8,12.5
2023-10-14T10:30Z,13,110,0.0,0.0,10.6,0.2,27.9,11.8,0.0,18.9,30.5
2023-10-14T10:30Z,14,119,0.0,0.0,18.0,0.6,42.8,0.0,0.0,18.5,20.1
2023-10-14T10:30Z,15,67,2.2,0.0,9.6,0.5,15.1,14.6,0.0,22.1,35.9
2023-10-14T10:30Z,16,5,0.4,0.0,1.1,4.9,0.0,9.2,0.0,2.8,81.6
2023-10-14T10:30Z,17,24,0.2,0.0,6.1,4.0,0.0,4.0,0.0,17.5,68.3
2023-10-14T10:30Z,18,55,1.9,0.0,8.2,1.3,12.0,13.1,0.0,19.1,44.5
2023-10-14T11:00Z,1,0,0.0,0.0,0.0,9.4,0.0,0.0,0.0,0.0,90.6
2023-10-14T11:00Z,2,7,0.7,0.0,1.6,4.2,0.0,10.8,0.0,3.7,79.1
2023-10-14T11:00Z,3,3,0.6,0.0,0.5,1.2,6.1,39.8,0.0,3.6,48.3
2023-10-14T11:00Z,4,6,2.7,0.0,0.4,0.9,39.2,21.2,0.0,6.4,29.2
2023-10-14T11:00Z,5,61,12.0,0.0,11.8,0.2,8.2,6.3,0.0,8.4,53.1
2023-10-14T11:00Z,6,9,0.4,0.0,2.2,2.1,1.8,15.2,0.0,13.4,64.9
2023-10-14T11:00Z,7,44,0.6,0.0,10.8,0.5,2.2,10.9,0.0,33.9,41.0
2023-10-14T11:00Z,8,22,1.2,0.0,4.7,1.1,4.5,22.1,0.0,18.7,47.6
2023-10-14T11:00Z,9,82,4.3,0.0,17.2,0.1,4.9,4.3,0.0,25.6,43.6
2023-10-14T11:00Z,10,103,0.0,0.0,4.7,0.0,17.8,19.6,0.0,19.5,38.4
2023-10-14T11:00Z,11,44,0.2,0.0,9.9,0.0,5.6,0.2,0.0,74.7,9.4
2023-10-14T11:00Z,12,105,0.8,0.0,21.6,0.1,23.2,0.9,0.0,41.7,11.6
2023-10-14T11:00Z,13,104,0.0,0.0,8.8,0.2,28.2,11.8,0.0,19.7,31.2
2023-10-14T11:00Z,14,107,0.0,0.0,15.0,0.6,43.6,0.3,0.0,19.9,20.6
2023-10-14T11:00Z,15,64,2.2,0.0,9.1,0.4,15.1,14.5,0.0,22.7,35.9
2023-10-14T11:00Z,16,5,0.4,0.0,1.1,4.9,0.0,9.0,0.0,3.0,81.5
2023-10-14T11:00Z,17,27,0.2,0.0,6.9,3.5,0.0,3.9,0.0,18.7,66.7
2023-10-14T11:00Z,18,53,1.8,0.0,7.8,1.3,12.0,13.0,0.0,19.6,44.5
2023-10-14T11:30Z,1,0,0.0,0.0,0.0,10.0,0.0,0.0,0.0,0.0,90.0
2023-10-14T11:30Z,2,8,0.7,0.0,1.8,4.3,0.0,11.1,0.0,3.8,78.3
2023-10-14T11:30Z,3,3,0.6,0.0,0.5,1.2,5.8,40.4,0.0,3.6,47.9
2023-10-14T11:30Z,4,6,2.7,0.0,0.4,1.0,38.6,21.4,0.0,6.5,29.4
2023-10-14T11:30Z,5,66,12.5,0.0,12.9,0.3,8.0,6.8,0.0,7.9,51.6
2023-10-14T11:30Z,6,9,0.4,0.0,2.3,1.7,1.7,15.1,0.0,14.0,64.8
2023-10-14T11:30Z,7,51,0.6,0.0,12.4,0.5,2.1,11.3,0.0,33.2,40.0
2023-10-14T11:30Z,8,23,1.3,0.0,5.0,1.1,4.6,22.9,0.0,18.5,46.8
2023-10-14T11:30Z,9,87,4.8,0.0,18.3,0.1,4.9,3.9,0.0,25.3,42.8
2023-10-14T11:30Z,10,107,0.0,0.0,4.9,0.0,18.6,20.0,0.0,18.9,37.7
2023-10-14T11:30Z,11,44,0.2,0.0,10.2,0.0,5.6,0.3,0.0,75.0,8.8
2023-10-14T11:30Z,12,107,0.7,0.0,22.4,0.1,25.8,1.8,0.0,39.6,9.6
2023-10-14T11:30Z,13,107,0.0,0.0,9.9,0.2,26.0,13.4,0.0,19.9,30.5
2023-10-14T11:30Z,14,109,0.0,0.0,17.1,0.6,38.0,1.5,0.0,21.0,21.7
2023-10-14T11:30Z,15,67,2.3,0.0,9.8,0.4,15.0,15.0,0.0,22.4,35.0
2023-10-14T11:30Z,16,6,0.4,0.0,1.3,5.2,0.0,9.0,0.0,3.1,80.9
2023-10-14T11:30Z,17,26,0.2,0.0,6.6,2.9,0.0,4.0,0.0,19.8,66.5
2023-10-14T11:30Z,18,56,1.9,0.0,8.3,1.3,11.8,13.4,0.0,19.4,43.8
2023-10-14T12:00Z,1,0,0.0,0.0,0.0,9.5,0.0,0.0,0.0,0.0,90.5
2023-10-14T12:00Z,2,7,0.6,0.0,1.7,4.1,0.0,10.8,0.0,4.0,78.8
2023-10-14T12:00Z,3,3,0.6,0.0,0.5,1.2,5.9,40.3,0.0,3.2,48.3
2023-10-14T12:00Z,4,6,2.5,0.0,0.4,1.0,38.3,21.5,0.0,6.5,29.8
2023-10-14T12:00Z,5,65,11.6,0.0,12.8,0.3,8.3,7.2,0.0,7.4,52.4
2023-10-14T12:00Z,6,8,0.3,0.0,2.0,2.0,1.6,14.5,0.0,14.3,65.3
2023-10-14T12:00Z,7,32,0.6,0.0,7.9,0.6,2.0,11.6,0.0,32.4,44.9
2023-10-14T12:00Z,8,19,1.2,0.0,4.2,1.2,3.9,23.0,0.0,17.1,49.3
2023-10-14T12:00Z,9,82,4.9,0.0,18.1,0.1,4.5,3.8,0.0,25.7,42.9
2023-10-14T12:00Z,10,106,0.0,0.0,4.8,0.0,18.4,20.0,0.0,19.6,37.2
2023-10-14T12:00Z,11,38,0.2,0.0,8.8,0.0,4.8,0.5,0.0,77.0,8.8
2023-10-14T12:00Z,12,105,0.9,0.0,22.2,0.2,24.7,2.7,0.0,38.7,10.8
2023-10-14T12:00Z,13,107,0.0,0.0,9.8,0.2,25.3,13.3,0.0,20.6,30.7
2023-10-14T12:00Z,14,110,0.0,0.0,16.6,0.6,37.0,2.1,0.0,20.7,23.1
2023-10-14T12:00Z,15,65,2.2,0.0,9.3,0.5,14.8,15.1,0.0,22.7,35.4
2023-10-14T12:00Z,16,5,0.4,0.0,1.2,5.1,0.0,8.7,0.0,3.2,81.3
2023-10-14T12:00Z,17,25,0.2,0.0,6.4,2.7,0.0,3.8,0.0,19.0,68.0
2023-10-14T12:00Z,18,54,1.8,0.0,8.0,1.3,11.7,13.4,0.0,19.7,44.3
2023-10-14T12:30Z,1,0,0.0,0.0,0.0,8.4,0.0,0.0,0.0,0.0,91.6
2023-10-14T12:30Z,2,8,0.7,0.0,1.9,3.6,0.0,10.8,0.0,4.0,79.1
2023-10-14T12:30Z,3,3,0.6,0.0,0.6,1.1,6.2,39.8,0.0,2.7,49.0
2023-10-14T12:30Z,4,6,2.5,0.0,0.5,0.9,38.9,22.3,0.0,6.0,28.9
2023-10-14T12:30Z,5,70,11.7,0.0,14.0,0.3,8.9,7.6,0.0,6.3,51.2
2023-10-14T12:30Z,6,9,0.3,0.0,2.2,3.7,1.7,13.6,0.0,13.4,65.1
2023-10-14T12:30Z,7,42,0.6,0.0,10.6,0.9,2.0,11.4,0.0,29.4,45.1
2023-10-14T12:30Z,8,18,1.2,0.0,4.0,1.8,4.0,23.1,0.0,14.9,50.9
2023-10-14T12:30Z,9,83,5.6,0.0,19.3,0.1,4.3,3.8,0.0,23.9,43.1
2023-10-14T12:30Z,10,101,0.0,0.0,4.6,0.0,17.5,20.5,0.0,20.5,36.9
2023-10-14T12:30Z,11,42,0.3,0.0,10.2,0.0,2.0,0.6,0.0,77.0,9.9
2023-10-14T12:30Z,12,113,1.5,0.0,26.3,0.3,11.0,4.0,0.0,38.2,18.8
2023-10-14T12:30Z,13,108,0.1,0.0,10.7,0.2,19.3,14.3,0.0,21.9,33.6
2023-10-14T12:30Z,14,123,0.0,0.0,21.8,0.5,23.8,2.8,0.0,23.2,28.0
2023-10-14T12:30Z,15,68,2.3,0.0,10.9,0.5,11.7,15.2,0.0,22.5,36.8
2023-10-14T12:30Z,16,6,0.4,0.0,1.4,5.4,0.0,8.8,0.0,3.3,80.7
2023-10-14T12:30Z,17,16,0.2,0.0,3.9,2.5,0.0,3.9,0.0,18.2,71.4
2023-10-14T12:30Z,18,56,1.9,0.0,9.1,1.3,9.3,13.6,0.0,19.6,45.2
2023-10-14T13:00Z,1,0,0.0,0.0,0.0,8.7,0.0,0.0,0.0,0.0,91.3
2023-10-14T13:00Z,2,8,0.7,0.0,1.7,3.6,0.0,10.8,0.0,3.7,79.5
2023-10-14T13:00Z,3,3,0.5,0.0,0.5,1.1,5.8,39.1,0.0,2.5,50.4
2023-10-14T13:00Z,4,6,2.4,0.0,0.5,1.1,38.4,21.5,0.0,5.4,30.7
2023-10-14T13:00Z,5,64,11.8,0.0,12.5,0.3,9.1,7.8,0.0,5.6,53.0
2023-10-14T13:00Z,6,7,0.3,0.0,1.5,3.8,1.6,13.7,0.0,12.2,66.8
2023-10-14T13:00Z,7,40,0.6,0.0,9.9,0.9,1.9,11.4,0.0,28.4,46.9
2023-10-14T13:00Z,8,16,1.2,0.0,3.7,1.9,3.8,23.2,0.0,13.5,52.7
2023-10-14T13:00Z,9,85,5.7,0.0,19.6,0.2,4.4,4.1,0.0,21.3,44.6
2023-10-14T13:00Z,10,102,0.0,0.0,4.2,0.0,18.1,20.8,0.0,20.3,36.6
2023-10-14T13:00Z,11,40,0.2,0.0,9.8,0.1,1.7,0.8,0.0,77.3,10.0
2023-10-14T13:00Z,12,113,1.5,0.0,26.3,0.3,10.7,5.1,0.0,36.8,19.2
2023-10-14T13:00Z,13,107,0.0,0.0,9.8,0.2,20.0,15.3,0.0,21.3,33.4
2023-10-14T13:00Z,14,119,0.0,0.0,20.6,0.6,24.9,3.4,0.0,22.6,28.0
2023-10-14T13:00Z,15,65,2.3,0.0,10.1,0.6,11.8,15.6,0.0,21.3,38.3
2023-10-14T13:00Z,16,5,0.4,0.0,1.2,5.6,0.0,9.1,0.0,3.0,80.7
2023-10-14T13:00Z,17,21,0.2,0.0,5.2,2.7,0.0,4.0,0.0,16.8,71.1
2023-10-14T13:00Z,18,54,1.9,0.0,8.6,1.4,9.4,13.9,0.0,18.6,46.2
2023-10-14T13:30Z,1,0,0.0,0.0,0.0,9.0,0.0,0.0,0.0,0.0,91.0
2023-10-14T13:30Z,2,8,0.7,0.0,1.7,3.8,0.0,11.2,0.0,3.3,79.3
2023-10-14T13:30Z,3,3,0.6,0.0,0.5,1.1,4.4,38.9,0.0,2.4,52.0
2023-10-14T13:30Z,4,7,2.9,0.0,0.5,1.1,33.4,21.5,0.0,5.2,35.3
2023-10-14T13:30Z,5,62,13.4,0.0,11.7,0.3,7.6,7.6,0.0,5.0,54.5
2023-10-14T13:30Z,6,8,0.4,0.0,2.0,3.9,1.2,14.3,0.0,10.3,68.0
2023-10-14T13:30Z,7,38,0.6,0.0,9.4,0.9,1.4,11.7,0.0,28.0,47.9
2023-10-14T13:30Z,8,16,1.3,0.1,3.5,2.0,2.9,24.0,0.0,11.6,54.6
2023-10-14T13:30Z,9,91,7.0,0.6,19.6,0.2,4.0,4.1,0.0,17.5,47.1
2023-10-14T13:30Z,10,105,0.1,0.0,5.1,0.0,18.0,21.6,0.0,18.8,36.4
2023-10-14T13:30Z,11,47,0.3,0.0,11.5,0.1,0.9,0.9,0.0,75.2,11.0
2023-10-14T13:30Z,12,113,2.1,0.2,26.0,0.5,5.9,5.0,0.0,35.5,24.8
2023-10-14T13:30Z,13,111,0.1,0.0,9.8,0.2,22.5,14.7,0.0,19.4,33.3
2023-10-14T13:30Z,14,119,0.0,0.0,18.6,0.6,31.7,2.6,0.0,19.9,26.6
2023-10-14T13:30Z,15,68,2.7,0.1,10.3,0.6,11.1,15.7,0.0,19.8,39.6
2023-10-14T13:30Z,16,5,0.4,0.0,1.2,5.5,0.0,9.3,0.0,2.8,80.7
2023-10-14T13:30Z,17,18,0.2,0.0,4.4,3.1,0.0,4.0,0.0,16.0,72.3
2023-10-14T13:30Z,18,56,2.3,0.1,8.7,1.5,8.8,14.0,0.0,17.3,47.3
2023-10-14T14:00Z,1,0,0.0,0.0,0.0,9.4,0.0,0.0,0.0,0.0,90.6
2023-10-14T14:00Z,2,8,1.0,0.0,1.6,3.9,0.0,11.2,0.0,3.0,79.3
2023-10-14T14:00Z,3,3,0.8,0.0,0.5,1.1,4.7,38.9,0.0,2.5,51.5
2023-10-14T14:00Z,4,8,3.9,0.0,0.5,1.0,33.8,22.5,0.0,4.8,33.5
2023-10-14T14:00Z,5,63,17.1,0.0,10.6,0.3,7.6,7.1,0.0,4.2,53.1
2023-10-14T14:00Z,6,10,0.5,0.0,2.3,4.7,1.3,14.5,0.0,7.9,68.9
2023-10-14T14:00Z,7,40,0.8,0.2,9.4,1.1,1.5,12.0,0.0,26.4,48.7
2023-10-14T14:00Z,8,19,1.7,0.4,3.3,2.2,3.2,24.4,0.0,9.9,55.0
2023-10-14T14:00Z,9,113,9.4,2.9,18.7,0.2,4.2,3.9,0.0,13.6,47.0
2023-10-14T14:00Z,10,108,0.5,0.1,6.0,0.0,17.6,21.9,0.0,15.9,38.0
2023-10-14T14:00Z,11,56,0.5,0.2,13.5,0.1,0.8,1.0,0.0,72.0,11.9
2023-10-14T14:00Z,12,116,3.3,0.8,25.4,0.4,5.1,4.6,0.0,31.4,29.0
2023-10-14T14:00Z,13,115,0.5,0.1,11.4,0.2,20.1,14.2,0.0,17.5,35.9
2023-10-14T14:00Z,14,127,0.1,0.0,21.4,0.6,27.0,2.0,0.0,18.5,30.3
2023-10-14T14:00Z,15,74,3.7,0.5,10.6,0.7,11.2,15.6,0.0,17.5,40.4
2023-10-14T14:00Z,16,5,0.6,0.0,1.2,5.8,0.0,9.4,0.0,2.5,80.5
2023-10-14T14:00Z,17,15,0.2,0.0,3.7,3.8,0.0,4.0,0.0,14.4,73.9
2023-10-14T14:00Z,18,60,3.0,0.4,8.9,1.6,8.9,13.9,0.0,15.3,48.1
2023-10-14T14:30Z,1,0,0.0,0.0,0.0,11.1,0.0,0.0,0.0,0.0,88.9
2023-10-14T14:30Z,2,9,1.6,0.0,1.7,4.6,0.0,10.5,0.0,2.5,79.1
2023-10-14T14:30Z,3,4,1.2,0.0,0.5,1.3,6.9,38.1,0.0,2.3,49.7
2023-10-14T14:30Z,4,9,5.3,0.0,0.4,1.0,43.2,20.7,0.0,3.7,25.7
2023-10-14T14:30Z,5,70,23.8,0.0,10.5,0.3,9.0,5.5,0.0,3.1,47.8
2023-10-14T14:30Z,6,11,0.8,0.0,2.4,7.7,2.0,13.7,0.0,5.6,67.7
2023-10-14T14:30Z,7,45,1.5,0.5,9.8,1.7,2.4,12.1,0.0,21.7,50.2
2023-10-14T14:30Z,8,29,2.8,1.0,3.9,3.5,4.6,23.3,0.0,8.0,52.8
2023-10-14T14:30Z,9,150,13.1,6.4,18.8,0.1,4.9,3.1,0.0,10.0,43.5
2023-10-14T14:30Z,10,115,0.7,0.3,6.3,0.0,18.4,21.6,0.0,12.5,40.2
2023-10-14T14:30Z,11,67,1.0,0.5,14.8,0.1,4.7,0.9,0.0,64.9,13.0
2023-10-14T14:30Z,12,137,4.1,2.0,25.9,0.5,18.4,3.0,0.0,24.5,21.6
2023-10-14T14:30Z,13,120,0.6,0.3,12.0,0.3,26.8,13.7,0.0,12.7,33.7
2023-10-14T14:30Z,14,130,0.0,0.0,20.8,0.7,42.5,0.7,0.0,11.9,23.4
2023-10-14T14:30Z,15,79,5.4,0.6,10.7,0.8,14.8,15.1,0.0,13.7,38.9
2023-10-14T14:30Z,16,6,0.8,0.0,1.2,7.8,0.0,8.8,0.0,2.0,79.4
2023-10-14T14:30Z,17,21,0.4,0.0,5.1,5.8,0.0,3.7,0.0,11.6,73.4
2023-10-14T14:30Z,18,66,4.4,0.5,8.9,2.2,11.6,13.4,0.0,11.9,47.2
2023-10-14T15:00Z,1,0,0.0,0.0,0.0,19.2,0.0,0.0,0.0,0.0,80.8
2023-10-14T15:00Z,2,9,2.2,0.0,1.6,8.7,0.0,10.7,0.0,2.0,74.8
2023-10-14T15:00Z,3,4,1.7,0.0,0.4,2.4,7.1,38.8,0.0,1.8,47.7
2023-10-14T15:00Z,4,11,7.2,0.0,0.3,1.7,43.9,20.6,0.0,3.1,23.3
2023-10-14T15:00Z,5,80,29.7,0.0,11.1,0.4,8.5,4.6,0.0,2.6,43.2
2023-10-14T15:00Z,6,10,1.1,0.0,2.2,13.1,2.0,13.5,0.0,4.6,63.5
2023-10-14T15:00Z,7,62,2.1,0.8,13.4,3.3,2.5,12.7,0.0,17.7,47.6
2023-10-14T15:00Z,8,34,3.9,1.4,4.1,5.8,4.7,22.7,0.0,6.1,51.3
2023-10-14T15:00Z,9,168,16.8,7.8,18.9,0.2,4.8,2.6,0.0,7.2,41.5
2023-10-14T15:00Z,10,119,0.9,0.4,6.7,0.0,18.8,22.3,0.0,9.8,41.1
2023-10-14T15:00Z,11,83,1.7,0.8,17.8,0.2,6.3,0.8,0.0,58.3,14.1
2023-10-14T15:00Z,12,146,5.6,2.3,26.5,0.6,20.3,2.2,0.0,20.7,21.6
2023-10-14T15:00Z,13,128,0.7,0.3,13.3,0.5,27.7,13.7,0.0,10.3,33.5
2023-10-14T15:00Z,14,141,0.0,0.0,23.9,1.3,43.6,0.3,0.0,10.3,20.6
2023-10-14T15:00Z,15,84,7.3,0.6,11.3,1.4,15.3,15.2,0.0,11.1,37.7
2023-10-14T15:00Z,16,6,1.2,0.0,1.2,12.2,0.0,8.6,0.0,1.6,75.3
2023-10-14T15:00Z,17,26,0.5,0.0,6.3,13.3,0.0,3.4,0.0,8.9,67.6
2023-10-14T15:00Z,18,71,5.8,0.5,9.5,3.9,11.9,13.4,0.0,9.5,45.5
2023-10-14T15:30Z,1,0,0.0,0.0,0.0,24.5,0.0,0.0,0.0,0.0,75.5
2023-10-14T15:30Z,2,7,1.2,0.0,1.5,12.1,0.0,10.7,0.0,1.3,73.1
2023-10-14T15:30Z,3,3,1.0,0.0,0.4,3.3,7.7,39.0,0.0,1.2,47.4
2023-10-14T15:30Z,4,8,4.2,0.0,0.3,2.4,47.7,21.9,0.0,2.3,21.2
2023-10-14T15:30Z,5,85,30.0,0.0,12.3,0.4,8.1,4.0,0.0,2.0,43.2
2023-10-14T15:30Z,6,9,0.6,0.0,2.2,18.0,2.0,13.3,0.0,3.5,60.4
2023-10-14T15:30Z,7,80,2.2,1.0,17.3,4.7,2.9,12.2,0.0,11.7,48.0
2023-10-14T15:30Z,8,39,3.6,1.8,4.5,8.3,4.9,22.9,0.0,3.9,50.2
2023-10-14T15:30Z,9,186,16.7,9.5,19.5,0.3,4.5,2.3,0.0,4.6,42.7
2023-10-14T15:30Z,10,102,1.0,0.5,7.1,0.0,14.7,24.0,0.0,6.9,45.7
2023-10-14T15:30Z,11,106,1.9,1.3,20.9,0.3,15.9,0.9,0.0,44.6,14.2
2023-10-14T15:30Z,12,154,4.3,2.4,26.6,0.6,36.1,1.6,0.0,13.4,14.9
2023-10-14T15:30Z,13,122,0.8,0.4,14.8,0.6,33.0,12.5,0.0,7.0,30.9
2023-10-14T15:30Z,14,144,0.0,0.0,22.7,1.4,55.4,0.0,0.0,6.3,14.2
2023-10-14T15:30Z,15,84,6.6,0.8,11.7,2.1,18.1,15.5,0.0,7.5,37.7
2023-10-14T15:30Z,16,6,1.0,0.0,1.1,15.1,0.0,8.5,0.0,1.0,73.2
2023-10-14T15:30Z,17,40,0.4,0.0,10.0,19.8,0.0,3.0,0.0,5.6,61.3
2023-10-14T15:30Z,18,72,5.3,0.6,10.0,5.5,14.0,13.4,0.0,6.4,44.8
2023-10-14T16:00Z,1,0,0.0,0.0,0.0,26.8,0.0,0.0,0.0,0.0,73.2
2023-10-14T16:00Z,2,8,1.4,0.0,1.7,13.3,0.0,10.9,0.0,0.7,72.1
2023-10-14T16:00Z,3,3,1.1,0.0,0.5,3.7,7.8,39.8,0.0,0.5,46.6
2023-10-14T16:00Z,4,9,4.9,0.0,0.3,2.4,49.3,22.3,0.0,1.2,19.7
2023-10-14T16:00Z,5,95,34.2,0.0,13.6,0.4,7.3,3.5,0.0,0.9,40.1
2023-10-14T16:00Z,6,9,0.6,0.0,2.1,21.8,2.1,13.7,0.0,2.0,57.8
2023-10-14T16:00Z,7,110,2.6,1.0,24.7,5.2,2.9,10.6,0.0,6.6,46.3
2023-10-14T16:00Z,8,41,4.4,1.8,4.8,9.7,4.9,23.0,0.0,2.1,49.3
2023-10-14T16:00Z,9,192,19.7,9.3,20.4,0.2,4.2,2.0,0.0,2.3,41.8
2023-10-14T16:00Z,10,109,1.0,0.5,8.0,0.0,15.6,25.0,0.0,3.6,46.2
2023-10-14T16:00Z,11,123,3.4,1.8,21.7,0.6,25.5,1.3,0.0,28.3,17.2
2023-10-14T16:00Z,12,167,5.2,2.5,28.7,0.8,38.9,1.8,0.0,7.1,14.9
2023-10-14T16:00Z,13,133,0.7,0.4,16.9,0.8,34.3,12.7,0.0,3.6,30.5
2023-10-14T16:00Z,14,158,0.0,0.0,26.4,1.7,55.6,0.0,0.0,3.3,13.0
2023-10-14T16:00Z,15,88,7.8,1.0,12.1,2.6,18.7,15.7,0.0,3.9,38.2
2023-10-14T16:00Z,16,7,1.1,0.0,1.5,17.7,0.0,8.8,0.0,0.5,70.4
2023-10-14T16:00Z,17,68,0.4,0.0,17.2,22.3,0.0,2.8,0.0,3.0,54.4
2023-10-14T16:00Z,18,78,6.3,0.7,11.0,6.3,14.5,13.7,0.0,3.4,44.2
2023-10-14T16:30Z,1,0,0.0,0.0,0.0,27.6,0.0,0.0,0.0,0.0,72.4
2023-10-14T16:30Z,2,9,1.5,0.0,1.9,14.3,0.0,11.5,0.0,0.2,70.5
2023-10-14T16:30Z,3,4,1.2,0.0,0.5,3.8,8.3,40.9,0.0,0.1,45.1
2023-10-14T16:30Z,4,9,5.4,0.0,0.3,2.5,50.9,23.4,0.0,0.2,17.3
2023-10-14T16:30Z,5,109,37.2,0.0,16.4,0.3,6.8,3.5,0.0,0.2,35.7
2023-10-14T16:30Z,6,14,0.7,0.0,3.3,21.6,2.3,14.3,0.0,0.5,57.2
2023-10-14T16:30Z,7,158,2.7,0.8,37.4,4.4,2.7,10.3,0.0,1.7,40.0
2023-10-14T16:30Z,8,45,5.2,1.8,5.7,9.6,5.3,23.8,0.0,0.6,48.1
2023-10-14T16:30Z,9,198,22.6,8.9,22.2,0.2,4.1,2.1,0.0,0.6,39.4
2023-10-14T16:30Z,10,125,1.6,0.6,8.7,0.0,18.4,25.2,0.0,0.8,44.7
2023-10-14T16:30Z,11,153,5.8,2.3,26.3,0.9,34.7,1.5,0.0,7.9,20.7
2023-10-14T16:30Z,12,176,6.7,2.6,30.3,1.0,40.1,1.7,0.0,1.6,16.1
2023-10-14T16:30Z,13,143,1.0,0.4,17.1,0.9,38.2,12.6,0.0,0.8,29.1
2023-10-14T16:30Z,14,160,0.0,0.0,25.8,1.8,60.3,0.0,0.0,0.7,11.4
2023-10-14T16:30Z,15,99,9.2,1.0,13.6,2.6,19.2,16.3,0.0,0.9,37.2
2023-10-14T16:30Z,16,8,1.3,0.0,1.6,18.6,0.0,9.1,0.0,0.1,69.3
2023-10-14T16:30Z,17,92,0.4,0.0,23.3,20.8,0.0,3.0,0.0,0.8,51.6
2023-10-14T16:30Z,18,88,7.4,0.8,12.6,6.4,14.9,14.2,0.0,0.8,43.0
2023-10-14T17:00Z,1,0,0.0,0.0,0.0,25.8,0.0,0.0,0.0,0.0,74.2
2023-10-14T17:00Z,2,9,1.5,0.0,1.8,13.3,0.0,11.2,0.0,0.0,72.2
2023-10-14T17:00Z,3,4,1.3,0.0,0.5,3.6,8.0,39.5,0.0,0.0,47.2
2023-10-14T17:00Z,4,10,6.1,0.0,0.3,2.5,50.7,22.7,0.0,0.0,17.7
2023-10-14T17:00Z,5,107,36.3,0.0,16.1,0.4,6.6,3.7,0.0,0.0,36.9
2023-10-14T17:00Z,6,13,0.8,0.0,3.0,18.6,2.4,14.4,0.0,0.0,60.9
2023-10-14T17:00Z,7,233,1.5,0.6,57.3,2.6,1.5,8.1,0.0,0.0,28.4
2023-10-14T17:00Z,8,47,5.2,1.8,6.2,8.1,5.2,23.1,0.0,0.0,50.4
2023-10-14T17:00Z,9,202,21.2,8.8,23.9,0.2,3.8,2.2,0.0,0.0,39.8
2023-10-14T17:00Z,10,119,1.2,0.4,7.0,0.1,19.4,24.9,0.0,0.0,47.0
2023-10-14T17:00Z,11,167,5.9,2.3,29.1,0.7,38.5,1.5,0.0,0.0,22.0
2023-10-14T17:00Z,12,179,6.3,2.5,31.1,0.8,41.1,1.7,0.0,0.0,16.6
2023-10-14T17:00Z,13,136,0.7,0.2,15.1,0.8,39.3,13.1,0.0,0.0,30.8
2023-10-14T17:00Z,14,155,0.0,0.0,24.1,1.7,61.6,0.0,0.0,0.0,12.5
2023-10-14T17:00Z,15,99,8.8,0.8,14.0,2.3,20.3,15.8,0.0,0.0,38.0
2023-10-14T17:00Z,16,8,1.4,0.0,1.5,16.9,0.0,8.9,0.0,0.0,71.3
2023-10-14T17:00Z,17,105,0.4,0.0,26.6,19.0,0.0,3.2,0.0,0.0,50.7
2023-10-14T17:00Z,18,90,7.1,0.6,13.2,5.7,15.8,13.8,0.0,0.0,43.7
2023-10-14T17:30Z,1,1,0.0,0.0,0.4,24.1,0.0,0.0,0.0,0.0,75.5
2023-10-14T17:30Z,2,7,1.4,0.0,1.4,12.7,0.0,11.1,0.0,0.0,73.3
2023-10-14T17:30Z,3,3,1.2,0.0,0.4,3.4,7.4,38.1,0.0,0.0,49.5
2023-10-14T17:30Z,4,9,5.6,0.0,0.3,2.6,49.4,22.1,0.0,0.0,20.0
2023-10-14T17:30Z,5,89,36.0,0.0,11.5,0.5,7.2,4.0,0.0,0.0,40.8
2023-10-14T17:30Z,6,11,0.7,0.0,2.5,18.8,2.2,13.6,0.0,0.0,62.2
2023-10-14T17:30Z,7,213,1.7,0.6,52.1,3.1,1.7,9.9,0.0,0.0,30.8
2023-10-14T17:30Z,8,42,4.8,1.6,5.2,8.3,4.9,22.2,0.0,0.0,52.9
2023-10-14T17:30Z,9,188,20.7,8.6,21.1,0.3,4.1,2.4,0.0,0.0,42.9
2023-10-14T17:30Z,10,125,1.0,0.3,4.9,0.0,22.7,23.2,0.0,0.0,47.9
2023-10-14T17:30Z,11,149,5.6,2.2,24.0,0.8,43.2,2.0,0.0,0.0,22.2
2023-10-14T17:30Z,12,156,6.0,2.4,24.7,0.8,46.3,2.2,0.0,0.0,17.5
2023-10-14T17:30Z,13,130,0.5,0.2,11.9,0.9,41.0,13.8,0.0,0.0,31.7
2023-10-14T17:30Z,14,140,0.0,0.0,20.3,1.9,63.6,0.5,0.0,0.0,13.7
2023-10-14T17:30Z,15,93,8.4,0.7,11.6,2.2,21.5,15.5,0.0,0.0,40.0
2023-10-14T17:30Z,16,6,1.4,0.0,1.2,16.1,0.0,9.0,0.0,0.0,72.4
2023-10-14T17:30Z,17,82,0.5,0.0,20.7,21.2,0.0,3.4,0.0,0.0,54.2
2023-10-14T17:30Z,18,83,6.8,0.6,10.8,5.6,16.9,13.7,0.0,0.0,45.6
2023-10-14T18:00Z,1,0,0.0,0.0,0.0,23.0,0.0,0.0,0.0,0.0,77.0
2023-10-14T18:00Z,2,7,1.4,0.0,1.3,11.9,0.0,11.3,0.0,0.0,74.1
2023-10-14T18:00Z,3,3,1.2,0.0,0.3,3.2,7.5,38.2,0.0,0.0,49.5
2023-10-14T18:00Z,4,9,5.6,0.0,0.3,2.4,49.5,22.3,0.0,0.0,19.9
2023-10-14T18:00Z,5,86,35.7,0.0,11.0,0.4,7.4,4.0,0.0,0.0,41.5
2023-10-14T18:00Z,6,12,0.7,0.0,2.8,16.1,2.3,13.9,0.0,0.0,64.2
2023-10-14T18:00Z,7,198,1.9,0.8,47.9,3.4,2.0,11.5,0.0,0.0,32.5
2023-10-14T18:00Z,8,38,4.9,1.6,4.3,7.3,5.1,22.7,0.0,0.0,54.1
2023-10-14T18:00Z,9,172,21.7,8.5,16.8,0.3,4.5,2.5,0.0,0.0,45.8
2023-10-14T18:00Z,10,121,0.6,0.3,4.5,0.0,21.9,22.6,0.0,0.0,50.1
2023-10-14T18:00Z,11,156,5.3,2.3,25.7,0.8,42.6,2.1,0.0,0.0,21.1
2023-10-14T18:00Z,12,152,5.9,2.6,23.1,0.9,47.8,2.4,0.0,0.0,17.2
2023-10-14T18:00Z,13,128,0.3,0.2,11.7,0.8,39.8,14.0,0.0,0.0,33.1
2023-10-14T18:00Z,14,140,0.0,0.0,20.4,2.0,62.5,0.9,0.0,0.0,14.2
2023-10-14T18:00Z,15,89,8.4,0.7,10.7,2.0,21.9,15.8,0.0,0.0,40.6
2023-10-14T18:00Z,16,6,1.4,0.0,1.2,15.9,0.0,9.0,0.0,0.0,72.5
2023-10-14T18:00Z,17,81,0.6,0.0,20.4,16.3,0.0,3.5,0.0,0.0,59.3
2023-10-14T18:00Z,18,80,6.8,0.5,10.0,5.0,17.1,13.9,0.0,0.0,46.6
2023-10-14T18:30Z,1,0,0.0,0.0,0.0,21.7,0.0,0.0,0.0,0.0,78.3
2023-10-14T18:30Z,2,7,1.4,0.0,1.3,11.2,0.0,11.5,0.0,0.0,74.6
2023-10-14T18:30Z,3,3,1.2,0.0,0.4,3.0,7.6,38.2,0.0,0.0,49.6
2023-10-14T18:30Z,4,9,5.4,0.0,0.3,2.3,49.1,22.6,0.0,0.0,20.3
2023-10-14T18:30Z,5,86,35.9,0.0,10.7,0.4,7.2,4.1,0.0,0.0,41.7
2023-10-14T18:30Z,6,12,0.7,0.0,2.9,15.8,2.2,14.5,0.0,0.0,63.9
2023-10-14T18:30Z,7,155,2.8,0.8,36.5,3.5,2.9,12.2,0.0,0.0,41.4
2023-10-14T18:30Z,8,39,4.9,1.6,4.5,7.1,5.0,22.9,0.0,0.0,53.9
2023-10-14T18:30Z,9,178,21.8,8.7,17.6,0.2,4.4,2.5,0.0,0.0,44.7
2023-10-14T18:30Z,10,80,1.2,0.3,5.9,0.0,11.4,24.4,0.0,0.0,56.9
2023-10-14T18:30Z,11,150,6.4,2.3,24.7,0.7,39.5,2.1,0.0,0.0,24.4
2023-10-14T18:30Z,12,149,7.0,2.4,23.4,0.8,43.2,2.2,0.0,0.0,21.0
2023-10-14T18:30Z,13,101,0.8,0.2,11.2,0.8,33.3,13.8,0.0,0.0,40.0
2023-10-14T18:30Z,14,126,0.1,0.0,17.6,1.6,61.9,0.8,0.0,0.0,18.0
2023-10-14T18:30Z,15,79,8.7,0.7,10.8,1.9,19.8,15.8,0.0,0.0,42.3
2023-10-14T18:30Z,16,7,1.3,0.0,1.3,15.7,0.0,9.0,0.0,0.0,72.7
2023-10-14T18:30Z,17,66,0.6,0.0,16.5,14.5,0.0,3.8,0.0,0.0,64.7
2023-10-14T18:30Z,18,71,7.0,0.6,9.8,4.8,15.6,14.0,0.0,0.0,48.3
2023-10-14T19:00Z,1,0,0.0,0.0,0.0,18.9,0.0,0.0,0.0,0.0,81.1
2023-10-14T19:00Z,2,7,1.3,0.0,1.5,9.6,0.0,11.8,0.0,0.0,75.7
2023-10-14T19:00Z,3,3,1.0,0.0,0.4,2.5,7.5,38.5,0.0,0.0,50.1
2023-10-14T19:00Z,4,8,4.6,0.0,0.3,1.8,50.3,22.6,0.0,0.0,20.3
2023-10-14T19:00Z,5,83,33.5,0.0,10.7,0.3,7.7,4.2,0.0,0.0,43.6
2023-10-14T19:00Z,6,14,0.7,0.0,3.2,12.5,2.3,15.3,0.0,0.0,65.9
2023-10-14T19:00Z,7,148,2.6,0.9,34.6,3.3,3.0,13.1,0.0,0.0,42.5
2023-10-14T19:00Z,8,39,4.6,1.6,4.6,5.6,5.1,23.3,0.0,0.0,55.3
2023-10-14T19:00Z,9,169,20.3,8.3,16.9,0.2,4.7,2.6,0.0,0.0,47.0
2023-10-14T19:00Z,10,77,0.4,0.2,5.7,0.0,11.2,24.3,0.0,0.0,58.2
2023-10-14T19:00Z,11,148,5.5,2.3,23.9,0.6,42.0,2.5,0.0,0.0,23.1
2023-10-14T19:00Z,12,155,5.8,2.5,25.1,0.7,44.1,2.7,0.0,0.0,19.2
2023-10-14T19:00Z,13,100,0.3,0.1,11.3,0.6,33.1,13.9,0.0,0.0,40.6
2023-10-14T19:00Z,14,126,0.0,0.0,18.0,1.4,60.9,1.3,0.0,0.0,18.4
2023-10-14T19:00Z,15,77,7.8,0.6,10.5,1.5,20.2,16.1,0.0,0.0,43.3
2023-10-14T19:00Z,16,7,1.3,0.0,1.4,14.1,0.0,9.0,0.0,0.0,74.3
2023-10-14T19:00Z,17,85,0.5,0.0,21.3,9.6,0.0,4.2,0.0,0.0,64.4
2023-10-14T19:00Z,18,70,6.4,0.5,9.8,3.9,15.9,14.3,0.0,0.0,49.2
2023-10-14T19:30Z,1,0,0.0,0.0,0.0,17.1,0.0,0.0,0.0,0.0,82.9
2023-10-14T19:30Z,2,9,1.6,0.0,1.7,8.3,0.0,11.9,0.0,0.0,76.5
2023-10-14T19:30Z,3,3,1.2,0.0,0.4,2.1,7.9,38.2,0.0,0.0,50.2
2023-10-14T19:30Z,4,9,5.6,0.0,0.3,1.4,52.2,22.1,0.0,0.0,18.5
2023-10-14T19:30Z,5,85,36.1,0.0,10.4,0.2,7.4,4.1,0.0,0.0,41.7
2023-10-14T19:30Z,6,15,0.8,0.0,3.4,9.7,2.6,16.0,0.0,0.0,67.5
2023-10-14T19:30Z,7,148,3.1,0.9,34.4,2.6,3.1,14.2,0.0,0.0,41.7
2023-10-14T19:30Z,8,40,5.3,1.5,4.8,4.3,5.4,23.5,0.0,0.0,55.1
2023-10-14T19:30Z,9,167,22.1,7.9,16.8,0.2,4.6,2.7,0.0,0.0,45.8
2023-10-14T19:30Z,10,90,0.0,0.1,6.5,0.0,13.3,21.8,0.0,0.0,58.3
2023-10-14T19:30Z,11,152,6.1,2.3,25.1,0.6,37.4,5.0,0.0,0.0,23.5
2023-10-14T19:30Z,12,159,6.4,2.5,26.2,0.6,39.0,5.5,0.0,0.0,19.8
2023-10-14T19:30Z,13,97,0.0,0.1,9.8,0.5,30.9,17.0,0.0,0.0,41.7
2023-10-14T19:30Z,14,112,0.0,0.0,15.0,1.2,57.5,5.2,0.0,0.0,21.0
2023-10-14T19:30Z,15,78,8.6,0.5,10.5,1.3,19.4,16.5,0.0,0.0,43.2
2023-10-14T19:30Z,16,8,1.5,0.0,1.6,11.5,0.0,9.3,0.0,0.0,76.2
2023-10-14T19:30Z,17,81,0.6,0.0,20.5,9.0,0.0,4.4,0.0,0.0,65.5
2023-10-14T19:30Z,18,72,7.1,0.4,9.9,3.2,15.4,14.7,0.0,0.0,49.3
2023-10-14T20:00Z,1,0,0.0,0.0,0.0,14.2,0.0,0.0,0.0,0.0,85.8
2023-10-14T20:00Z,2,9,1.9,0.0,1.8,7.0,0.0,12.6,0.0,0.0,76.6
2023-10-14T20:00Z,3,4,1.5,0.0,0.4,1.8,8.2,38.8,0.0,0.0,49.3
2023-10-14T20:00Z,4,11,6.6,0.0,0.3,1.2,52.0,21.9,0.0,0.0,18.0
2023-10-14T20:00Z,5,85,35.1,0.0,10.9,0.2,8.0,4.7,0.0,0.0,41.1
2023-10-14T20:00Z,6,16,1.0,0.0,3.8,8.3,2.7,16.5,0.0,0.0,67.6
2023-10-14T20:00Z,7,142,3.1,0.8,33.2,2.3,3.4,15.3,0.0,0.0,42.0
2023-10-14T20:00Z,8,37,5.1,1.3,4.7,3.8,5.6,24.8,0.0,0.0,54.6
2023-10-14T20:00Z,9,163,22.1,7.3,17.3,0.1,5.0,3.1,0.0,0.0,45.0
2023-10-14T20:00Z,10,89,0.8,0.4,7.0,0.0,12.1,20.9,0.0,0.0,58.8
2023-10-14T20:00Z,11,155,6.5,2.6,26.2,0.8,32.2,6.7,0.0,0.0,25.0
2023-10-14T20:00Z,12,152,7.0,3.0,24.2,0.9,34.6,7.9,0.0,0.0,22.5
2023-10-14T20:00Z,13,97,0.7,0.5,9.9,0.4,28.5,17.4,0.0,0.0,42.7
2023-10-14T20:00Z,14,110,0.1,0.2,14.0,1.0,53.7,7.0,0.0,0.0,24.0
2023-10-14T20:00Z,15,78,8.6,0.6,10.7,1.1,19.2,16.8,0.0,0.0,43.1
2023-10-14T20:00Z,16,8,1.6,0.0,1.6,9.7,0.0,10.2,0.0,0.0,76.8
2023-10-14T20:00Z,17,80,0.7,0.0,20.1,8.1,0.0,4.8,0.0,0.0,66.4
2023-10-14T20:00Z,18,73,7.2,0.5,10.2,2.7,15.5,15.2,0.0,0.0,48.9
2023-10-14T20:30Z,1,0,0.0,0.0,0.0,11.4,0.0,0.0,0.0,0.0,88.6
2023-10-14T20:30Z,2,11,2.2,0.0,2.1,5.6,0.0,13.4,0.0,0.0,76.8
2023-10-14T20:30Z,3,4,1.7,0.0,0.5,1.4,8.3,39.4,0.0,0.0,48.6
2023-10-14T20:30Z,4,12,7.3,0.0,0.4,1.0,50.4,22.1,0.0,0.0,18.8
2023-10-14T20:30Z,5,91,36.1,0.0,12.0,0.2,7.9,5.7,0.0,0.0,38.1
2023-10-14T20:30Z,6,19,1.2,0.0,4.4,6.1,3.0,17.0,0.0,0.0,68.3
2023-10-14T20:30Z,7,149,2.9,0.7,35.1,1.8,3.3,16.7,0.0,0.0,39.5
2023-10-14T20:30Z,8,35,5.1,1.2,4.5,3.0,5.8,26.3,0.0,0.0,54.0
2023-10-14T20:30Z,9,170,24.0,7.9,16.8,0.1,5.2,3.8,0.0,0.0,42.0
2023-10-14T20:30Z,10,47,2.8,0.8,9.1,0.0,0.6,24.7,0.0,0.0,61.9
2023-10-14T20:30Z,11,181,10.5,3.2,34.1,0.8,8.2,7.5,0.0,0.0,35.6
2023-10-14T20:30Z,12,171,11.6,3.7,30.3,0.9,9.1,8.9,0.0,0.0,35.5
2023-10-14T20:30Z,13,70,2.7,0.8,13.3,0.3,8.2,19.0,0.0,0.0,55.7
2023-10-14T20:30Z,14,112,1.0,0.3,21.0,0.9,27.2,7.8,0.0,0.0,41.8
2023-10-14T20:30Z,15,75,10.1,0.7,13.5,0.9,10.3,17.7,0.0,0.0,46.7
2023-10-14T20:30Z,16,9,1.9,0.0,1.8,7.8,0.0,11.3,0.0,0.0,77.2
2023-10-14T20:30Z,17,82,0.9,0.0,20.5,6.5,0.0,5.4,0.0,0.0,66.8
2023-10-14T20:30Z,18,72,8.6,0.5,12.6,2.1,8.4,16.2,0.0,0.0,51.6
2023-10-14T21:00Z,1,0,0.0,0.0,0.0,11.2,0.0,0.0,0.0,0.0,88.8
2023-10-14T21:00Z,2,10,2.2,0.0,1.9,5.5,0.0,13.5,0.0,0.0,77.0
2023-10-14T21:00Z,3,4,1.7,0.0,0.5,1.4,8.1,39.9,0.0,0.0,48.4
2023-10-14T21:00Z,4,11,7.2,0.0,0.3,1.0,49.7,22.4,0.0,0.0,19.4
2023-10-14T21:00Z,5,80,31.3,0.0,10.6,0.3,9.1,6.6,0.0,0.0,42.1
2023-10-14T21:00Z,6,18,1.2,0.0,4.1,5.1,2.9,17.6,0.0,0.0,69.1
2023-10-14T21:00Z,7,121,2.8,0.8,27.9,1.8,3.8,18.2,0.0,0.0,44.7
2023-10-14T21:00Z,8,31,4.3,1.2,3.8,2.7,5.8,26.6,0.0,0.0,55.6
2023-10-14T21:00Z,9,157,20.8,8.1,14.2,0.2,6.0,4.4,0.0,0.0,46.3
2023-10-14T21:00Z,10,40,1.7,0.5,8.2,0.0,0.5,24.9,0.0,0.0,64.0
2023-10-14T21:00Z,11,176,8.7,2.9,34.3,0.7,8.3,7.3,0.0,0.0,37.7
2023-10-14T21:00Z,12,159,10.0,3.5,28.0,0.8,9.5,9.2,0.0,0.0,39.0
2023-10-14T21:00Z,13,59,1.6,0.5,11.4,0.2,8.2,19.5,0.0,0.0,58.6
2023-10-14T21:00Z,14,98,0.6,0.2,17.7,0.7,27.2,8.6,0.0,0.0,44.9
2023-10-14T21:00Z,15,68,8.8,0.7,11.9,0.8,10.5,18.3,0.0,0.0,49.0
2023-10-14T21:00Z,16,8,1.8,0.0,1.5,7.1,0.0,11.4,0.0,0.0,78.2
2023-10-14T21:00Z,17,69,0.9,0.0,17.4,6.6,0.0,5.6,0.0,0.0,69.6
2023-10-14T21:00Z,18,64,7.4,0.5,11.0,2.0,8.5,16.6,0.0,0.0,54.0
2023-10-14T21:30Z,1,0,0.0,0.0,0.0,10.4,0.0,0.0,0.0,0.0,89.6
2023-10-14T21:30Z,2,9,1.8,0.0,1.8,5.4,0.0,13.5,0.0,0.0,77.5
2023-10-14T21:30Z,3,4,1.4,0.0,0.5,1.4,8.1,39.9,0.0,0.0,48.8
2023-10-14T21:30Z,4,10,5.8,0.0,0.3,1.0,50.2,22.7,0.0,0.0,19.9
2023-10-14T21:30Z,5,75,23.8,0.0,11.8,0.3,10.5,6.9,0.0,0.0,46.8
2023-10-14T21:30Z,6,15,1.0,0.0,3.4,4.5,2.8,18.5,0.0,0.0,69.8
2023-10-14T21:30Z,7,117,2.2,0.6,27.5,1.6,4.0,17.4,0.0,0.0,46.6
2023-10-14T21:30Z,8,26,3.2,0.9,3.6,2.4,5.9,26.9,0.0,0.0,57.2
2023-10-14T21:30Z,9,139,15.6,6.6,14.6,0.2,6.9,4.6,0.0,0.0,51.6
2023-10-14T21:30Z,10,35,0.7,0.3,7.8,0.0,0.3,23.6,0.0,0.0,67.2
2023-10-14T21:30Z,11,199,4.9,2.0,42.7,0.5,12.1,6.9,0.0,0.0,30.9
2023-10-14T21:30Z,12,150,6.4,2.7,27.7,0.7,16.1,10.0,0.0,0.0,36.4
2023-10-14T21:30Z,13,56,0.7,0.4,10.7,0.2,10.1,20.3,0.0,0.0,57.6
2023-10-14T21:30Z,14,98,0.2,0.1,16.4,0.6,31.0,10.2,0.0,0.0,41.5
2023-10-14T21:30Z,15,66,6.3,0.6,12.1,0.7,12.2,18.6,0.0,0.0,49.3
2023-10-14T21:30Z,16,8,1.3,0.0,1.6,6.5,0.0,11.1,0.0,0.0,79.5
2023-10-14T21:30Z,17,66,0.6,0.0,16.6,6.2,0.0,5.3,0.0,0.0,71.2
2023-10-14T21:30Z,18,62,5.3,0.5,11.1,1.9,9.8,16.7,0.0,0.0,54.7
2023-10-14T22:00Z,1,0,0.0,0.0,0.0,10.8,0.0,0.0,0.0,0.0,89.2
2023-10-14T22:00Z,2,9,1.6,0.0,1.9,5.4,0.0,13.9,0.0,0.0,77.2
2023-10-14T22:00Z,3,4,1.2,0.0,0.5,1.5,8.2,40.7,0.0,0.0,47.9
2023-10-14T22:00Z,4,9,5.0,0.0,0.4,1.0,50.8,22.8,0.0,0.0,20.0
2023-10-14T22:00Z,5,75,23.2,0.0,12.0,0.3,10.9,6.9,0.0,0.0,46.7
2023-10-14T22:00Z,6,14,0.9,0.0,3.2,4.3,2.9,19.2,0.0,0.0,69.3
2023-10-14T22:00Z,7,114,2.0,0.5,27.2,1.6,4.2,17.8,0.0,0.0,46.7
2023-10-14T22:00Z,8,24,2.9,0.8,3.4,2.5,6.0,28.3,0.0,0.0,56.2
2023-10-14T22:00Z,9,136,15.3,6.1,15.3,0.2,7.2,4.7,0.0,0.0,51.3
2023-10-14T22:00Z,10,39,0.9,0.6,8.2,0.0,0.4,24.2,0.0,0.0,65.6
2023-10-14T22:00Z,11,203,4.7,1.9,44.3,0.6,11.0,7.3,0.0,0.0,30.2
2023-10-14T22:00Z,12,150,6.3,2.8,27.7,0.8,14.8,11.4,0.0,0.0,36.2
2023-10-14T22:00Z,13,61,1.0,0.7,11.5,0.2,9.0,20.2,0.0,0.0,57.4
2023-10-14T22:00Z,14,96,0.3,0.3,16.4,0.6,27.7,11.5,0.0,0.0,43.2
2023-10-14T22:00Z,15,67,6.1,0.6,12.4,0.8,12.2,19.3,0.0,0.0,48.6
2023-10-14T22:00Z,16,8,1.2,0.0,1.6,6.3,0.0,11.0,0.0,0.0,79.8
2023-10-14T22:00Z,17,73,0.6,0.0,18.3,6.0,0.0,5.6,0.0,0.0,69.6
2023-10-14T22:00Z,18,62,5.1,0.5,11.4,1.9,9.8,17.3,0.0,0.0,54.1
2023-10-14T22:30Z,1,0,0.0,0.0,0.0,10.5,0.0,0.0,0.0,0.0,89.5
2023-10-14T22:30Z,2,12,2.0,0.0,2.4,5.3,0.0,14.2,0.0,0.0,76.1
2023-10-14T22:30Z,3,5,1.5,0.0,0.7,1.4,8.4,40.9,0.0,0.0,47.1
2023-10-14T22:30Z,4,11,6.1,0.0,0.4,1.0,49.3,23.1,0.0,0.0,20.0
2023-10-14T22:30Z,5,87,26.6,0.0,14.0,0.3,10.0,6.5,0.0,0.0,42.6
2023-10-14T22:30Z,6,12,1.2,0.0,2.7,4.1,3.1,20.3,0.0,0.0,68.5
2023-10-14T22:30Z,7,152,2.0,0.5,36.9,1.4,3.7,15.5,0.0,0.0,40.1
2023-10-14T22:30Z,8,26,3.4,0.8,3.6,2.3,6.1,28.4,0.0,0.0,55.3
2023-10-14T22:30Z,9,154,17.6,6.6,18.2,0.2,6.6,4.4,0.0,0.0,46.4
2023-10-14T22:30Z,10,51,2.2,0.8,10.4,0.0,0.8,23.2,0.0,0.0,62.6
2023-10-14T22:30Z,11,236,5.6,2.0,53.6,0.5,3.3,7.5,0.0,0.0,27.5
2023-10-14T22:30Z,12,170,8.6,3.1,33.1,0.9,5.1,11.6,0.0,0.0,37.6
2023-10-14T22:30Z,13,74,2.6,1.0,15.8,0.2,1.1,19.9,0.0,0.0,59.4
2023-10-14T22:30Z,14,122,1.2,0.5,29.4,0.5,0.5,11.5,0.0,0.0,56.4
2023-10-14T22:30Z,15,79,7.5,0.6,16.5,0.8,7.0,18.8,0.0,0.0,48.9
2023-10-14T22:30Z,16,9,1.8,0.0,1.7,6.2,0.0,11.4,0.0,0.0,78.9
2023-10-14T22:30Z,17,88,0.9,0.0,22.0,5.5,0.0,5.6,0.0,0.0,66.0
2023-10-14T22:30Z,18,75,6.4,0.5,15.0,1.7,5.7,17.1,0.0,0.0,53.6
2023-10-14T23:00Z,1,0,0.0,0.0,0.0,10.4,0.0,0.0,0.0,0.0,89.6
2023-10-14T23:00Z,2,12,2.1,0.0,2.5,5.1,0.0,13.8,0.0,0.0,76.5
2023-10-14T23:00Z,3,5,1.5,0.0,0.6,1.3,8.1,41.2,0.0,0.0,47.2
2023-10-14T23:00Z,4,11,6.1,0.0,0.5,0.9,49.9,23.1,0.0,0.0,19.5
2023-10-14T23:00Z,5,90,27.8,0.0,14.3,0.2,9.6,6.4,0.0,0.0,41.7
2023-10-14T23:00Z,6,16,1.2,0.0,3.7,3.9,3.1,21.0,0.0,0.0,67.1
2023-10-14T23:00Z,7,177,1.9,0.3,43.5,1.1,3.3,13.6,0.0,0.0,36.4
2023-10-14T23:00Z,8,25,3.4,0.7,3.7,2.1,6.0,29.1,0.0,0.0,55.0
2023-10-14T23:00Z,9,149,19.2,6.1,17.4,0.2,6.6,4.3,0.0,0.0,46.2
2023-10-14T23:00Z,10,50,2.5,0.8,9.9,0.0,0.9,22.8,0.0,0.0,63.0
2023-10-14T23:00Z,11,236,5.9,1.8,53.6,0.5,3.1,8.1,0.0,0.0,27.0
2023-10-14T23:00Z,12,160,9.5,2.9,31.0,0.8,4.9,12.0,0.0,0.0,38.9
2023-10-14T23:00Z,13,72,3.0,0.9,15.1,0.2,1.2,19.7,0.0,0.0,59.9
2023-10-14T23:00Z,14,116,1.5,0.5,28.0,0.4,0.6,11.6,0.0,0.0,57.4
2023-10-14T23:00Z,15,78,8.0,0.6,16.1,0.7,6.9,18.8,0.0,0.0,49.0
2023-10-14T23:00Z,16,11,1.8,0.0,2.3,6.4,0.0,11.4,0.0,0.0,78.2
2023-10-14T23:00Z,17,90,0.9,0.0,22.6,4.8,0.0,5.4,0.0,0.0,66.2
2023-10-14T23:00Z,18,74,6.8,0.5,14.8,1.7,5.6,17.1,0.0,0.0,53.6
2023-10-14T23:30Z,1,0,0.0,0.0,0.0,10.7,0.0,0.0,0.0,0.0,89.3
2023-10-14T23:30Z,2,12,3.1,0.0,2.1,5.4,0.0,13.0,0.0,0.0,76.4
2023-10-14T23:30Z,3,19,1.9,0.0,4.1,1.4,7.1,39.2,0.0,0.0,46.3
2023-10-14T23:30Z,4,12,7.8,0.0,0.4,1.1,47.3,22.7,0.0,0.0,20.6
2023-10-14T23:30Z,5,78,29.8,0.0,10.8,0.3,10.0,7.4,0.0,0.0,41.7
2023-10-14T23:30Z,6,25,1.8,0.0,5.8,2.4,2.9,19.8,0.0,0.0,67.5
2023-10-14T23:30Z,7,245,1.1,0.0,61.8,0.6,1.8,10.0,0.0,0.0,24.7
2023-10-14T23:30Z,8,27,3.3,0.1,5.6,1.7,5.4,29.1,0.0,0.0,54.8
2023-10-14T23:30Z,9,107,21.7,2.0,15.8,0.2,7.3,5.4,0.0,0.0,47.6
2023-10-14T23:30Z,10,38,3.5,0.3,7.7,0.0,1.2,22.8,0.0,0.0,64.5
2023-10-14T23:30Z,11,297,3.4,0.3,73.6,0.3,1.7,5.3,0.0,0.0,15.5
2023-10-14T23:30Z,12,135,10.3,0.9,29.0,0.7,5.1,13.3,0.0,0.0,40.6
2023-10-14T23:30Z,13,62,4.3,0.4,13.6,0.4,1.7,19.3,0.0,0.0,60.4
2023-10-14T23:30Z,14,99,2.6,0.2,23.9,1.3,1.0,12.0,0.0,0.0,58.9
2023-10-14T23:30Z,15,79,9.0,0.4,16.5,0.7,6.9,18.6,0.0,0.0,47.9
2023-10-14T23:30Z,16,10,2.8,0.0,1.7,5.3,0.0,10.8,0.0,0.0,79.5
2023-10-14T23:30Z,17,124,1.2,0.0,31.2,5.1,0.0,4.8,0.0,0.0,57.7
2023-10-14T23:30Z,18,74,7.7,0.3,15.5,1.6,5.5,16.7,0.0,0.0,52.7
2023-10-15T00:00Z,1,0,0.0,0.0,0.0,10.8,0.0,0.0,0.0,0.0,89.2
2023-10-15T00:00Z,2,12,3.1,0.0,2.0,5.3,0.0,13.1,0.0,0.0,76.5
2023-10-15T00:00Z,3,17,1.8,0.0,3.8,1.4,6.8,39.4,0.0,0.0,46.8
2023-10-15T00:00Z,4,12,7.8,0.0,0.4,1.2,46.5,22.6,0.0,0.0,21.5
2023-10-15T00:00Z,5,77,30.4,0.0,10.3,0.3,9.6,7.4,0.0,0.0,41.9
2023-10-15T00:00Z,6,26,1.7,0.0,6.0,2.3,2.7,19.3,0.0,0.0,68.0
2023-10-15T00:00Z,7,250,1.1,0.0,62.9,0.6,1.7,10.3,0.0,0.0,23.4
2023-10-15T00:00Z,8,27,3.3,0.1,5.5,1.7,5.2,29.1,0.0,0.0,55.1
2023-10-15T00:00Z,9,104,22.2,1.7,15.5,0.2,7.0,5.3,0.0,0.0,48.0
2023-10-15T00:00Z,10,34,3.5,0.3,7.0,0.0,1.1,22.7,0.0,0.0,65.4
2023-10-15T00:00Z,11,277,4.3,0.4,68.0,0.3,2.0,6.1,0.0,0.0,18.9
2023-10-15T00:00Z,12,137,10.5,0.8,29.7,0.7,4.8,13.2,0.0,0.0,40.3
2023-10-15T00:00Z,13,58,4.1,0.3,12.9,0.3,1.5,19.7,0.0,0.0,61.2
2023-10-15T00:00Z,14,98,2.3,0.2,23.8,1.3,0.8,12.3,0.0,0.0,59.3
2023-10-15T00:00Z,15,76,9.1,0.2,16.1,0.8,6.6,18.5,0.0,0.0,48.7
2023-10-15T00:00Z,16,11,2.7,0.0,2.0,6.1,0.0,10.9,0.0,0.0,78.3
2023-10-15T00:00Z,17,117,1.3,0.0,29.4,3.2,0.0,5.0,0.0,0.0,61.1
2023-10-15T00:00Z,18,72,7.8,0.2,15.3,1.6,5.4,16.8,0.0,0.0,52.9
2023-10-15T00:30Z,1,0,0.0,0.0,0.0,10.7,0.0,0.0,0.0,0.0,89.3
2023-10-15T00:30Z,2,11,2.8,0.0,1.8,5.3,0.0,13.4,0.0,0.0,76.6
2023-10-15T00:30Z,3,16,1.7,0.0,3.4,1.3,5.4,40.4,0.0,0.0,47.7
2023-10-15T00:30Z,4,12,7.8,0.0,0.5,1.4,41.3,24.2,0.0,0.0,24.8
2023-10-15T00:30Z,5,73,29.8,0.0,9.3,0.4,8.2,8.0,0.0,0.0,44.3
2023-10-15T00:30Z,6,25,1.5,0.0,5.8,2.2,2.1,19.3,0.0,0.0,69.0
2023-10-15T00:30Z,7,237,1.2,0.1,59.5,0.6,1.6,9.9,0.0,0.0,27.1
2023-10-15T00:30Z,8,26,3.1,0.2,5.3,1.6,4.1,29.3,0.0,0.0,56.4
2023-10-15T00:30Z,9,104,21.4,2.0,15.1,0.3,5.9,5.5,0.0,0.0,49.9
2023-10-15T00:30Z,10,31,3.2,0.3,6.3,0.0,0.9,23.0,0.0,0.0,66.3
2023-10-15T00:30Z,11,257,4.9,0.5,62.7,0.3,1.9,7.1,0.0,0.0,22.6
2023-10-15T00:30Z,12,126,10.4,1.0,26.6,0.7,4.1,13.6,0.0,0.0,43.5
2023-10-15T00:30Z,13,52,3.7,0.3,11.2,0.3,1.2,20.1,0.0,0.0,63.1
2023-10-15T00:30Z,14,91,2.1,0.2,22.0,1.4,0.6,12.4,0.0,0.0,61.3
2023-10-15T00:30Z,15,71,8.8,0.2,14.9,0.8,5.6,19.0,0.0,0.0,50.7
2023-10-15T00:30Z,16,10,2.6,0.0,1.8,6.0,0.0,11.0,0.0,0.0,78.6
2023-10-15T00:30Z,17,102,1.2,0.0,25.5,3.2,0.0,5.2,0.0,0.0,64.8
2023-10-15T00:30Z,18,67,7.6,0.1,14.0,1.6,4.6,17.2,0.0,0.0,54.9
2023-10-15T01:00Z,1,0,0.0,0.0,0.0,11.0,0.0,0.0,0.0,0.0,89.0
2023-10-15T01:00Z,2,10,2.6,0.0,1.8,5.4,0.0,13.4,0.0,0.0,76.8
2023-10-15T01:00Z,3,15,1.5,0.0,3.3,1.4,5.1,40.9,0.0,0.0,47.8
2023-10-15T01:00Z,4,12,7.2,0.0,0.5,1.4,40.8,24.4,0.0,0.0,25.7
2023-10-15T01:00Z,5,67,26.9,0.0,8.8,0.4,8.2,8.1,0.0,0.0,47.6
2023-10-15T01:00Z,6,21,1.4,0.0,4.9,2.2,2.0,19.6,0.0,0.0,70.0
2023-10-15T01:00Z,7,235,1.2,0.1,59.2,0.5,1.6,9.2,0.0,0.0,28.4
2023-10-15T01:00Z,8,25,2.9,0.2,5.1,1.6,3.9,28.9,0.0,0.0,57.3
2023-10-15T01:00Z,9,106,18.5,2.3,15.9,0.3,5.6,5.4,0.0,0.0,52.2
2023-10-15T01:00Z,10,28,2.3,0.3,5.9,0.0,0.7,23.0,0.0,0.0,67.8
2023-10-15T01:00Z,11,256,4.3,0.5,62.4,0.4,1.9,7.5,0.0,0.0,23.0
2023-10-15T01:00Z,12,126,9.2,1.1,26.6,0.7,4.0,13.4,0.0,0.0,44.9
2023-10-15T01:00Z,13,47,2.7,0.3,10.4,0.3,0.9,20.2,0.0,0.0,65.0
2023-10-15T01:00Z,14,88,1.4,0.2,21.4,1.5,0.4,12.4,0.0,0.0,62.7
2023-10-15T01:00Z,15,68,7.7,0.1,14.7,0.9,5.5,19.1,0.0,0.0,52.2
2023-10-15T01:00Z,16,9,2.1,0.0,1.8,6.2,0.0,10.9,0.0,0.0,79.1
2023-10-15T01:00Z,17,105,1.0,0.0,26.2,3.5,0.0,5.2,0.0,0.0,64.1
2023-10-15T01:00Z,18,65,6.6,0.1,13.8,1.7,4.5,17.2,0.0,0.0,56.2
2023-10-15T01:30Z,1,0,0.0,0.0,0.0,11.7,0.0,0.0,0.0,0.0,88.3
2023-10-15T01:30Z,2,9,2.2,0.0,1.6,5.6,0.0,14.3,0.0,0.0,76.4
2023-10-15T01:30Z,3,13,1.2,0.0,3.0,1.4,4.5,41.6,0.0,0.0,48.4
2023-10-15T01:30Z,4,10,6.1,0.0,0.4,1.5,39.1,26.3,0.0,0.0,26.7
2023-10-15T01:30Z,5,61,22.9,0.0,8.3,0.4,8.2,8.3,0.0,0.0,51.9
2023-10-15T01:30Z,6,20,1.1,0.0,4.7,2.2,1.6,19.5,0.0,0.0,70.9
2023-10-15T01:30Z,7,264,0.7,0.0,66.8,0.5,1.0,8.4,0.0,0.0,22.6
2023-10-15T01:30Z,8,22,2.2,0.1,4.6,1.6,3.4,29.5,0.0,0.0,58.5
2023-10-15T01:30Z,9,92,15.4,1.6,14.8,0.3,5.5,5.6,0.0,0.0,56.8
2023-10-15T01:30Z,10,24,1.7,0.2,5.1,0.0,0.6,23.3,0.0,0.0,69.1
2023-10-15T01:30Z,11,225,4.3,0.5,54.8,0.5,2.1,8.4,0.0,0.0,29.4
2023-10-15T01:30Z,12,120,7.5,0.8,26.4,0.7,3.7,13.7,0.0,0.0,47.2
2023-10-15T01:30Z,13,41,2.1,0.2,9.3,0.3,0.8,20.7,0.0,0.0,66.5
2023-10-15T01:30Z,14,76,1.0,0.1,18.7,1.6,0.4,12.8,0.0,0.0,65.3
2023-10-15T01:30Z,15,63,6.3,0.0,14.0,0.9,5.1,19.7,0.0,0.0,54.1
2023-10-15T01:30Z,16,9,1.7,0.0,1.7,6.3,0.0,11.2,0.0,0.0,79.1
2023-10-15T01:30Z,17,95,0.8,0.0,24.0,3.9,0.0,5.2,0.0,0.0,66.2
2023-10-15T01:30Z,18,59,5.4,0.0,13.1,1.7,4.2,17.7,0.0,0.0,58.0
2023-10-15T02:00Z,1,0,0.0,0.0,0.0,11.7,0.0,0.0,0.0,0.0,88.3
2023-10-15T02:00Z,2,8,2.2,0.0,1.5,5.5,0.0,14.7,0.0,0.0,76.2
2023-10-15T02:00Z,3,12,0.9,0.0,2.7,1.3,4.6,42.0,0.0,0.0,48.4
2023-10-15T02:00Z,4,8,4.1,0.0,0.4,1.5,40.6,26.4,0.0,0.0,27.0
2023-10-15T02:00Z,5,61,22.6,0.0,8.4,0.4,7.8,8.0,0.0,0.0,52.9
2023-10-15T02:00Z,6,15,1.0,0.0,3.6,2.1,1.7,19.7,0.0,0.0,71.9
2023-10-15T02:00Z,7,265,0.7,0.0,66.9,0.4,1.1,7.9,0.0,0.0,23.0
2023-10-15T02:00Z,8,20,2.2,0.1,4.2,1.6,3.5,29.9,0.0,0.0,58.5
2023-10-15T02:00Z,9,91,14.9,1.4,15.3,0.3,5.1,5.4,0.0,0.0,57.6
2023-10-15T02:00Z,10,21,1.5,0.1,4.6,0.0,0.5,23.4,0.0,0.0,69.8
2023-10-15T02:00Z,11,205,4.9,0.4,49.6,0.4,2.4,8.5,0.0,0.0,33.7
2023-10-15T02:00Z,12,119,7.4,0.7,26.3,0.7,3.6,13.7,0.0,0.0,47.6
2023-10-15T02:00Z,13,36,1.9,0.2,8.0,0.3,0.7,21.0,0.0,0.0,67.9
2023-10-15T02:00Z,14,65,0.9,0.1,16.0,1.6,0.3,13.1,0.0,0.0,68.1
2023-10-15T02:00Z,15,60,6.0,0.0,13.4,0.8,5.0,19.7,0.0,0.0,55.1
2023-10-15T02:00Z,16,8,1.6,0.0,1.5,6.4,0.0,11.6,0.0,0.0,78.8
2023-10-15T02:00Z,17,87,0.8,0.0,21.8,3.9,0.0,5.3,0.0,0.0,68.2
2023-10-15T02:00Z,18,57,5.2,0.0,12.5,1.7,4.1,17.8,0.0,0.0,58.8
2023-10-15T02:30Z,1,0,0.0,0.0,0.0,12.1,0.0,0.0,0.0,0.0,87.9
2023-10-15T02:30Z,2,9,2.4,0.0,1.6,5.5,0.0,15.2,0.0,0.0,75.2
2023-10-15T02:30Z,3,13,0.6,0.0,3.0,1.3,4.6,42.8,0.0,0.0,47.7
2023-10-15T02:30Z,4,4,1.1,0.0,0.4,1.4,41.8,27.6,0.0,0.0,27.7
2023-10-15T02:30Z,5,65,23.6,0.0,9.3,0.3,6.9,7.7,0.0,0.0,52.1
2023-10-15T02:30Z,6,16,0.9,0.0,3.9,2.1,1.7,20.2,0.0,0.0,71.3
2023-10-15T02:30Z,7,285,0.5,0.0,72.0,0.4,0.8,7.7,0.0,0.0,18.5
2023-10-15T02:30Z,8,22,2.3,0.1,4.6,1.5,3.5,30.1,0.0,0.0,58.0
2023-10-15T02:30Z,9,92,15.7,1.2,15.8,0.2,4.6,5.2,0.0,0.0,57.3
2023-10-15T02:30Z,10,21,1.5,0.1,4.7,0.0,0.4,23.6,0.0,0.0,69.6
2023-10-15T02:30Z,11,221,4.7,0.4,53.8,0.4,2.0,8.2,0.0,0.0,30.5
2023-10-15T02:30Z,12,125,7.7,0.6,28.1,0.7,3.3,13.6,0.0,0.0,46.2
2023-10-15T02:30Z,13,36,1.9,0.1,8.3,0.3,0.6,21.0,0.0,0.0,67.7
2023-10-15T02:30Z,14,67,1.0,0.1,16.4,1.5,0.3,12.8,0.0,0.0,68.0
2023-10-15T02:30Z,15,64,6.1,0.0,14.3,0.8,4.7,19.6,0.0,0.0,54.4
2023-10-15T02:30Z,16,9,1.7,0.0,1.7,6.4,0.0,12.0,0.0,0.0,78.2
2023-10-15T02:30Z,17,92,0.8,0.0,23.1,4.1,0.0,5.5,0.0,0.0,66.5
2023-10-15T02:30Z,18,60,5.2,0.0,13.3,1.7,3.9,17.8,0.0,0.0,58.1
2023-10-15T03:00Z,1,0,0.0,0.0,0.0,12.5,0.0,0.0,0.0,0.0,87.5
2023-10-15T03:00Z,2,10,2.6,0.0,1.7,5.7,0.0,15.5,0.0,0.0,74.5
2023-10-15T03:00Z,3,13,0.7,0.0,3.2,1.3,5.5,43.4,0.0,0.0,45.9
2023-10-15T03:00Z,4,4,1.1,0.0,0.3,1.2,44.4,30.6,0.0,0.0,22.4
2023-10-15T03:00Z,5,66,24.2,0.0,9.3,0.3,7.3,7.9,0.0,0.0,50.9
2023-10-15T03:00Z,6,17,1.0,0.0,4.1,2.3,2.0,20.3,0.0,0.0,70.3
2023-10-15T03:00Z,7,290,0.5,0.0,73.5,0.3,0.9,7.5,0.0,0.0,17.2
2023-10-15T03:00Z,8,23,2.4,0.1,4.9,1.6,4.1,30.8,0.0,0.0,56.2
2023-10-15T03:00Z,9,90,16.3,0.8,16.1,0.2,4.9,5.2,0.0,0.0,56.5
2023-10-15T03:00Z,10,22,1.7,0.1,4.9,0.0,0.5,23.3,0.0,0.0,69.5
2023-10-15T03:00Z,11,226,4.8,0.2,55.3,0.4,2.2,8.2,0.0,0.0,28.9
2023-10-15T03:00Z,12,120,8.2,0.4,27.0,0.7,3.7,13.7,0.0,0.0,46.4
2023-10-15T03:00Z,13,37,2.1,0.1,8.5,0.3,0.7,20.8,0.0,0.0,67.5
2023-10-15T03:00Z,14,71,1.1,0.0,17.6,1.4,0.4,12.5,0.0,0.0,67.0
2023-10-15T03:00Z,15,66,6.3,0.0,14.8,0.8,5.0,19.9,0.0,0.0,53.2
2023-10-15T03:00Z,16,9,1.9,0.0,1.7,6.7,0.0,12.0,0.0,0.0,77.7
2023-10-15T03:00Z,17,86,0.9,0.0,21.6,4.2,0.0,5.3,0.0,0.0,68.0
2023-10-15T03:00Z,18,61,5.4,0.0,13.6,1.7,4.0,18.0,0.0,0.0,57.3
2023-10-15T03:30Z,1,0,0.0,0.0,0.0,13.2,0.0,0.0,0.0,0.0,86.8
2023-10-15T03:30Z,2,11,2.6,0.0,1.9,5.9,0.0,16.1,0.0,0.0,73.4
2023-10-15T03:30Z,3,14,0.7,0.0,3.3,1.3,8.4,43.9,0.0,0.0,42.5
2023-10-15T03:30Z,4,4,1.0,0.0,0.2,0.8,55.4,28.0,0.0,0.0,14.6
2023-10-15T03:30Z,5,70,25.3,0.0,10.0,0.2,9.9,7.2,0.0,0.0,47.5
2023-10-15T03:30Z,6,19,1.0,0.0,4.5,2.5,3.2,20.8,0.0,0.0,68.0
2023-10-15T03:30Z,7,294,0.6,0.0,74.3,0.3,1.3,7.6,0.0,0.0,15.9
2023-10-15T03:30Z,8,26,2.7,0.2,5.3,1.6,6.2,30.7,0.0,0.0,53.4
2023-10-15T03:30Z,9,98,17.1,1.3,16.6,0.1,6.7,4.7,0.0,0.0,53.4
2023-10-15T03:30Z,10,36,1.7,0.1,5.1,0.0,3.4,22.4,0.0,0.0,67.3
2023-10-15T03:30Z,11,234,4.9,0.4,57.0,0.4,3.0,7.7,0.0,0.0,26.7
2023-10-15T03:30Z,12,129,8.6,0.6,28.5,0.6,5.2,12.7,0.0,0.0,43.7
2023-10-15T03:30Z,13,51,2.0,0.1,9.1,0.3,3.3,20.2,0.0,0.0,64.9
2023-10-15T03:30Z,14,85,0.9,0.1,19.2,1.5,1.9,13.3,0.0,0.0,63.1
2023-10-15T03:30Z,15,72,6.6,0.0,15.3,0.7,7.6,19.6,0.0,0.0,50.2
2023-10-15T03:30Z,16,9,2.0,0.0,1.8,6.9,0.0,12.4,0.0,0.0,76.9
2023-10-15T03:30Z,17,103,0.8,0.0,25.8,4.5,0.0,5.4,0.0,0.0,63.5
2023-10-15T03:30Z,18,67,5.6,0.0,14.3,1.7,6.2,17.8,0.0,0.0,54.4
2023-10-15T04:00Z,1,0,0.0,0.0,0.0,14.4,0.0,0.0,0.0,0.0,85.6
2023-10-15T04:00Z,2,10,2.4,0.0,1.7,6.3,0.0,16.6,0.0,0.0,72.9
2023-10-15T04:00Z,3,14,0.7,0.0,3.1,1.3,9.2,45.5,0.0,0.0,40.1
2023-10-15T04:00Z,4,4,1.5,0.0,0.2,0.6,57.1,27.6,0.0,0.0,13.0
2023-10-15T04:00Z,5,70,25.0,0.0,10.1,0.2,10.2,6.7,0.0,0.0,47.8
2023-10-15T04:00Z,6,19,0.9,0.0,4.4,2.7,3.5,21.8,0.0,0.0,66.7
2023-10-15T04:00Z,7,295,0.6,0.1,74.4,0.4,1.4,8.0,0.0,0.0,15.2
2023-10-15T04:00Z,8,26,2.8,0.2,5.3,1.7,6.8,31.6,0.0,0.0,51.7
2023-10-15T04:00Z,9,102,16.8,1.8,16.5,0.1,6.9,4.5,0.0,0.0,53.3
2023-10-15T04:00Z,10,38,1.5,0.1,5.5,0.0,3.5,22.4,0.0,0.0,67.0
2023-10-15T04:00Z,11,235,4.9,0.5,56.9,0.4,3.2,7.3,0.0,0.0,26.8
2023-10-15T04:00Z,12,133,8.4,0.8,29.1,0.6,5.5,12.4,0.0,0.0,43.1
2023-10-15T04:00Z,13,52,1.8,0.2,9.3,0.4,3.3,20.3,0.0,0.0,64.7
2023-10-15T04:00Z,14,82,0.8,0.1,18.5,1.7,1.9,13.3,0.0,0.0,63.7
2023-10-15T04:00Z,15,76,6.4,0.5,15.3,0.7,8.0,19.8,0.0,0.0,49.4
2023-10-15T04:00Z,16,9,1.9,0.0,1.7,7.7,0.0,13.1,0.0,0.0,75.6
2023-10-15T04:00Z,17,100,0.8,0.0,25.0,4.4,0.0,5.6,0.0,0.0,64.2
2023-10-15T04:00Z,18,69,5.5,0.4,14.2,1.8,6.4,18.0,0.0,0.0,53.6
2023-10-15T04:30Z,1,0,0.0,0.0,0.0,14.9,0.0,0.0,0.0,0.0,85.1
2023-10-15T04:30Z,2,9,2.2,0.0,1.5,6.8,0.0,17.2,0.0,0.0,72.3
2023-10-15T04:30Z,3,12,0.7,0.0,2.8,1.4,10.1,47.2,0.0,0.0,37.8
2023-10-15T04:30Z,4,4,1.4,0.0,0.1,0.5,60.1,26.5,0.0,0.0,11.3
2023-10-15T04:30Z,5,66,25.5,0.0,8.8,0.1,10.4,6.4,0.0,0.0,48.8
2023-10-15T04:30Z,6,18,0.9,0.0,4.2,3.0,3.8,22.5,0.0,0.0,65.6
2023-10-15T04:30Z,7,262,1.0,0.1,65.9,0.5,2.4,9.0,0.0,0.0,21.1
2023-10-15T04:30Z,8,27,3.0,0.3,5.0,1.8,7.3,32.5,0.0,0.0,49.9
2023-10-15T04:30Z,9,103,17.0,2.3,15.4,0.1,6.9,4.2,0.0,0.0,54.0
2023-10-15T04:30Z,10,36,1.2,0.2,4.7,0.0,3.4,22.8,0.0,0.0,67.6
2023-10-15T04:30Z,11,229,4.8,0.6,54.5,0.4,8.6,7.2,0.0,0.0,24.0
2023-10-15T04:30Z,12,128,7.9,1.1,26.1,0.6,14.4,12.5,0.0,0.0,37.3
2023-10-15T04:30Z,13,51,1.7,0.2,8.8,0.4,4.0,20.3,0.0,0.0,64.6
2023-10-15T04:30Z,14,79,0.7,0.1,17.6,1.8,1.9,12.9,0.0,0.0,65.0
2023-10-15T04:30Z,15,74,6.4,0.9,13.5,0.7,9.8,20.1,0.0,0.0,48.5
2023-10-15T04:30Z,16,8,1.9,0.0,1.4,7.9,0.0,13.3,0.0,0.0,75.5
2023-10-15T04:30Z,17,104,0.8,0.0,26.3,4.9,0.0,5.6,0.0,0.0,62.5
2023-10-15T04:30Z,18,66,5.5,0.7,12.8,1.9,7.9,18.3,0.0,0.0,52.9
2023-10-15T05:00Z,1,0,0.0,0.0,0.0,15.3,0.0,0.0,0.0,0.0,84.7
2023-10-15T05:00Z,2,8,2.2,0.0,1.4,7.1,0.0,17.7,0.0,0.0,71.6
2023-10-15T05:00Z,3,13,0.9,0.0,2.9,1.5,10.7,48.8,0.0,0.0,35.2
2023-10-15T05:00Z,4,5,2.6,0.0,0.1,0.5,60.6,25.9,0.0,0.0,10.3
2023-10-15T05:00Z,5,68,25.5,0.0,9.3,0.1,9.9,5.9,0.0,0.0,49.2
2023-10-15T05:00Z,6,23,1.0,0.0,5.4,3.3,4.2,23.7,0.0,0.0,62.4
2023-10-15T05:00Z,7,250,1.3,0.1,62.8,0.7,2.7,10.4,0.0,0.0,22.0
2023-10-15T05:00Z,8,33,3.6,0.3,6.4,1.9,7.7,32.3,0.0,0.0,47.9
2023-10-15T05:00Z,9,110,16.3,2.1,18.0,0.1,6.3,3.9,0.0,0.0,53.4
2023-10-15T05:00Z,10,32,0.9,0.1,4.5,0.0,2.8,23.9,0.0,0.0,67.7
2023-10-15T05:00Z,11,229,4.7,0.6,54.5,0.3,9.4,6.8,0.0,0.0,23.7
2023-10-15T05:00Z,12,136,7.6,0.9,28.6,0.6,15.3,11.6,0.0,0.0,35.4
2023-10-15T05:00Z,13,49,1.3,0.2,8.9,0.4,3.6,20.2,0.0,0.0,65.4
2023-10-15T05:00Z,14,80,0.5,0.1,18.1,2.0,2.4,12.4,0.0,0.0,64.5
2023-10-15T05:00Z,15,79,6.4,1.3,13.9,0.7,9.9,20.1,0.0,0.0,47.6
2023-10-15T05:00Z,16,7,1.7,0.0,1.3,8.4,0.0,13.7,0.0,0.0,74.8
2023-10-15T05:00Z,17,110,0.7,0.0,27.6,5.5,0.0,5.7,0.0,0.0,60.4
2023-10-15T05:00Z,18,69,5.5,1.1,13.2,2.0,8.0,18.3,0.0,0.0,51.9
2023-10-15T05:30Z,1,0,0.0,0.0,0.0,15.9,0.0,0.0,0.0,0.0,84.1
2023-10-15T05:30Z,2,8,2.2,0.0,1.4,7.4,0.0,17.9,0.0,0.0,71.1
2023-10-15T05:30Z,3,13,0.9,0.0,2.8,1.6,10.6,49.6,0.0,0.0,34.6
2023-10-15T05:30Z,4,5,2.6,0.0,0.1,0.5,60.4,26.2,0.0,0.0,10.3
2023-10-15T05:30Z,5,68,25.6,0.0,9.4,0.1,10.0,5.6,0.0,0.0,49.3
2023-10-15T05:30Z,6,22,1.0,0.0,5.3,3.8,4.1,24.6,0.0,0.0,61.2
2023-10-15T05:30Z,7,248,1.3,0.1,62.4,0.8,2.7,10.9,0.0,0.0,21.9
2023-10-15T05:30Z,8,32,3.5,0.3,6.3,2.1,7.6,33.1,0.0,0.0,47.1
2023-10-15T05:30Z,9,108,16.3,1.8,18.1,0.1,6.4,3.7,0.0,0.0,53.7
2023-10-15T05:30Z,10,20,1.0,0.1,4.6,0.0,0.4,25.0,0.0,0.0,69.0
2023-10-15T05:30Z,11,229,4.7,0.5,54.7,0.4,9.4,6.5,0.0,0.0,23.8
2023-10-15T05:30Z,12,136,7.6,0.8,28.9,0.6,15.4,10.9,0.0,0.0,35.8
2023-10-15T05:30Z,13,39,1.3,0.1,9.1,0.5,1.5,20.7,0.0,0.0,66.7
2023-10-15T05:30Z,14,75,0.5,0.0,18.4,1.9,1.1,12.1,0.0,0.0,65.8
2023-10-15T05:30Z,15,77,6.4,1.4,14.0,0.7,9.3,20.5,0.0,0.0,47.7
2023-10-15T05:30Z,16,7,1.7,0.0,1.3,8.3,0.0,14.0,0.0,0.0,74.5
2023-10-15T05:30Z,17,108,0.7,0.0,27.1,7.1,0.0,5.8,0.0,0.0,59.3
2023-10-15T05:30Z,18,67,5.5,1.1,13.2,2.1,7.5,18.7,0.0,0.0,51.9
