from,regions.regionid,regions.intensity.forecast,biomass,coal,gas,hydro,imports,nuclear,other,solar,wind
2023-10-17T01:30Z,1,244,0.0,0.0,61.9,12.8,0.0,0.0,0.0,0.0,25.3
2023-10-17T01:30Z,2,179,1.6,0.0,45.0,8.6,0.0,19.6,0.0,0.0,25.1
2023-10-17T01:30Z,3,61,6.4,0.0,13.6,2.0,0.0,60.9,0.0,0.0,17.1
2023-10-17T01:30Z,4,108,18.1,0.0,21.9,3.3,0.0,44.9,0.0,0.0,11.7
2023-10-17T01:30Z,5,198,65.3,0.0,30.5,0.0,0.0,0.0,0.0,0.0,4.2
2023-10-17T01:30Z,6,126,1.8,0.0,31.4,8.3,0.0,18.6,0.0,0.0,40.0
2023-10-17T01:30Z,7,169,1.0,0.6,41.0,0.3,0.5,3.8,0.0,0.0,52.8
2023-10-17T01:30Z,8,206,9.1,4.7,37.7,2.5,4.1,24.0,0.0,0.0,18.0
2023-10-17T01:30Z,9,372,20.8,14.4,53.8,0.0,0.0,1.4,0.0,0.0,9.5
2023-10-17T01:30Z,10,4,0.0,0.0,0.8,0.0,0.9,37.4,0.0,0.0,60.9
2023-10-17T01:30Z,11,338,0.0,0.0,85.9,0.0,0.0,0.0,0.0,0.0,14.1
2023-10-17T01:30Z,12,279,1.5,1.2,63.8,0.2,25.9,0.1,0.0,0.0,7.2
2023-10-17T01:30Z,13,109,0.1,0.1,23.5,0.6,22.8,13.8,0.0,0.0,39.1
2023-10-17T01:30Z,14,151,0.0,0.0,32.2,1.0,36.4,0.0,0.0,0.0,30.5
2023-10-17T01:30Z,15,183,12.6,2.5,35.4,0.5,8.0,19.8,0.0,0.0,21.2
2023-10-17T01:30Z,16,122,2.0,0.0,30.3,13.1,0.0,21.0,0.0,0.0,33.7
2023-10-17T01:30Z,17,151,0.1,0.0,38.4,5.9,0.0,2.3,0.0,0.0,53.3
2023-10-17T01:30Z,18,174,10.6,2.0,35.0,2.3,6.6,18.8,0.0,0.0,24.7
2023-10-17T02:00Z,1,242,0.0,0.0,61.5,13.9,0.0,0.0,0.0,0.0,24.6
2023-10-17T02:00Z,2,179,1.6,0.0,45.0,8.9,0.0,19.7,0.0,0.0,24.7
2023-10-17T02:00Z,3,56,5.6,0.0,12.4,1.9,0.0,63.0,0.0,0.0,17.1
2023-10-17T02:00Z,4,105,18.6,0.0,21.1,3.3,0.0,45.6,0.0,0.3,11.2
2023-10-17T02:00Z,5,201,64.1,0.0,31.4,0.0,0.0,0.0,0.0,0.0,4.6
2023-10-17T02:00Z,6,125,1.7,0.0,31.2,8.0,0.0,18.8,0.0,0.0,40.3
2023-10-17T02:00Z,7,151,1.3,0.9,35.7,0.5,0.6,5.2,0.0,0.1,55.7
2023-10-17T02:00Z,8,198,9.4,4.7,35.6,2.4,3.9,24.4,0.0,0.0,19.6
2023-10-17T02:00Z,9,362,22.7,14.6,50.4,0.0,0.0,1.9,0.0,0.0,10.5
2023-10-17T02:00Z,10,8,0.0,0.0,1.9,0.0,0.6,37.2,0.0,0.0,60.3
2023-10-17T02:00Z,11,335,0.0,0.0,85.0,0.0,0.0,0.0,0.0,0.0,15.0
2023-10-17T02:00Z,12,271,1.9,1.0,62.0,0.1,27.1,0.1,0.0,0.0,7.8
2023-10-17T02:00Z,13,109,0.1,0.1,23.8,0.6,22.1,13.4,0.0,0.0,39.8
2023-10-17T02:00Z,14,155,0.0,0.0,33.2,1.0,35.3,0.0,0.0,0.1,30.4
2023-10-17T02:00Z,15,181,12.6,2.5,35.0,0.5,8.1,20.2,0.0,0.0,21.2
2023-10-17T02:00Z,16,129,2.2,0.0,32.0,13.2,0.0,18.4,0.0,0.0,34.2
2023-10-17T02:00Z,17,115,0.2,0.0,29.1,7.2,0.0,3.8,0.0,0.0,59.7
2023-10-17T02:00Z,18,171,10.7,2.1,34.2,2.3,6.6,18.9,0.0,0.0,25.2
2023-10-17T02:30Z,1,189,0.0,0.0,48.0,18.5,0.0,0.0,0.0,0.0,33.5
2023-10-17T02:30Z,2,134,2.2,0.0,33.3,10.2,0.0,24.9,0.0,0.0,29.4
2023-10-17T02:30Z,3,45,9.2,0.0,8.6,1.1,0.0,64.6,0.0,0.0,16.5
2023-10-17T02:30Z,4,102,30.7,0.0,16.6,1.7,0.0,43.9,0.0,0.0,7.2
2023-10-17T02:30Z,5,214,59.1,0.0,36.2,0.0,0.0,0.0,0.0,0.0,4.7
2023-10-17T02:30Z,6,109,2.5,0.0,26.9,8.1,0.0,17.2,0.0,0.0,45.3
2023-10-17T02:30Z,7,153,1.8,1.2,35.2,0.3,1.3,2.9,0.0,0.0,57.3
2023-10-17T02:30Z,8,233,8.3,5.2,43.4,1.4,6.1,20.1,0.0,0.0,15.4
2023-10-17T02:30Z,9,380,15.6,14.4,57.7,0.0,0.0,1.9,0.0,0.0,10.5
2023-10-17T02:30Z,10,11,0.0,0.0,2.7,0.0,0.6,35.5,0.0,0.0,61.2
2023-10-17T02:30Z,11,342,0.0,0.0,86.7,0.0,0.0,0.0,0.0,0.0,13.3
2023-10-17T02:30Z,12,284,0.4,0.2,68.1,0.1,25.2,0.0,0.0,0.0,5.9
2023-10-17T02:30Z,13,129,0.0,0.0,30.4,0.6,17.5,13.5,0.0,0.0,37.9
2023-10-17T02:30Z,14,174,0.0,0.0,40.6,1.0,26.6,1.3,0.0,0.0,30.6
2023-10-17T02:30Z,15,187,12.3,2.4,36.9,0.4,7.2,19.4,0.0,0.0,21.3
2023-10-17T02:30Z,16,134,2.2,0.0,33.2,12.8,0.0,21.2,0.0,0.0,30.6
2023-10-17T02:30Z,17,102,0.3,0.0,25.7,7.6,0.0,3.3,0.0,0.0,63.1
2023-10-17T02:30Z,18,175,10.4,2.0,35.7,2.2,6.0,18.5,0.0,0.0,25.1
2023-10-17T03:00Z,1,240,0.0,0.0,60.9,14.4,0.0,0.0,0.0,0.0,24.7
2023-10-17T03:00Z,2,179,1.6,0.0,44.8,9.3,0.0,18.7,0.0,0.3,25.3
2023-10-17T03:00Z,3,56,5.9,0.0,12.3,2.1,0.0,60.8,0.0,0.1,18.8
2023-10-17T03:00Z,4,103,20.3,0.0,19.9,3.5,0.0,45.0,0.0,1.0,10.3
2023-10-17T03:00Z,5,209,60.1,0.0,34.7,0.0,0.0,0.0,0.0,0.0,5.2
2023-10-17T03:00Z,6,114,1.7,0.0,28.4,8.7,0.0,16.1,0.0,0.1,45.0
2023-10-17T03:00Z,7,144,2.3,0.6,34.3,0.3,1.2,2.1,0.0,0.1,59.1
2023-10-17T03:00Z,8,192,8.5,4.4,35.2,2.9,4.3,24.9,0.0,0.4,19.3
2023-10-17T03:00Z,9,374,21.8,15.7,51.1,0.0,0.0,0.6,0.0,0.0,10.8
2023-10-17T03:00Z,10,10,0.0,0.3,1.8,0.0,0.3,34.4,0.0,0.0,63.3
2023-10-17T03:00Z,11,341,0.0,0.0,86.5,0.0,0.0,0.0,0.0,0.1,13.5
2023-10-17T03:00Z,12,286,1.0,1.3,65.6,0.1,25.7,0.0,0.0,0.0,6.3
2023-10-17T03:00Z,13,124,0.1,0.3,28.4,0.6,16.7,15.2,0.0,0.0,38.7
2023-10-17T03:00Z,14,168,0.0,0.0,39.1,1.3,26.0,3.0,0.0,0.0,30.6
2023-10-17T03:00Z,15,188,12.1,2.7,36.7,0.5,7.0,19.3,0.0,0.0,21.7
2023-10-17T03:00Z,16,132,2.2,0.0,32.9,13.4,0.0,19.7,0.0,0.0,31.8
2023-10-17T03:00Z,17,96,0.3,0.0,24.3,7.7,0.0,2.8,0.0,0.0,65.0
2023-10-17T03:00Z,18,176,10.2,2.2,35.4,2.4,5.7,18.2,0.0,0.0,25.8
2023-10-17T03:30Z,1,228,0.0,0.0,57.9,16.8,0.0,0.0,0.0,0.0,25.3
2023-10-17T03:30Z,2,174,1.5,0.0,43.2,10.2,0.5,18.3,0.0,0.0,26.3
2023-10-17T03:30Z,3,51,4.2,0.0,11.6,2.4,0.1,60.7,0.0,0.0,20.9
2023-10-17T03:30Z,4,99,17.9,0.0,19.4,4.3,0.2,46.4,0.0,0.0,11.8
2023-10-17T03:30Z,5,207,59.8,0.0,34.4,0.0,0.0,0.0,0.0,0.0,5.8
2023-10-17T03:30Z,6,118,1.1,0.0,29.5,9.4,0.1,14.5,0.0,0.0,45.3
2023-10-17T03:30Z,7,189,0.0,0.0,48.0,0.0,0.0,0.0,0.0,0.0,52.0
2023-10-17T03:30Z,8,187,8.1,5.2,32.3,3.7,1.2,25.3,0.0,0.0,24.2
2023-10-17T03:30Z,9,410,23.1,20.2,49.1,0.0,0.0,0.0,0.0,0.0,7.7
2023-10-17T03:30Z,10,24,0.8,1.1,3.2,0.0,0.0,32.8,0.0,0.0,62.1
2023-10-17T03:30Z,11,345,0.0,0.0,87.6,0.0,0.0,0.0,0.0,0.0,12.4
2023-10-17T03:30Z,12,332,2.6,2.8,75.0,0.0,14.8,0.7,0.0,0.0,4.1
2023-10-17T03:30Z,13,136,0.8,1.1,30.8,0.5,7.5,16.1,0.0,0.0,43.2
2023-10-17T03:30Z,14,170,0.1,0.2,41.1,1.3,12.2,4.2,0.0,0.0,40.9
2023-10-17T03:30Z,15,203,11.8,3.6,38.9,0.7,3.6,18.7,0.0,0.0,22.6
2023-10-17T03:30Z,16,126,1.8,0.0,30.9,14.8,0.6,19.3,0.0,0.0,32.7
2023-10-17T03:30Z,17,77,0.3,0.0,19.4,7.9,0.1,2.7,0.0,0.0,69.5
2023-10-17T03:30Z,18,187,10.0,3.0,36.9,2.6,3.1,17.8,0.0,0.0,26.6
2023-10-17T04:00Z,1,226,0.0,0.0,57.2,19.3,0.0,0.0,0.0,0.0,23.5
2023-10-17T04:00Z,2,179,1.3,0.0,40.3,11.4,4.1,18.6,0.0,0.0,24.3
2023-10-17T04:00Z,3,52,3.4,0.0,11.0,2.8,1.0,59.2,0.0,0.1,22.7
2023-10-17T04:00Z,4,106,16.8,0.0,19.6,5.2,1.8,44.8,0.0,0.1,11.7
2023-10-17T04:00Z,5,215,56.7,0.0,37.4,0.0,0.0,0.0,0.0,0.1,5.8
2023-10-17T04:00Z,6,128,0.9,0.0,30.9,9.6,1.0,12.2,0.0,0.1,45.2
2023-10-17T04:00Z,7,240,0.0,0.0,61.0,0.0,0.0,0.0,0.0,0.0,38.9
2023-10-17T04:00Z,8,185,6.6,4.5,33.5,3.7,0.8,21.9,0.0,0.1,28.8
2023-10-17T04:00Z,9,428,22.2,23.3,46.4,0.0,0.0,0.0,0.0,0.0,8.0
2023-10-17T04:00Z,10,42,1.6,2.4,4.7,0.0,0.0,30.9,0.0,0.2,60.3
2023-10-17T04:00Z,11,348,0.0,0.0,88.4,0.0,0.0,0.0,0.0,0.0,11.6
2023-10-17T04:00Z,12,341,3.3,4.3,73.7,0.2,13.5,0.9,0.0,0.1,4.0
2023-10-17T04:00Z,13,146,1.4,1.9,31.1,0.7,6.7,15.3,0.0,0.2,42.7
2023-10-17T04:00Z,14,171,0.3,0.4,41.0,1.7,11.0,4.3,0.0,0.3,41.1
2023-10-17T04:00Z,15,210,11.1,4.3,39.2,1.0,3.4,17.7,0.0,0.0,23.4
2023-10-17T04:00Z,16,135,1.5,0.0,28.8,16.3,4.3,18.6,0.0,0.0,30.5
2023-10-17T04:00Z,17,118,0.2,0.0,29.4,8.1,0.5,1.8,0.0,0.0,60.0
2023-10-17T04:00Z,18,197,9.4,3.6,37.5,3.0,3.3,16.8,0.0,0.0,26.4
2023-10-17T04:30Z,1,234,0.0,0.0,59.3,22.8,0.0,0.0,0.0,0.0,17.8
2023-10-17T04:30Z,2,191,1.0,0.0,40.4,14.1,6.6,18.5,0.0,0.0,19.4
2023-10-17T04:30Z,3,61,2.5,0.0,12.5,3.3,1.8,55.9,0.0,0.0,24.0
2023-10-17T04:30Z,4,122,14.2,0.0,22.5,6.3,3.5,42.5,0.0,0.0,11.0
2023-10-17T04:30Z,5,229,52.3,0.0,42.2,0.0,0.0,0.0,0.0,0.0,5.5
2023-10-17T04:30Z,6,136,0.6,0.0,31.4,12.2,2.5,10.2,0.0,0.0,43.1
2023-10-17T04:30Z,7,291,0.0,0.0,73.9,0.0,0.0,0.0,0.0,0.0,26.1
2023-10-17T04:30Z,8,214,4.0,4.1,41.9,4.2,1.2,17.1,0.0,0.0,27.5
2023-10-17T04:30Z,9,421,20.6,20.7,51.2,0.0,0.0,0.0,0.0,0.0,7.5
2023-10-17T04:30Z,10,66,2.7,2.8,9.3,0.0,0.0,27.8,0.0,0.0,57.4
2023-10-17T04:30Z,11,349,0.0,0.0,88.7,0.0,0.0,0.0,0.0,0.0,11.3
2023-10-17T04:30Z,12,353,4.4,4.6,76.3,0.3,7.4,0.8,0.0,0.0,6.2
2023-10-17T04:30Z,13,160,2.1,2.2,33.9,1.0,6.4,14.5,0.0,0.0,39.9
2023-10-17T04:30Z,14,175,0.4,0.4,41.4,2.4,13.0,4.5,0.0,0.0,37.7
2023-10-17T04:30Z,15,225,10.0,4.0,43.7,1.4,2.9,15.9,0.0,0.0,22.1
2023-10-17T04:30Z,16,144,1.2,0.0,27.6,20.2,7.4,18.0,0.0,0.0,25.5
2023-10-17T04:30Z,17,136,0.2,0.0,32.3,9.6,1.8,1.0,0.0,0.0,55.2
2023-10-17T04:30Z,18,212,8.5,3.4,41.5,3.7,3.3,15.2,0.0,0.0,24.5
2023-10-17T05:00Z,1,212,0.0,0.0,53.7,29.8,0.0,0.0,0.0,0.0,16.5
2023-10-17T05:00Z,2,174,1.1,0.0,36.5,17.0,6.3,19.4,0.0,0.0,19.7
2023-10-17T05:00Z,3,57,4.4,0.0,11.6,2.5,1.4,53.8,0.0,0.1,26.2
2023-10-17T05:00Z,4,127,20.3,0.0,23.0,5.0,2.6,39.4,0.0,0.2,9.6
2023-10-17T05:00Z,5,241,48.0,0.0,46.6,0.0,0.0,0.0,0.0,0.0,5.4
2023-10-17T05:00Z,6,140,0.7,0.0,28.6,14.7,5.8,9.1,0.0,0.1,41.1
2023-10-17T05:00Z,7,290,0.0,0.0,73.7,0.0,0.0,0.0,0.0,0.0,26.2
2023-10-17T05:00Z,8,243,4.6,5.9,44.0,3.9,1.9,13.6,0.0,0.1,26.0
2023-10-17T05:00Z,9,435,13.7,19.1,60.8,0.0,0.0,0.0,0.0,0.0,6.4
2023-10-17T05:00Z,10,86,1.9,2.0,16.6,0.0,0.0,25.2,0.0,0.1,54.3
2023-10-17T05:00Z,11,351,0.0,0.0,89.0,0.0,0.0,0.0,0.0,0.0,11.0
2023-10-17T05:00Z,12,363,3.3,4.1,80.3,0.1,7.2,0.3,0.0,0.0,4.7
2023-10-17T05:00Z,13,169,1.5,1.7,37.6,1.0,5.9,14.1,0.0,0.1,38.1
2023-10-17T05:00Z,14,182,0.3,0.4,43.6,2.7,12.2,4.6,0.0,0.1,36.0
2023-10-17T05:00Z,15,232,9.3,3.8,46.3,1.4,2.8,14.6,0.0,0.1,21.7
2023-10-17T05:00Z,16,134,1.0,0.0,26.3,24.9,6.4,17.9,0.0,0.0,23.5
2023-10-17T05:00Z,17,171,0.1,0.0,38.1,9.5,4.7,0.3,0.0,0.2,47.3
2023-10-17T05:00Z,18,219,7.9,3.2,43.9,4.2,3.3,14.1,0.0,0.1,23.4
2023-10-17T05:30Z,1,200,0.0,0.0,50.8,32.0,0.0,0.0,0.0,0.0,17.2
2023-10-17T05:30Z,2,148,1.3,0.0,33.1,18.0,3.4,21.5,0.0,0.0,22.7
2023-10-17T05:30Z,3,50,6.9,0.0,10.1,1.5,0.4,52.8,0.0,0.0,28.3
2023-10-17T05:30Z,4,126,29.7,0.0,22.2,3.2,0.7,36.8,0.0,0.0,7.5
2023-10-17T05:30Z,5,230,51.2,0.0,42.8,0.0,0.0,0.0,0.0,0.0,6.0
2023-10-17T05:30Z,6,128,1.0,0.0,30.6,15.2,1.3,8.9,0.0,0.0,43.0
2023-10-17T05:30Z,7,275,0.0,0.0,69.9,0.0,0.0,0.0,0.0,0.0,30.1
2023-10-17T05:30Z,8,278,3.8,7.1,51.9,3.0,1.3,10.5,0.0,0.0,22.4
2023-10-17T05:30Z,9,454,5.5,18.6,69.3,0.0,0.0,1.0,0.0,0.0,5.5
2023-10-17T05:30Z,10,98,0.4,0.8,22.8,0.0,0.0,25.0,0.0,0.0,51.0
2023-10-17T05:30Z,11,357,0.0,0.0,90.6,0.0,0.0,0.0,0.0,0.0,9.4
2023-10-17T05:30Z,12,351,1.1,3.6,78.6,0.0,13.0,0.1,0.0,0.0,3.5
2023-10-17T05:30Z,13,160,0.4,1.0,37.3,0.9,6.3,13.3,0.0,0.0,40.8
2023-10-17T05:30Z,14,165,0.1,0.2,39.6,2.6,12.7,3.4,0.0,0.0,41.4
2023-10-17T05:30Z,15,234,9.0,3.7,47.2,1.1,3.4,14.2,0.0,0.0,21.5
2023-10-17T05:30Z,16,119,1.1,0.0,26.3,26.2,3.1,17.4,0.0,0.0,26.0
2023-10-17T05:30Z,17,183,0.0,0.0,45.6,8.2,0.8,0.0,0.0,0.0,45.4
2023-10-17T05:30Z,18,218,7.6,3.1,44.9,4.2,3.2,13.6,0.0,0.0,23.5
2023-10-17T06:00Z,1,188,0.0,0.0,47.7,36.3,0.0,0.0,0.0,0.0,16.0
2023-10-17T06:00Z,2,129,1.3,0.0,30.5,20.2,1.5,22.5,0.0,0.0,24.0
2023-10-17T06:00Z,3,41,7.0,0.0,8.1,0.6,0.1,53.3,0.0,0.0,30.9
2023-10-17T06:00Z,4,121,31.9,0.1,20.3,2.0,0.2,37.4,0.0,0.0,8.0
2023-10-17T06:00Z,5,222,54.0,0.2,39.3,0.0,0.0,0.1,0.0,0.0,6.3
2023-10-17T06:00Z,6,109,1.1,0.0,27.2,16.7,0.2,9.0,0.0,0.0,45.8
2023-10-17T06:00Z,7,290,0.0,0.0,73.7,0.0,0.0,0.0,0.0,0.0,26.3
2023-10-17T06:00Z,8,292,2.5,6.9,56.7,1.8,1.4,8.7,0.0,0.0,22.0
2023-10-17T06:00Z,9,445,2.9,17.5,70.4,0.0,0.0,2.1,0.0,0.0,7.0
2023-10-17T06:00Z,10,89,0.0,0.1,22.2,0.0,0.0,26.1,0.0,0.1,51.4
2023-10-17T06:00Z,11,354,0.0,0.0,89.9,0.0,0.0,0.0,0.0,0.1,10.0
2023-10-17T06:00Z,12,335,0.5,2.3,77.5,0.2,14.5,0.2,0.0,0.1,4.7
2023-10-17T06:00Z,13,159,0.1,0.3,38.7,1.1,6.2,11.5,0.0,0.1,42.0
2023-10-17T06:00Z,14,187,0.0,0.0,45.9,2.2,11.8,1.6,0.0,0.1,38.4
2023-10-17T06:00Z,15,228,9.0,3.3,46.9,1.0,3.4,14.1,0.0,0.1,22.3
2023-10-17T06:00Z,16,123,1.0,0.0,29.4,27.0,1.2,16.5,0.0,0.0,24.9
2023-10-17T06:00Z,17,175,0.0,0.0,44.4,9.5,0.0,0.0,0.0,0.0,46.1
2023-10-17T06:00Z,18,213,7.5,2.7,44.7,4.5,2.9,13.5,0.0,0.1,24.1
2023-10-17T06:30Z,1,184,0.0,0.0,46.8,37.9,0.0,0.0,0.0,0.0,15.3
2023-10-17T06:30Z,2,118,1.4,0.0,29.5,20.0,0.0,22.5,0.0,0.0,26.6
2023-10-17T06:30Z,3,41,8.9,0.1,7.4,0.1,0.0,50.4,0.0,0.0,33.1
2023-10-17T06:30Z,4,135,34.1,0.4,22.8,1.0,0.0,34.6,0.0,0.0,7.1
2023-10-17T06:30Z,5,231,51.2,0.8,41.3,0.0,0.0,0.3,0.0,0.0,6.5
2023-10-17T06:30Z,6,98,1.3,0.0,24.5,16.4,0.0,8.3,0.0,0.0,49.4
2023-10-17T06:30Z,7,279,0.0,0.0,70.8,0.0,0.0,0.0,0.0,0.0,29.2
2023-10-17T06:30Z,8,298,1.1,6.7,58.4,1.0,5.7,7.0,0.0,0.1,20.0
2023-10-17T06:30Z,9,407,0.0,15.3,66.5,0.0,0.3,3.4,0.0,0.0,14.5
2023-10-17T06:30Z,10,87,0.0,0.0,19.7,0.0,2.1,24.8,0.0,0.1,53.3
2023-10-17T06:30Z,11,353,0.0,0.0,89.7,0.0,0.0,0.0,0.0,0.1,10.3
2023-10-17T06:30Z,12,289,0.0,0.9,67.3,0.4,23.8,0.1,0.0,0.1,7.4
2023-10-17T06:30Z,13,147,0.0,0.0,31.7,1.2,19.9,9.7,0.0,0.1,37.4
2023-10-17T06:30Z,14,184,0.0,0.0,38.5,2.2,33.9,0.0,0.0,0.1,25.4
2023-10-17T06:30Z,15,215,8.9,2.9,43.0,0.9,7.6,13.8,0.0,0.0,22.9
2023-10-17T06:30Z,16,120,1.0,0.0,30.0,26.5,0.0,15.6,0.0,0.0,26.8
2023-10-17T06:30Z,17,190,0.0,0.0,48.2,9.8,0.0,0.0,0.0,0.0,42.0
2023-10-17T06:30Z,18,202,7.4,2.4,41.8,4.5,6.2,13.1,0.0,0.0,24.6
2023-10-17T07:00Z,1,198,0.0,0.0,50.2,35.4,0.0,0.0,0.0,0.0,14.4
2023-10-17T07:00Z,2,119,1.5,0.0,29.7,17.3,0.0,23.6,0.0,0.3,27.6
2023-10-17T07:00Z,3,42,8.7,0.3,7.3,0.0,0.0,49.7,0.0,0.2,33.8
2023-10-17T07:00Z,4,139,33.2,0.8,23.2,0.5,0.0,34.0,0.0,0.5,7.7
2023-10-17T07:00Z,5,237,49.1,1.5,41.5,0.0,0.0,0.5,0.0,0.3,7.1
2023-10-17T07:00Z,6,106,1.3,0.0,26.5,13.2,0.0,7.7,0.0,0.8,50.4
2023-10-17T07:00Z,7,275,0.0,0.0,69.7,0.0,0.0,0.0,0.0,0.7,29.6
2023-10-17T07:00Z,8,295,1.0,6.3,58.5,0.5,6.5,6.1,0.0,1.6,19.5
2023-10-17T07:00Z,9,393,0.0,14.4,65.2,0.0,0.4,3.8,0.0,1.2,15.1
2023-10-17T07:00Z,10,89,0.0,0.0,19.9,0.1,2.7,23.3,0.0,1.7,52.2
2023-10-17T07:00Z,11,346,0.0,0.0,87.8,0.0,0.0,0.0,0.0,2.2,10.0
2023-10-17T07:00Z,12,278,0.0,0.3,65.8,0.4,23.7,0.0,0.0,2.4,7.3
2023-10-17T07:00Z,13,150,0.0,0.0,32.3,1.1,20.7,8.8,0.0,1.5,35.7
2023-10-17T07:00Z,14,186,0.0,0.0,39.1,1.8,33.2,0.0,0.0,1.2,24.6
2023-10-17T07:00Z,15,212,8.6,2.8,42.6,0.8,7.7,13.4,0.0,1.3,22.9
2023-10-17T07:00Z,16,126,1.1,0.0,31.7,23.9,0.0,15.7,0.0,0.2,27.4
2023-10-17T07:00Z,17,201,0.0,0.0,51.0,6.6,0.0,0.0,0.0,0.6,41.8
2023-10-17T07:00Z,18,201,7.2,2.3,41.8,3.8,6.3,12.8,0.0,1.1,24.6
2023-10-17T07:30Z,1,208,0.0,0.0,52.7,33.6,0.0,0.0,0.0,0.0,13.7
2023-10-17T07:30Z,2,115,1.7,0.0,28.7,15.0,0.0,24.2,0.0,0.8,29.5
2023-10-17T07:30Z,3,43,8.6,0.4,7.5,0.0,0.0,47.8,0.0,0.6,35.1
2023-10-17T07:30Z,4,141,32.8,1.1,23.0,0.1,0.1,33.2,0.0,1.4,8.2
2023-10-17T07:30Z,5,236,46.9,2.0,40.8,0.0,0.2,0.6,0.0,1.1,8.4
2023-10-17T07:30Z,6,101,1.3,0.0,25.1,10.5,0.0,7.1,0.0,2.6,53.4
2023-10-17T07:30Z,7,271,0.0,0.0,68.9,0.0,0.0,0.0,0.0,1.8,29.4
2023-10-17T07:30Z,8,286,0.7,5.6,56.9,0.2,9.5,5.3,0.0,4.4,17.3
2023-10-17T07:30Z,9,369,0.0,12.8,61.6,0.0,1.5,4.0,0.0,3.2,16.8
2023-10-17T07:30Z,10,108,0.0,0.0,19.0,0.1,8.0,20.9,0.0,4.1,48.0
2023-10-17T07:30Z,11,335,0.0,0.0,85.1,0.0,0.0,0.0,0.0,5.6,9.3
2023-10-17T07:30Z,12,250,0.0,0.0,58.7,0.3,28.3,0.0,0.0,5.9,6.8
2023-10-17T07:30Z,13,152,0.0,0.0,29.7,1.0,24.8,8.0,0.0,3.3,33.2
2023-10-17T07:30Z,14,179,0.0,0.0,36.2,1.6,35.6,0.0,0.0,2.7,23.9
2023-10-17T07:30Z,15,205,8.2,2.5,40.2,0.7,9.6,12.8,0.0,3.2,22.9
2023-10-17T07:30Z,16,125,1.1,0.0,31.3,22.3,0.0,16.0,0.0,0.7,28.6
2023-10-17T07:30Z,17,206,0.0,0.0,52.2,4.8,0.0,0.0,0.0,1.6,41.5
2023-10-17T07:30Z,18,196,6.9,2.1,39.9,3.3,8.0,12.4,0.0,2.8,24.6
2023-10-17T08:00Z,1,211,0.0,0.0,53.5,32.9,0.0,0.0,0.0,0.0,13.6
2023-10-17T08:00Z,2,110,1.8,0.0,27.3,13.9,0.0,23.9,0.0,1.6,31.4
2023-10-17T08:00Z,3,39,8.1,0.3,6.7,0.0,0.1,47.0,0.0,1.1,36.7
2023-10-17T08:00Z,4,131,32.2,0.8,21.2,0.0,0.2,33.9,0.0,2.2,9.4
2023-10-17T08:00Z,5,225,47.0,1.6,38.8,0.0,0.3,0.4,0.0,2.0,9.8
2023-10-17T08:00Z,6,96,1.1,0.0,23.9,9.9,0.0,5.8,0.0,5.3,53.9
2023-10-17T08:00Z,7,264,0.0,0.0,67.1,0.0,0.0,0.0,0.0,2.7,30.2
2023-10-17T08:00Z,8,264,0.6,5.2,52.1,0.4,9.8,6.1,0.0,7.7,18.2
2023-10-17T08:00Z,9,344,0.0,12.5,55.9,0.0,2.0,3.8,0.0,5.9,19.9
2023-10-17T08:00Z,10,102,0.0,0.0,17.4,0.0,8.0,20.9,0.0,6.4,47.3
2023-10-17T08:00Z,11,323,0.0,0.0,81.9,0.0,0.0,0.0,0.0,9.0,9.1
2023-10-17T08:00Z,12,239,0.0,0.1,55.7,0.3,27.7,0.0,0.0,9.1,7.0
2023-10-17T08:00Z,13,149,0.0,0.0,29.2,0.8,23.6,8.3,0.0,4.9,33.1
2023-10-17T08:00Z,14,180,0.0,0.0,36.9,1.4,33.8,0.0,0.0,4.0,23.9
2023-10-17T08:00Z,15,196,8.3,2.4,38.7,0.5,7.4,12.9,0.0,5.4,24.5
2023-10-17T08:00Z,16,114,1.0,0.0,28.6,21.8,0.0,16.8,0.0,1.4,30.4
2023-10-17T08:00Z,17,208,0.0,0.0,52.7,4.6,0.0,0.0,0.0,2.6,40.1
2023-10-17T08:00Z,18,187,7.0,2.0,38.5,3.1,6.1,12.5,0.0,4.8,26.1
2023-10-17T08:30Z,1,221,0.0,0.0,56.1,30.4,0.0,0.0,0.0,0.0,13.5
2023-10-17T08:30Z,2,106,1.8,0.0,26.4,13.0,0.0,24.2,0.0,2.7,31.9
2023-10-17T08:30Z,3,35,7.7,0.1,6.1,0.0,0.0,47.4,0.0,1.6,37.0
2023-10-17T08:30Z,4,120,32.4,0.5,19.3,0.5,0.1,35.5,0.0,3.0,8.9
2023-10-17T08:30Z,5,216,49.5,1.0,37.2,0.0,0.3,0.3,0.0,2.6,9.2
2023-10-17T08:30Z,6,89,1.0,0.0,22.1,9.7,0.0,5.3,0.0,8.6,53.4
2023-10-17T08:30Z,7,258,0.0,0.0,65.4,0.0,0.0,0.0,0.0,3.9,30.7
2023-10-17T08:30Z,8,243,0.8,4.3,48.9,0.7,5.7,6.3,0.0,11.7,21.5
2023-10-17T08:30Z,9,326,0.0,11.6,51.7,0.0,3.0,3.4,0.0,9.3,21.0
2023-10-17T08:30Z,10,116,0.0,0.0,12.0,0.0,14.7,19.9,0.0,8.9,44.5
2023-10-17T08:30Z,11,307,0.0,0.0,77.8,0.0,0.0,0.0,0.0,13.1,9.1
2023-10-17T08:30Z,12,254,0.0,0.2,61.2,0.2,16.6,0.1,0.0,14.0,7.6
2023-10-17T08:30Z,13,158,0.0,0.0,29.0,0.7,16.8,8.8,0.0,8.1,36.6
2023-10-17T08:30Z,14,193,0.0,0.0,43.7,1.4,18.5,0.0,0.0,7.0,29.4
2023-10-17T08:30Z,15,193,8.2,2.1,36.9,0.4,7.4,12.7,0.0,8.0,24.3
2023-10-17T08:30Z,16,99,1.0,0.0,24.8,20.6,0.0,17.0,0.0,2.7,33.9
2023-10-17T08:30Z,17,201,0.0,0.0,51.0,4.2,0.0,0.0,0.0,4.1,40.8
2023-10-17T08:30Z,18,184,6.9,1.7,36.4,2.8,6.1,12.4,0.0,7.2,26.4
2023-10-17T09:00Z,1,234,0.0,0.0,59.3,29.4,0.0,0.0,0.0,0.0,11.3
2023-10-17T09:00Z,2,125,1.5,0.0,31.3,12.1,0.0,23.6,0.0,3.6,27.8
2023-10-17T09:00Z,3,26,6.5,0.1,4.4,0.0,0.0,47.6,0.0,2.1,39.3
2023-10-17T09:00Z,4,106,30.1,0.4,16.6,0.5,0.1,36.0,0.0,4.2,12.1
2023-10-17T09:00Z,5,200,51.8,0.9,32.6,0.0,0.2,0.3,0.0,3.4,10.7
2023-10-17T09:00Z,6,97,0.6,0.0,24.3,9.0,0.0,5.1,0.0,10.8,50.3
2023-10-17T09:00Z,7,268,0.0,0.0,68.0,0.0,0.0,0.0,0.0,4.6,27.4
2023-10-17T09:00Z,8,224,0.7,4.0,45.3,0.7,5.5,6.0,0.0,14.6,23.3
2023-10-17T09:00Z,9,306,0.0,10.8,49.1,0.0,2.5,3.3,0.0,12.3,22.0
2023-10-17T09:00Z,10,85,0.0,0.0,3.4,0.0,15.7,19.6,0.0,12.7,48.6
2023-10-17T09:00Z,11,272,0.0,0.0,69.0,0.0,0.0,0.0,0.0,20.2,10.8
2023-10-17T09:00Z,12,222,0.0,0.2,52.6,0.2,20.6,0.0,0.0,19.0,7.4
2023-10-17T09:00Z,13,151,0.0,0.0,27.7,0.7,18.8,8.5,0.0,10.2,34.1
2023-10-17T09:00Z,14,196,0.0,0.0,44.0,1.2,21.1,0.0,0.0,8.3,25.4
2023-10-17T09:00Z,15,178,8.0,1.9,33.4,0.4,8.2,12.4,0.0,10.6,25.0
2023-10-17T09:00Z,16,107,1.0,0.0,26.8,19.4,0.0,17.1,0.0,3.7,32.0
2023-10-17T09:00Z,17,197,0.0,0.0,50.0,4.2,0.0,0.0,0.0,5.3,40.5
2023-10-17T09:00Z,18,172,6.8,1.6,33.7,2.6,6.9,12.1,0.0,9.6,26.7
2023-10-17T09:30Z,1,243,0.0,0.0,61.8,26.7,0.0,0.0,0.0,0.0,11.5
2023-10-17T09:30Z,2,120,1.8,0.0,29.8,11.2,0.0,24.3,0.0,4.7,28.2
2023-10-17T09:30Z,3,23,6.2,0.1,3.8,0.0,0.0,47.1,0.0,2.5,40.3
2023-10-17T09:30Z,4,98,30.2,0.4,14.8,0.6,0.1,36.1,0.0,5.1,12.7
2023-10-17T09:30Z,5,190,51.8,0.9,30.3,0.0,0.2,0.3,0.0,4.2,12.3
2023-10-17T09:30Z,6,81,0.5,0.0,20.3,8.6,0.0,4.9,0.0,13.1,52.6
2023-10-17T09:30Z,7,265,0.0,0.0,67.2,0.0,0.0,0.0,0.0,5.6,27.2
2023-10-17T09:30Z,8,209,0.6,3.3,43.6,0.6,5.6,5.7,0.0,17.3,23.3
2023-10-17T09:30Z,9,282,0.0,9.6,46.1,0.0,2.3,3.4,0.0,14.7,23.9
2023-10-17T09:30Z,10,77,0.0,0.0,2.0,0.0,14.8,19.5,0.0,14.9,48.8
2023-10-17T09:30Z,11,246,0.0,0.0,62.5,0.0,0.0,0.0,0.0,25.8,11.7
2023-10-17T09:30Z,12,209,0.0,0.1,49.6,0.2,21.3,0.0,0.0,22.4,6.3
2023-10-17T09:30Z,13,140,0.0,0.0,26.2,0.6,15.9,8.2,0.0,13.4,35.7
2023-10-17T09:30Z,14,185,0.0,0.0,43.7,1.1,16.2,0.0,0.0,11.1,27.8
2023-10-17T09:30Z,15,162,7.9,1.6,30.1,0.4,8.6,12.3,0.0,12.8,26.2
2023-10-17T09:30Z,16,121,1.1,0.0,30.4,17.2,0.0,17.1,0.0,4.4,29.7
2023-10-17T09:30Z,17,203,0.0,0.0,51.5,4.1,0.0,0.0,0.0,5.9,38.5
2023-10-17T09:30Z,18,160,6.7,1.4,31.4,2.4,7.2,12.0,0.0,11.5,27.3
2023-10-17T10:00Z,1,246,0.0,0.0,62.5,25.8,0.0,0.0,0.0,0.0,11.6
2023-10-17T10:00Z,2,119,1.8,0.0,29.7,9.7,0.0,24.3,0.0,5.5,29.0
2023-10-17T10:00Z,3,21,6.0,0.1,3.3,0.0,0.0,46.0,0.0,2.9,41.6
2023-10-17T10:00Z,4,93,29.2,0.4,13.6,0.4,0.1,35.7,0.0,5.9,14.7
2023-10-17T10:00Z,5,178,50.7,0.8,27.4,0.0,0.3,0.4,0.0,5.5,14.9
2023-10-17T10:00Z,6,56,0.6,0.0,13.9,7.8,0.0,4.7,0.0,15.6,57.4
2023-10-17T10:00Z,7,262,0.0,0.0,66.4,0.0,0.0,0.0,0.0,6.8,26.8
2023-10-17T10:00Z,8,198,0.5,2.8,41.7,0.4,6.9,5.7,0.0,20.3,21.8
2023-10-17T10:00Z,9,252,0.0,8.2,41.6,0.0,2.8,3.7,0.0,17.3,26.4
2023-10-17T10:00Z,10,70,0.0,0.0,0.9,0.0,14.5,19.4,0.0,16.7,48.5
2023-10-17T10:00Z,11,237,0.0,0.0,60.3,0.0,0.0,0.0,0.0,28.6,11.1
2023-10-17T10:00Z,12,194,0.0,0.0,45.8,0.2,23.2,0.0,0.0,25.3,5.5
2023-10-17T10:00Z,13,131,0.0,0.0,24.3,0.6,16.9,7.9,0.0,15.3,35.0
2023-10-17T10:00Z,14,171,0.0,0.0,40.3,1.0,18.0,0.0,0.0,12.8,27.9
2023-10-17T10:00Z,15,151,7.9,1.4,28.2,0.4,8.0,12.3,0.0,14.8,26.9
2023-10-17T10:00Z,16,115,1.4,0.0,28.9,15.3,0.0,17.3,0.0,5.4,31.7
2023-10-17T10:00Z,17,187,0.0,0.0,47.5,3.9,0.0,0.0,0.0,7.4,41.2
2023-10-17T10:00Z,18,149,6.7,1.2,29.5,2.2,6.7,12.1,0.0,13.4,28.3
2023-10-17T10:30Z,1,249,0.0,0.0,63.1,24.0,0.0,0.0,0.0,0.0,12.8
2023-10-17T10:30Z,2,103,2.2,0.0,25.5,7.4,0.0,27.1,0.0,7.1,30.7
2023-10-17T10:30Z,3,21,6.1,0.1,3.1,0.0,0.1,44.5,0.0,3.2,42.9
2023-10-17T10:30Z,4,86,29.3,0.3,12.0,0.0,0.2,35.7,0.0,6.3,16.2
2023-10-17T10:30Z,5,167,49.3,0.6,25.3,0.0,0.4,0.4,0.0,6.2,17.6
2023-10-17T10:30Z,6,51,0.5,0.0,12.6,7.4,0.0,4.0,0.0,16.3,59.1
2023-10-17T10:30Z,7,251,0.0,0.0,63.8,0.0,0.0,0.0,0.0,9.4,26.8
2023-10-17T10:30Z,8,183,0.4,2.0,39.5,0.2,8.2,5.2,0.0,22.7,21.9
2023-10-17T10:30Z,9,218,0.0,6.1,37.5,0.0,3.5,4.9,0.0,18.9,29.2
2023-10-17T10:30Z,10,70,0.0,0.0,1.2,0.0,14.3,18.5,0.0,17.9,48.2
2023-10-17T10:30Z,11,210,0.0,0.0,53.3,0.0,0.0,0.0,0.0,35.5,11.1
2023-10-17T10:30Z,12,173,0.0,0.0,40.5,0.1,25.6,0.0,0.0,28.4,5.4
2023-10-17T10:30Z,13,129,0.0,0.0,24.2,0.5,18.5,7.2,0.0,15.9,33.8
2023-10-17T10:30Z,14,167,0.0,0.0,38.9,0.8,20.8,0.0,0.0,12.9,26.6
2023-10-17T10:30Z,15,137,7.8,1.0,25.7,0.3,8.9,12.2,0.0,16.4,27.8
2023-10-17T10:30Z,16,116,1.8,0.0,28.9,13.2,0.0,17.7,0.0,6.7,31.7
2023-10-17T10:30Z,17,182,0.0,0.0,46.2,3.9,0.0,0.0,0.0,9.0,40.9
2023-10-17T10:30Z,18,138,6.7,0.9,27.4,1.8,7.4,12.0,0.0,14.9,29.0
2023-10-17T11:00Z,1,255,0.0,0.0,64.7,20.7,0.0,0.0,0.0,0.0,14.6
2023-10-17T11:00Z,2,90,2.7,0.0,22.0,4.9,0.0,27.0,0.0,8.0,35.3
2023-10-17T11:00Z,3,20,5.8,0.1,3.0,0.0,0.1,43.7,0.0,3.5,44.0
2023-10-17T11:00Z,4,81,27.5,0.3,11.2,0.0,0.4,34.7,0.0,7.2,18.8
2023-10-17T11:00Z,5,159,46.4,0.7,24.0,0.0,0.8,0.6,0.0,7.5,20.0
2023-10-17T11:00Z,6,50,0.5,0.0,12.3,7.7,0.5,3.8,0.0,17.7,57.6
2023-10-17T11:00Z,7,235,0.0,0.0,59.7,0.0,0.0,0.0,0.0,11.7,28.7
2023-10-17T11:00Z,8,164,0.2,1.7,34.5,0.1,11.7,4.8,0.0,27.2,19.7
2023-10-17T11:00Z,9,176,0.0,5.1,28.0,0.0,5.6,5.6,0.0,22.6,33.0
2023-10-17T11:00Z,10,71,0.0,0.0,2.3,0.0,14.2,18.0,0.0,18.4,47.1
2023-10-17T11:00Z,11,215,0.0,0.0,54.5,0.0,0.0,0.0,0.0,35.3,10.1
2023-10-17T11:00Z,12,168,0.0,0.0,38.7,0.1,27.5,0.0,0.0,28.6,5.1
2023-10-17T11:00Z,13,128,0.0,0.0,23.6,0.3,23.1,6.8,0.0,15.5,30.7
2023-10-17T11:00Z,14,159,0.0,0.0,34.8,0.5,28.0,0.0,0.0,12.7,24.0
2023-10-17T11:00Z,15,130,7.7,0.8,24.0,0.2,10.4,12.0,0.0,17.4,27.5
2023-10-17T11:00Z,16,105,2.1,0.0,25.7,11.1,0.3,18.0,0.0,7.8,35.0
2023-10-17T11:00Z,17,148,0.0,0.0,37.6,4.3,0.0,0.0,0.0,11.5,46.7
2023-10-17T11:00Z,18,129,6.6,0.7,25.1,1.6,8.6,11.8,0.0,16.0,29.6
2023-10-17T11:30Z,1,231,0.0,0.0,58.7,22.7,0.0,0.0,0.0,0.0,18.6
2023-10-17T11:30Z,2,66,2.6,0.0,15.9,4.6,0.0,27.3,0.0,8.6,41.1
2023-10-17T11:30Z,3,13,4.7,0.0,1.7,0.0,0.1,44.3,0.0,3.2,46.1
2023-10-17T11:30Z,4,64,26.7,0.2,7.4,0.0,0.3,36.7,0.0,7.5,21.2
2023-10-17T11:30Z,5,136,49.7,0.5,17.7,0.0,0.7,0.8,0.0,7.4,23.2
2023-10-17T11:30Z,6,33,0.4,0.0,8.2,7.4,0.0,4.1,0.0,17.7,62.1
2023-10-17T11:30Z,7,211,0.0,0.0,53.4,0.0,0.0,0.0,0.0,13.8,32.7
2023-10-17T11:30Z,8,119,0.4,1.6,22.9,0.3,12.8,6.2,0.0,30.8,25.0
2023-10-17T11:30Z,9,125,0.0,5.1,14.2,0.0,6.8,6.3,0.0,26.5,41.0
2023-10-17T11:30Z,10,64,0.0,0.0,1.2,0.0,13.5,18.2,0.0,18.4,48.7
2023-10-17T11:30Z,11,193,0.0,0.0,49.1,0.0,0.0,0.0,0.0,39.9,11.0
2023-10-17T11:30Z,12,138,0.0,0.0,30.7,0.1,30.4,0.0,0.0,32.6,6.2
2023-10-17T11:30Z,13,105,0.0,0.0,17.3,0.3,24.6,6.9,0.0,16.4,34.6
2023-10-17T11:30Z,14,129,0.0,0.0,27.2,0.6,31.5,0.0,0.0,14.1,26.6
2023-10-17T11:30Z,15,106,7.9,0.8,17.6,0.2,11.5,12.6,0.0,18.8,30.6
2023-10-17T11:30Z,16,81,2.2,0.0,19.6,10.7,0.5,18.2,0.0,8.6,40.2
2023-10-17T11:30Z,17,119,0.0,0.0,30.2,4.7,0.0,0.0,0.0,12.9,52.2
2023-10-17T11:30Z,18,104,6.8,0.7,18.7,1.6,9.5,12.3,0.0,17.3,33.1
2023-10-17T12:00Z,1,214,0.0,0.0,54.3,25.0,0.0,0.0,0.0,0.0,20.7
2023-10-17T12:00Z,2,62,1.8,0.0,15.1,5.2,0.0,25.4,0.0,8.1,44.4
2023-10-17T12:00Z,3,10,3.6,0.0,1.2,0.0,0.0,44.5,0.0,3.0,47.6
2023-10-17T12:00Z,4,57,24.1,0.2,6.7,0.2,0.1,38.5,0.0,7.4,22.8
2023-10-17T12:00Z,5,132,50.1,0.4,17.0,0.0,0.3,0.4,0.0,6.5,25.3
2023-10-17T12:00Z,6,29,0.4,0.0,7.3,7.1,0.0,5.3,0.0,17.2,62.8
2023-10-17T12:00Z,7,212,0.0,0.0,53.8,0.0,0.0,0.0,0.0,12.8,33.4
2023-10-17T12:00Z,8,102,0.5,1.5,19.5,0.6,10.1,8.6,0.0,28.4,30.8
2023-10-17T12:00Z,9,118,0.0,5.0,12.6,0.0,6.2,6.3,0.0,26.7,43.2
2023-10-17T12:00Z,10,62,0.0,0.0,0.7,0.0,13.2,18.4,0.0,18.1,49.6
2023-10-17T12:00Z,11,192,0.0,0.0,48.7,0.0,0.0,0.0,0.0,40.5,10.8
2023-10-17T12:00Z,12,130,0.0,0.0,28.8,0.1,30.2,0.0,0.0,34.2,6.7
2023-10-17T12:00Z,13,95,0.0,0.0,14.9,0.4,22.4,7.5,0.0,17.1,37.7
2023-10-17T12:00Z,14,118,0.0,0.0,25.5,0.6,29.1,0.0,0.0,15.6,29.3
2023-10-17T12:00Z,15,100,7.3,0.8,16.5,0.2,10.5,12.8,0.0,19.3,32.5
2023-10-17T12:00Z,16,69,1.6,0.0,16.9,11.4,0.0,17.9,0.0,7.7,44.5
2023-10-17T12:00Z,17,124,0.0,0.0,31.6,4.9,0.0,0.0,0.0,11.7,51.8
2023-10-17T12:00Z,18,98,6.2,0.7,17.6,1.7,8.7,12.5,0.0,17.6,35.1
2023-10-17T12:30Z,1,219,0.0,0.0,55.7,23.1,0.0,0.0,0.0,0.0,21.2
2023-10-17T12:30Z,2,59,1.8,0.0,14.4,4.7,0.0,25.0,0.0,7.8,46.3
2023-10-17T12:30Z,3,11,3.8,0.0,1.4,0.0,0.1,41.9,0.0,3.1,49.7
2023-10-17T12:30Z,4,57,23.2,0.2,6.7,0.1,0.4,36.8,0.0,7.8,24.8
2023-10-17T12:30Z,5,125,43.9,0.5,16.4,0.0,1.1,0.4,0.0,8.3,29.4
2023-10-17T12:30Z,6,23,0.3,0.0,5.6,6.9,0.0,5.3,0.0,16.5,65.3
2023-10-17T12:30Z,7,213,0.0,0.0,54.0,0.0,0.0,0.0,0.0,11.4,34.7
2023-10-17T12:30Z,8,104,0.4,1.6,18.7,0.6,13.1,9.3,0.0,28.0,28.4
2023-10-17T12:30Z,9,117,0.0,5.1,11.6,0.0,7.8,5.8,0.0,25.1,44.6
2023-10-17T12:30Z,10,65,0.0,0.0,1.9,0.0,13.8,17.8,0.0,16.9,49.5
2023-10-17T12:30Z,11,193,0.0,0.0,49.1,0.0,0.0,0.0,0.0,40.1,10.9
2023-10-17T12:30Z,12,137,0.0,0.0,29.4,0.1,31.4,0.1,0.0,30.9,8.1
2023-10-17T12:30Z,13,102,0.0,0.0,15.2,0.3,29.4,8.4,0.0,13.8,32.9
2023-10-17T12:30Z,14,126,0.0,0.0,22.9,0.5,38.8,0.4,0.0,12.5,24.9
2023-10-17T12:30Z,15,100,6.9,0.8,16.9,0.2,9.6,12.9,0.0,18.8,33.8
2023-10-17T12:30Z,16,68,1.7,0.0,16.5,10.4,0.4,17.9,0.0,7.7,45.5
2023-10-17T12:30Z,17,120,0.0,0.0,30.5,5.3,0.0,0.0,0.0,10.3,53.9
2023-10-17T12:30Z,18,99,5.8,0.7,17.8,1.6,8.0,12.6,0.0,17.0,36.5
2023-10-17T13:00Z,1,193,0.0,0.0,49.1,30.1,0.0,0.0,0.0,0.0,20.8
2023-10-17T13:00Z,2,59,1.8,0.0,14.5,7.4,0.0,22.5,0.0,6.4,47.4
2023-10-17T13:00Z,3,8,3.3,0.0,1.1,0.0,0.0,42.9,0.0,2.6,50.1
2023-10-17T13:00Z,4,53,23.5,0.0,6.1,0.7,0.1,37.9,0.0,6.4,25.3
2023-10-17T13:00Z,5,123,48.8,0.1,15.8,0.0,0.3,0.1,0.0,6.1,28.7
2023-10-17T13:00Z,6,20,0.4,0.0,5.1,9.1,0.0,6.4,0.0,14.3,64.7
2023-10-17T13:00Z,7,211,0.0,0.0,53.6,0.0,0.0,0.0,0.0,10.2,36.2
2023-10-17T13:00Z,8,94,0.5,1.6,16.8,1.5,10.5,11.1,0.0,24.9,33.0
2023-10-17T13:00Z,9,123,0.0,5.7,13.0,0.0,5.7,4.9,0.0,24.2,46.6
2023-10-17T13:00Z,10,58,0.0,0.0,1.6,0.0,12.0,18.5,0.0,16.5,51.5
2023-10-17T13:00Z,11,195,0.0,0.0,49.6,0.0,0.0,0.0,0.0,38.5,11.9
2023-10-17T13:00Z,12,141,0.0,0.0,30.3,0.1,32.4,0.1,0.0,29.9,7.1
2023-10-17T13:00Z,13,92,0.0,0.0,12.7,0.4,28.3,9.2,0.0,13.7,35.8
2023-10-17T13:00Z,14,118,0.0,0.0,20.6,0.9,40.0,0.7,0.0,12.1,25.8
2023-10-17T13:00Z,15,100,7.2,0.9,17.1,0.3,9.3,13.0,0.0,17.6,34.7
2023-10-17T13:00Z,16,55,1.6,0.0,13.4,14.8,0.0,17.5,0.0,5.9,46.8
2023-10-17T13:00Z,17,101,0.0,0.0,25.7,8.6,0.0,0.0,0.0,9.4,56.3
2023-10-17T13:00Z,18,95,6.1,0.7,17.2,2.4,7.7,12.6,0.0,15.7,37.5
2023-10-17T13:30Z,1,181,0.0,0.0,45.9,33.8,0.0,0.0,0.0,0.0,20.3
2023-10-17T13:30Z,2,63,1.6,0.0,15.4,9.0,0.0,21.6,0.0,4.7,47.6
2023-10-17T13:30Z,3,6,2.3,0.0,0.8,0.1,0.0,44.1,0.0,2.2,50.5
2023-10-17T13:30Z,4,51,21.0,0.0,6.5,1.0,0.0,39.3,0.0,5.2,26.9
2023-10-17T13:30Z,5,129,51.0,0.1,16.9,0.0,0.0,0.1,0.0,4.5,27.4
2023-10-17T13:30Z,6,22,0.4,0.0,5.4,10.8,0.0,7.0,0.0,11.9,64.6
2023-10-17T13:30Z,7,217,0.0,0.0,55.0,0.0,0.0,0.0,0.0,8.7,36.3
2023-10-17T13:30Z,8,85,2.0,1.7,16.1,1.8,5.5,11.9,0.0,20.4,40.6
2023-10-17T13:30Z,9,127,5.5,6.3,15.4,0.0,0.0,4.5,0.0,20.8,47.4
2023-10-17T13:30Z,10,4,0.0,0.0,1.0,0.0,0.0,21.7,0.0,17.0,60.3
2023-10-17T13:30Z,11,215,0.0,0.0,54.5,0.0,0.0,0.0,0.0,33.1,12.4
2023-10-17T13:30Z,12,143,0.1,0.1,31.6,0.2,31.9,0.2,0.0,28.8,7.2
2023-10-17T13:30Z,13,69,0.0,0.0,14.4,0.6,17.7,9.1,0.0,15.5,42.7
2023-10-17T13:30Z,14,115,0.0,0.0,23.8,1.1,31.1,0.5,0.0,12.4,31.1
2023-10-17T13:30Z,15,94,7.7,0.9,17.8,0.4,9.2,13.0,0.0,15.5,35.6
2023-10-17T13:30Z,16,54,1.6,0.0,13.2,16.1,0.0,16.4,0.0,4.5,48.3
2023-10-17T13:30Z,17,100,0.0,0.0,25.3,9.8,0.0,0.0,0.0,8.1,56.8
2023-10-17T13:30Z,18,90,6.5,0.7,17.8,2.8,7.5,12.5,0.0,13.7,38.5
2023-10-17T14:00Z,1,158,0.0,0.0,40.0,41.4,0.0,0.0,0.0,0.0,18.6
2023-10-17T14:00Z,2,63,1.7,0.0,15.5,12.9,0.0,18.1,0.0,3.4,48.4
2023-10-17T14:00Z,3,7,2.2,0.0,1.0,0.5,0.0,43.5,0.0,1.8,51.1
2023-10-17T14:00Z,4,50,20.5,0.0,6.5,2.3,0.0,38.3,0.0,4.7,27.7
2023-10-17T14:00Z,5,127,51.7,0.0,16.4,0.0,0.0,0.0,0.0,3.7,28.1
2023-10-17T14:00Z,6,21,0.4,0.0,5.3,15.7,0.0,7.6,0.0,9.6,61.3
2023-10-17T14:00Z,7,228,0.0,0.0,58.0,0.0,0.0,0.0,0.0,6.6,35.4
2023-10-17T14:00Z,8,96,2.4,2.2,17.7,3.3,4.9,13.3,0.0,16.1,40.0
2023-10-17T14:00Z,9,156,7.3,8.4,17.3,0.0,0.0,2.8,0.0,16.9,47.3
2023-10-17T14:00Z,10,3,0.0,0.0,0.8,0.0,0.0,22.6,0.0,14.4,62.2
2023-10-17T14:00Z,11,230,0.0,0.0,58.5,0.0,0.0,0.0,0.0,28.2,13.3
2023-10-17T14:00Z,12,174,0.1,0.4,39.0,0.3,30.5,0.2,0.0,22.9,6.5
2023-10-17T14:00Z,13,74,0.0,0.0,15.8,1.0,17.5,9.8,0.0,13.1,42.7
2023-10-17T14:00Z,14,119,0.0,0.0,25.0,1.8,30.4,0.7,0.0,10.5,31.6
2023-10-17T14:00Z,15,104,7.9,1.2,19.5,0.8,9.0,12.9,0.0,12.6,36.0
2023-10-17T14:00Z,16,48,1.6,0.0,11.7,21.7,0.0,14.7,0.0,3.1,47.3
2023-10-17T14:00Z,17,94,0.0,0.0,23.8,15.3,0.0,0.0,0.0,6.3,54.5
2023-10-17T14:00Z,18,97,6.6,1.0,18.9,4.2,7.3,12.2,0.0,11.1,38.6
2023-10-17T14:30Z,1,167,0.0,0.0,42.4,38.5,0.0,0.0,0.0,0.0,19.2
2023-10-17T14:30Z,2,76,1.5,0.0,16.6,12.2,1.9,17.3,0.0,2.2,48.3
2023-10-17T14:30Z,3,10,2.3,0.0,1.6,0.6,0.1,42.4,0.0,1.3,51.6
2023-10-17T14:30Z,4,55,19.2,0.0,7.8,2.5,0.4,37.5,0.0,3.9,28.6
2023-10-17T14:30Z,5,135,50.3,0.0,18.9,0.0,0.0,0.0,0.0,2.7,28.2
2023-10-17T14:30Z,6,31,0.4,0.0,7.5,17.6,0.2,7.6,0.0,7.3,59.5
2023-10-17T14:30Z,7,248,0.0,0.0,63.0,0.0,0.0,0.0,0.0,4.3,32.7
2023-10-17T14:30Z,8,111,2.8,2.3,21.2,4.1,3.9,13.5,0.0,11.3,40.8
2023-10-17T14:30Z,9,194,8.5,9.3,24.5,0.0,0.0,2.1,0.0,11.7,43.8
2023-10-17T14:30Z,10,4,0.0,0.0,1.0,0.0,0.0,22.7,0.0,11.1,65.3
2023-10-17T14:30Z,11,261,0.0,0.0,66.3,0.0,0.0,0.0,0.0,20.5,13.2
2023-10-17T14:30Z,12,189,0.5,0.6,42.3,0.3,30.7,0.2,0.0,17.2,8.2
2023-10-17T14:30Z,13,90,0.0,0.0,20.3,0.9,16.2,10.2,0.0,9.6,42.8
2023-10-17T14:30Z,14,147,0.0,0.0,32.9,1.8,27.2,0.9,0.0,7.4,29.8
2023-10-17T14:30Z,15,120,7.9,1.3,23.6,1.0,7.4,12.9,0.0,9.4,36.5
2023-10-17T14:30Z,16,58,1.5,0.0,12.4,20.9,1.6,14.6,0.0,2.0,47.0
2023-10-17T14:30Z,17,94,0.0,0.0,23.8,16.6,0.0,0.0,0.0,4.7,54.9
2023-10-17T14:30Z,18,111,6.6,1.1,22.4,4.3,6.2,12.1,0.0,8.2,38.9
2023-10-17T15:00Z,1,165,0.0,0.0,42.0,36.5,0.0,0.0,0.0,0.0,21.6
2023-10-17T15:00Z,2,81,1.4,0.0,17.4,12.8,2.4,15.4,0.0,1.3,49.4
2023-10-17T15:00Z,3,14,2.1,0.0,2.6,1.4,0.2,41.2,0.0,0.9,51.6
2023-10-17T15:00Z,4,61,16.8,0.0,9.5,4.0,0.7,36.7,0.0,2.7,29.7
2023-10-17T15:00Z,5,147,47.6,0.0,22.8,0.0,0.0,0.0,0.0,1.7,27.9
2023-10-17T15:00Z,6,33,0.4,0.0,8.0,25.0,0.3,7.7,0.0,4.4,54.2
2023-10-17T15:00Z,7,258,0.0,0.0,65.4,0.0,0.0,0.0,0.0,2.5,32.1
2023-10-17T15:00Z,8,118,3.3,2.6,22.3,7.3,2.8,14.0,0.0,6.7,41.0
2023-10-17T15:00Z,9,236,10.9,10.3,32.0,0.0,0.0,0.6,0.0,7.2,39.0
2023-10-17T15:00Z,10,8,0.0,0.0,2.0,0.0,0.0,23.8,0.0,7.6,66.6
2023-10-17T15:00Z,11,285,0.0,0.0,72.3,0.0,0.0,0.0,0.0,14.1,13.6
2023-10-17T15:00Z,12,212,1.1,1.5,45.7,0.3,30.5,0.2,0.0,11.5,9.2
2023-10-17T15:00Z,13,102,0.1,0.1,23.3,1.0,15.4,10.6,0.0,6.4,43.1
2023-10-17T15:00Z,14,163,0.0,0.0,37.5,1.9,25.7,1.0,0.0,4.8,29.0
2023-10-17T15:00Z,15,131,7.7,1.6,26.1,1.9,7.2,12.7,0.0,6.1,36.6
2023-10-17T15:00Z,16,62,1.5,0.0,13.1,20.3,2.0,13.2,0.0,1.2,48.7
2023-10-17T15:00Z,17,117,0.0,0.0,29.8,21.8,0.0,0.0,0.0,2.5,45.9
2023-10-17T15:00Z,18,123,6.5,1.3,25.0,5.4,6.1,11.8,0.0,5.3,38.6
2023-10-17T15:30Z,1,159,0.0,0.0,40.3,36.1,0.0,0.0,0.0,0.0,23.6
2023-10-17T15:30Z,2,80,1.2,0.0,17.6,12.8,2.0,14.4,0.0,0.7,51.2
2023-10-17T15:30Z,3,16,2.0,0.0,3.1,1.5,0.2,40.7,0.0,0.5,52.0
2023-10-17T15:30Z,4,63,15.4,0.0,10.4,4.3,0.7,36.1,0.0,1.5,31.7
2023-10-17T15:30Z,5,152,46.3,0.0,24.4,0.0,0.0,0.0,0.0,1.0,28.3
2023-10-17T15:30Z,6,39,0.4,0.0,9.5,26.8,0.3,7.6,0.0,2.3,53.1
2023-10-17T15:30Z,7,265,0.0,0.0,67.2,0.0,0.0,0.0,0.0,1.1,31.7
2023-10-17T15:30Z,8,125,3.6,2.4,24.6,7.9,1.1,14.1,0.0,3.3,42.9
2023-10-17T15:30Z,9,271,11.6,9.9,41.7,0.0,0.0,0.4,0.0,3.6,32.8
2023-10-17T15:30Z,10,11,0.0,0.0,2.8,0.0,0.0,23.7,0.0,4.4,69.1
2023-10-17T15:30Z,11,300,0.0,0.0,76.2,0.0,0.0,0.0,0.0,8.9,15.0
2023-10-17T15:30Z,12,221,2.2,1.5,47.8,0.3,28.9,0.5,0.0,6.8,11.9
2023-10-17T15:30Z,13,108,0.1,0.1,25.4,1.0,12.3,10.9,0.0,3.7,46.3
2023-10-17T15:30Z,14,178,0.0,0.0,42.3,2.0,21.0,1.3,0.0,2.8,30.6
2023-10-17T15:30Z,15,139,7.7,1.6,28.2,2.2,6.1,12.7,0.0,3.4,38.0
2023-10-17T15:30Z,16,65,1.3,0.0,14.1,19.6,1.7,12.4,0.0,0.7,50.2
2023-10-17T15:30Z,17,140,0.0,0.0,35.4,22.9,0.0,0.2,0.0,1.1,40.4
2023-10-17T15:30Z,18,131,6.5,1.3,27.2,5.6,5.2,11.8,0.0,3.0,39.5
2023-10-17T16:00Z,1,156,0.0,0.0,39.5,33.5,0.0,0.0,0.0,0.0,27.0
2023-10-17T16:00Z,2,81,1.2,0.0,17.0,12.5,2.7,12.6,0.0,0.3,53.7
2023-10-17T16:00Z,3,16,1.6,0.0,3.1,2.2,0.4,39.8,0.0,0.2,52.6
2023-10-17T16:00Z,4,61,13.8,0.0,10.0,5.8,1.1,35.3,0.0,0.6,33.4
2023-10-17T16:00Z,5,149,46.1,0.0,23.7,0.0,0.0,0.0,0.0,0.4,29.8
2023-10-17T16:00Z,6,39,0.4,0.0,9.4,29.0,0.4,7.4,0.0,0.9,52.4
2023-10-17T16:00Z,7,266,0.0,0.0,67.6,0.0,0.0,0.0,0.0,0.5,31.9
2023-10-17T16:00Z,8,118,3.5,2.0,23.7,10.5,1.3,15.1,0.0,1.3,42.7
2023-10-17T16:00Z,9,270,12.8,9.5,42.0,0.0,0.0,0.0,0.0,1.5,34.2
2023-10-17T16:00Z,10,19,0.1,0.3,4.2,0.0,0.0,23.3,0.0,1.8,70.3
2023-10-17T16:00Z,11,326,0.0,0.0,82.8,0.0,0.0,0.0,0.0,3.6,13.6
2023-10-17T16:00Z,12,252,2.0,2.0,55.0,0.7,26.2,1.0,0.0,2.7,10.4
2023-10-17T16:00Z,13,122,0.2,0.3,28.5,1.0,12.6,11.4,0.0,1.5,44.5
2023-10-17T16:00Z,14,187,0.0,0.0,44.5,2.0,20.9,1.8,0.0,1.1,29.6
2023-10-17T16:00Z,15,144,7.6,1.6,29.6,2.9,6.0,12.7,0.0,1.4,38.2
2023-10-17T16:00Z,16,66,1.3,0.0,13.5,18.1,2.4,11.2,0.0,0.2,53.2
2023-10-17T16:00Z,17,140,0.0,0.0,35.5,24.8,0.0,0.5,0.0,0.5,38.8
2023-10-17T16:00Z,18,136,6.4,1.3,28.4,6.1,5.2,11.6,0.0,1.2,39.8
2023-10-17T16:30Z,1,160,0.0,0.0,40.5,32.6,0.0,0.0,0.0,0.0,26.9
2023-10-17T16:30Z,2,96,1.0,0.0,18.2,12.4,5.0,12.4,0.0,0.0,51.0
2023-10-17T16:30Z,3,21,0.6,0.0,4.0,2.3,1.0,39.2,0.0,0.0,52.8
2023-10-17T16:30Z,4,67,8.8,0.0,11.1,6.2,2.8,35.7,0.0,0.1,35.4
2023-10-17T16:30Z,5,159,42.9,0.0,27.4,0.0,0.0,0.0,0.0,0.1,29.7
2023-10-17T16:30Z,6,51,0.2,0.0,11.7,29.0,0.9,7.3,0.0,0.2,50.7
2023-10-17T16:30Z,7,266,0.0,0.0,67.5,0.0,0.0,0.0,0.0,0.1,32.4
2023-10-17T16:30Z,8,109,3.2,1.9,21.3,10.8,0.7,15.3,0.0,0.2,46.6
2023-10-17T16:30Z,9,267,15.4,9.1,41.4,0.0,0.0,0.0,0.0,0.2,33.9
2023-10-17T16:30Z,10,35,0.9,0.4,7.6,0.0,0.0,23.2,0.0,0.3,67.6
2023-10-17T16:30Z,11,335,0.0,0.0,85.1,0.0,0.0,0.0,0.0,0.7,14.2
2023-10-17T16:30Z,12,260,4.1,2.1,57.5,0.8,17.4,0.8,0.0,0.5,16.8
2023-10-17T16:30Z,13,125,0.8,0.4,29.3,1.0,9.3,11.2,0.0,0.2,47.8
2023-10-17T16:30Z,14,191,0.1,0.0,46.2,1.9,17.2,1.8,0.0,0.2,32.7
2023-10-17T16:30Z,15,150,7.4,1.6,31.2,3.0,4.5,12.6,0.0,0.2,39.5
2023-10-17T16:30Z,16,73,1.1,0.0,12.8,17.8,4.6,11.2,0.0,0.0,52.5
2023-10-17T16:30Z,17,136,0.1,0.0,34.2,25.0,0.3,0.6,0.0,0.1,39.8
2023-10-17T16:30Z,18,142,6.2,1.3,29.6,6.1,4.2,11.5,0.0,0.2,40.8
2023-10-17T17:00Z,1,157,0.0,0.0,39.8,29.9,0.0,0.0,0.0,0.0,30.3
2023-10-17T17:00Z,2,92,1.0,0.0,17.7,11.3,4.7,11.4,0.0,0.0,53.8
2023-10-17T17:00Z,3,21,0.5,0.0,4.1,2.5,1.0,38.1,0.0,0.0,53.7
2023-10-17T17:00Z,4,65,8.2,0.0,10.8,6.4,2.7,34.7,0.0,0.1,37.0
2023-10-17T17:00Z,5,154,42.0,0.0,26.3,0.0,0.0,0.0,0.0,0.1,31.7
2023-10-17T17:00Z,6,52,0.2,0.0,12.2,27.4,0.9,7.2,0.0,0.2,51.9
2023-10-17T17:00Z,7,266,0.0,0.0,67.4,0.0,0.0,0.0,0.0,0.1,32.4
2023-10-17T17:00Z,8,104,3.1,1.7,20.5,11.3,0.7,15.7,0.0,0.2,46.8
2023-10-17T17:00Z,9,263,15.5,9.0,40.7,0.0,0.0,0.0,0.0,0.2,34.6
2023-10-17T17:00Z,10,35,1.1,0.5,7.3,0.0,0.0,22.9,0.0,0.2,68.0
2023-10-17T17:00Z,11,334,0.0,0.0,84.8,0.0,0.0,0.0,0.0,1.1,14.1
2023-10-17T17:00Z,12,260,4.2,2.1,57.5,0.7,17.0,0.6,0.0,0.5,17.5
2023-10-17T17:00Z,13,125,0.9,0.4,29.2,0.9,9.2,11.0,0.0,0.2,48.0
2023-10-17T17:00Z,14,190,0.1,0.0,45.9,1.8,17.1,1.8,0.0,0.2,33.1
2023-10-17T17:00Z,15,148,7.3,1.6,30.8,3.1,4.5,12.4,0.0,0.2,40.2
2023-10-17T17:00Z,16,67,1.1,0.0,11.6,15.9,4.4,10.4,0.0,0.0,56.6
2023-10-17T17:00Z,17,134,0.1,0.0,33.6,23.9,0.4,1.0,0.0,0.1,41.0
2023-10-17T17:00Z,18,140,6.2,1.3,29.2,5.8,4.2,11.4,0.0,0.2,41.8
2023-10-17T17:30Z,1,140,0.0,0.0,35.6,28.8,0.0,0.0,0.0,0.0,35.7
2023-10-17T17:30Z,2,81,0.9,0.0,14.7,10.6,4.8,10.7,0.0,0.0,58.2
2023-10-17T17:30Z,3,19,0.4,0.0,3.4,2.3,1.1,36.9,0.0,0.0,55.8
2023-10-17T17:30Z,4,58,7.7,0.0,9.1,6.2,2.8,33.9,0.0,0.0,40.3
2023-10-17T17:30Z,5,140,42.1,0.0,22.6,0.0,0.0,0.5,0.0,0.0,34.8
2023-10-17T17:30Z,6,51,0.2,0.0,10.2,26.1,2.3,7.3,0.0,0.1,53.8
2023-10-17T17:30Z,7,253,0.0,0.0,64.1,0.0,0.0,0.0,0.0,0.5,35.4
2023-10-17T17:30Z,8,91,3.4,1.7,16.7,10.7,1.3,15.9,0.0,0.1,50.3
2023-10-17T17:30Z,9,244,16.0,8.6,36.6,0.0,0.0,0.3,0.0,0.0,38.5
2023-10-17T17:30Z,10,25,0.6,0.4,5.2,0.0,0.0,22.9,0.0,0.0,70.9
2023-10-17T17:30Z,11,325,0.0,0.0,82.4,0.0,0.0,0.0,0.0,2.7,14.9
2023-10-17T17:30Z,12,237,3.4,2.0,50.3,0.6,29.3,0.7,0.0,0.3,13.4
2023-10-17T17:30Z,13,112,0.6,0.4,25.5,0.9,13.8,11.1,0.0,0.0,47.7
2023-10-17T17:30Z,14,171,0.0,0.0,40.0,1.8,24.0,1.7,0.0,0.0,32.4
2023-10-17T17:30Z,15,133,7.3,1.5,26.8,2.9,6.7,12.5,0.0,0.2,42.2
2023-10-17T17:30Z,16,62,1.1,0.0,10.2,14.9,4.4,9.9,0.0,0.0,59.5
2023-10-17T17:30Z,17,131,0.1,0.0,31.2,22.6,1.6,1.1,0.0,0.3,43.0
2023-10-17T17:30Z,18,126,6.1,1.2,25.5,5.6,6.1,11.4,0.0,0.2,44.0
2023-10-17T18:00Z,1,74,0.0,0.0,18.8,31.8,0.0,0.0,0.0,0.0,49.4
2023-10-17T18:00Z,2,47,1.0,0.0,7.4,8.6,3.7,11.4,0.0,0.0,67.9
2023-10-17T18:00Z,3,11,1.1,0.0,1.7,1.5,0.6,37.7,0.0,0.0,57.3
2023-10-17T18:00Z,4,45,11.5,0.0,6.0,4.1,1.6,34.9,0.0,0.0,41.8
2023-10-17T18:00Z,5,138,40.7,0.0,22.5,0.0,0.0,0.5,0.0,0.0,36.2
2023-10-17T18:00Z,6,34,0.3,0.0,7.5,19.2,0.9,8.0,0.0,0.1,63.9
2023-10-17T18:00Z,7,255,0.0,0.0,64.7,0.0,0.0,0.0,0.0,0.0,35.3
2023-10-17T18:00Z,8,88,3.9,1.5,17.0,7.1,1.0,17.1,0.0,0.3,52.1
2023-10-17T18:00Z,9,227,14.8,7.0,36.5,0.0,0.0,0.3,0.0,0.3,41.1
2023-10-17T18:00Z,10,16,0.3,0.1,3.8,0.0,0.0,23.2,0.0,0.4,72.3
2023-10-17T18:00Z,11,321,0.0,0.0,81.4,0.0,0.0,0.0,0.0,0.0,18.6
2023-10-17T18:00Z,12,228,2.9,1.2,49.7,0.2,32.6,0.3,0.0,0.6,12.4
2023-10-17T18:00Z,13,109,0.4,0.2,25.3,0.8,14.2,11.0,0.0,0.3,47.8
2023-10-17T18:00Z,14,174,0.0,0.0,40.9,1.7,24.0,1.6,0.0,0.3,31.5
2023-10-17T18:00Z,15,123,7.5,1.1,25.1,2.2,6.8,12.9,0.0,0.2,44.2
2023-10-17T18:00Z,16,57,1.1,0.0,10.7,12.8,2.9,9.3,0.0,0.0,63.3
2023-10-17T18:00Z,17,101,0.2,0.0,24.6,17.6,0.8,2.1,0.0,0.0,54.9
2023-10-17T18:00Z,18,114,6.3,0.9,23.5,4.4,6.0,11.7,0.0,0.2,47.0
2023-10-17T18:30Z,1,76,0.0,0.0,19.3,28.3,0.0,0.0,0.0,0.0,52.4
2023-10-17T18:30Z,2,53,1.0,0.0,7.3,7.6,5.1,11.3,0.0,0.0,67.7
2023-10-17T18:30Z,3,11,0.2,0.0,1.4,1.4,1.0,37.4,0.0,0.0,58.6
2023-10-17T18:30Z,4,40,7.8,0.0,4.4,3.9,2.8,35.4,0.0,0.0,45.7
2023-10-17T18:30Z,5,121,42.1,0.0,17.8,0.0,0.0,1.1,0.0,0.0,38.9
2023-10-17T18:30Z,6,37,0.2,0.0,6.4,17.3,2.6,8.2,0.0,0.0,65.4
2023-10-17T18:30Z,7,246,0.0,0.0,62.5,0.0,0.0,0.8,0.0,0.0,36.7
2023-10-17T18:30Z,8,69,3.7,1.3,11.7,6.5,1.7,17.9,0.0,0.0,57.3
2023-10-17T18:30Z,9,181,19.4,6.3,25.0,0.0,0.0,0.6,0.0,0.0,48.6
2023-10-17T18:30Z,10,13,0.0,0.1,3.2,0.0,0.0,23.2,0.0,0.0,73.5
2023-10-17T18:30Z,11,326,0.0,0.0,82.8,0.0,0.0,0.0,0.0,0.0,17.2
2023-10-17T18:30Z,12,225,3.0,1.2,48.9,0.2,33.4,0.9,0.0,0.0,12.4
2023-10-17T18:30Z,13,107,0.3,0.2,24.7,0.7,15.2,11.6,0.0,0.0,47.4
2023-10-17T18:30Z,14,169,0.0,0.0,39.6,1.5,25.3,2.1,0.0,0.0,31.5
2023-10-17T18:30Z,15,114,7.8,1.0,22.7,1.9,7.3,13.1,0.0,0.0,46.2
2023-10-17T18:30Z,16,59,1.0,0.0,9.8,11.5,4.1,9.6,0.0,0.0,63.9
2023-10-17T18:30Z,17,89,0.2,0.0,19.9,15.9,2.3,2.2,0.0,0.0,59.5
2023-10-17T18:30Z,18,107,6.6,0.8,21.2,3.9,6.6,12.0,0.0,0.0,48.9
2023-10-17T19:00Z,1,138,0.0,0.0,35.0,14.2,0.0,0.0,0.0,0.0,50.8
2023-10-17T19:00Z,2,70,0.9,0.0,13.2,4.7,3.8,10.2,0.0,0.2,67.0
2023-10-17T19:00Z,3,18,0.2,0.0,3.4,1.2,1.0,34.4,0.0,0.1,59.5
2023-10-17T19:00Z,4,52,6.4,0.0,8.5,3.1,2.4,31.1,0.0,0.4,48.0
2023-10-17T19:00Z,5,100,40.0,0.0,13.0,0.3,0.2,4.2,0.0,0.2,42.1
2023-10-17T19:00Z,6,41,0.2,0.0,8.3,9.4,1.7,8.4,0.0,0.2,71.8
2023-10-17T19:00Z,7,220,0.0,0.0,55.8,0.2,0.0,3.2,0.0,0.6,40.2
2023-10-17T19:00Z,8,47,3.3,0.6,8.3,4.5,1.1,19.0,0.0,0.3,62.9
2023-10-17T19:00Z,9,139,22.5,4.8,16.7,0.1,0.1,2.5,0.0,0.1,53.0
2023-10-17T19:00Z,10,8,0.6,0.2,1.3,0.0,0.0,22.8,0.0,0.0,75.1
2023-10-17T19:00Z,11,316,0.0,0.0,80.1,0.0,0.0,0.2,0.0,0.8,18.9
2023-10-17T19:00Z,12,194,4.4,1.1,40.8,0.5,32.1,2.9,0.0,0.2,17.9
2023-10-17T19:00Z,13,81,0.8,0.2,17.5,0.5,15.7,13.2,0.0,0.1,52.0
2023-10-17T19:00Z,14,131,0.1,0.0,29.3,1.0,28.6,3.4,0.0,0.2,37.5
2023-10-17T19:00Z,15,99,8.2,0.8,19.4,1.3,7.4,13.7,0.0,0.1,49.2
2023-10-17T19:00Z,16,52,1.1,0.0,8.8,6.3,3.6,9.8,0.0,0.0,70.4
2023-10-17T19:00Z,17,104,0.2,0.0,24.7,8.9,1.3,2.3,0.0,0.0,62.5
2023-10-17T19:00Z,18,95,7.0,0.7,18.7,2.3,6.6,12.5,0.0,0.1,52.1
2023-10-17T19:30Z,1,127,0.0,0.0,32.3,14.0,0.0,0.0,0.0,0.0,53.7
2023-10-17T19:30Z,2,72,0.9,0.0,12.0,4.5,5.1,10.2,0.0,0.0,67.3
2023-10-17T19:30Z,3,20,0.3,0.0,3.3,1.2,1.4,34.9,0.0,0.0,59.0
2023-10-17T19:30Z,4,54,6.4,0.0,7.9,2.9,3.4,30.4,0.0,0.0,49.0
2023-10-17T19:30Z,5,99,38.3,0.0,13.2,0.3,0.3,4.6,0.0,0.0,43.3
2023-10-17T19:30Z,6,56,0.2,0.0,7.7,8.8,5.5,8.6,0.0,0.0,69.3
2023-10-17T19:30Z,7,164,0.4,0.1,40.9,0.6,0.4,4.6,0.0,0.0,53.0
2023-10-17T19:30Z,8,48,2.8,0.6,6.5,4.2,3.1,19.4,0.0,0.0,63.5
2023-10-17T19:30Z,9,132,23.3,5.0,14.3,0.2,0.2,2.8,0.0,0.0,54.2
2023-10-17T19:30Z,10,12,1.3,0.2,2.0,0.0,0.0,23.0,0.0,0.0,73.4
2023-10-17T19:30Z,11,295,0.2,0.1,74.6,0.0,1.0,0.4,0.0,0.0,23.8
2023-10-17T19:30Z,12,159,6.4,1.2,30.6,0.5,32.4,3.9,0.0,0.0,25.0
2023-10-17T19:30Z,13,53,1.5,0.3,10.1,0.4,15.6,14.1,0.0,0.0,58.0
2023-10-17T19:30Z,14,78,0.2,0.0,15.1,1.0,32.5,4.3,0.0,0.0,46.7
2023-10-17T19:30Z,15,87,8.4,0.8,15.7,1.2,8.0,14.1,0.0,0.0,51.7
2023-10-17T19:30Z,16,51,1.1,0.0,7.0,6.2,4.9,9.8,0.0,0.0,71.1
2023-10-17T19:30Z,17,92,0.3,0.0,17.2,8.5,5.2,2.4,0.0,0.0,66.5
2023-10-17T19:30Z,18,84,7.2,0.7,14.9,2.2,7.5,13.0,0.0,0.0,54.5
2023-10-17T20:00Z,1,0,0.0,0.0,0.0,17.0,0.0,0.0,0.0,0.0,83.0
2023-10-17T20:00Z,2,31,1.2,0.0,1.8,3.5,4.9,11.3,0.0,0.0,77.2
2023-10-17T20:00Z,3,7,0.3,0.0,0.4,0.8,1.1,36.6,0.0,0.0,60.8
2023-10-17T20:00Z,4,28,8.9,0.0,1.0,2.0,2.9,31.9,0.0,1.3,52.0
2023-10-17T20:00Z,5,94,39.1,0.0,11.7,0.2,0.2,4.7,0.0,0.1,44.0
2023-10-17T20:00Z,6,59,0.3,0.0,5.4,6.0,8.1,8.3,0.0,0.0,71.8
2023-10-17T20:00Z,7,105,0.9,0.2,24.6,1.0,1.1,7.0,0.0,1.6,63.5
2023-10-17T20:00Z,8,43,3.4,0.6,3.8,2.9,4.0,19.9,0.0,0.0,65.5
2023-10-17T20:00Z,9,116,24.0,5.1,10.1,0.1,0.1,3.0,0.0,0.2,57.5
2023-10-17T20:00Z,10,8,0.4,0.2,1.5,0.0,0.0,23.2,0.0,0.1,74.5
2023-10-17T20:00Z,11,307,0.0,0.0,77.9,0.0,0.0,0.2,0.0,0.2,21.7
2023-10-17T20:00Z,12,169,5.6,1.5,32.5,0.5,34.2,5.1,0.0,0.1,20.5
2023-10-17T20:00Z,13,51,0.9,0.3,9.9,0.4,15.5,15.3,0.0,0.1,57.7
2023-10-17T20:00Z,14,76,0.1,0.1,14.8,0.9,31.8,5.4,0.0,0.1,46.9
2023-10-17T20:00Z,15,73,8.8,0.9,11.6,1.1,8.3,14.9,0.0,0.3,54.1
2023-10-17T20:00Z,16,44,1.2,0.0,6.2,5.0,4.0,9.2,0.0,0.1,74.3
2023-10-17T20:00Z,17,91,0.3,0.0,14.2,6.2,7.6,2.4,0.0,0.0,69.2
2023-10-17T20:00Z,18,71,7.5,0.7,11.2,1.8,7.8,13.5,0.0,0.2,57.2
2023-10-17T20:30Z,1,0,0.0,0.0,0.0,16.2,0.0,0.0,0.0,0.0,83.8
2023-10-17T20:30Z,2,37,1.6,0.0,1.5,3.4,6.5,11.1,0.0,0.0,76.0
2023-10-17T20:30Z,3,9,0.4,0.0,0.3,0.8,1.5,36.9,0.0,0.0,60.0
2023-10-17T20:30Z,4,35,11.6,0.0,0.9,1.9,3.8,31.3,0.0,0.0,50.5
2023-10-17T20:30Z,5,85,37.4,0.0,9.6,0.2,0.4,5.7,0.0,0.0,46.7
2023-10-17T20:30Z,6,72,0.4,0.0,4.3,5.7,11.9,8.3,0.0,0.0,69.4
2023-10-17T20:30Z,7,60,1.2,0.2,11.4,1.0,2.6,7.6,0.0,0.0,76.0
2023-10-17T20:30Z,8,48,2.8,0.6,3.1,2.9,5.9,21.1,0.0,0.0,63.6
2023-10-17T20:30Z,9,119,23.4,5.2,10.4,0.1,0.3,3.6,0.0,0.0,57.1
2023-10-17T20:30Z,10,13,1.6,0.3,2.0,0.0,0.0,23.7,0.0,0.0,72.4
2023-10-17T20:30Z,11,296,0.2,0.0,74.8,0.0,0.6,0.3,0.0,0.0,23.9
2023-10-17T20:30Z,12,156,8.4,1.6,29.1,0.6,20.2,5.9,0.0,0.0,34.2
2023-10-17T20:30Z,13,45,2.0,0.4,8.5,0.4,8.9,15.9,0.0,0.0,64.0
2023-10-17T20:30Z,14,65,0.4,0.1,13.2,0.9,21.8,5.9,0.0,0.0,57.7
2023-10-17T20:30Z,15,70,9.0,0.9,10.4,1.1,6.1,15.4,0.0,0.0,57.1
2023-10-17T20:30Z,16,47,1.3,0.0,5.3,4.8,5.4,9.2,0.0,0.0,74.0
2023-10-17T20:30Z,17,92,0.3,0.0,9.8,6.5,11.6,2.7,0.0,0.0,69.0
2023-10-17T20:30Z,18,69,7.7,0.8,9.8,1.8,6.3,14.0,0.0,0.0,59.6
2023-10-17T21:00Z,1,0,0.0,0.0,0.0,15.0,0.0,0.0,0.0,0.0,85.0
2023-10-17T21:00Z,2,39,1.5,0.0,1.4,3.1,6.9,10.9,0.0,0.0,76.3
2023-10-17T21:00Z,3,10,0.5,0.0,0.3,0.8,1.7,36.7,0.0,0.0,59.9
2023-10-17T21:00Z,4,33,10.8,0.0,0.8,2.0,3.8,33.2,0.0,1.0,48.5
2023-10-17T21:00Z,5,81,33.2,0.0,9.7,0.3,0.6,6.6,0.0,0.1,49.5
2023-10-17T21:00Z,6,65,0.4,0.0,4.1,5.0,10.5,9.0,0.0,0.0,71.0
2023-10-17T21:00Z,7,52,0.8,0.2,10.2,1.1,2.0,8.2,0.0,1.7,75.8
2023-10-17T21:00Z,8,43,2.1,0.4,2.9,2.7,5.5,21.8,0.0,0.4,64.2
2023-10-17T21:00Z,9,119,20.7,5.1,11.5,0.2,0.4,4.0,0.0,0.1,58.1
2023-10-17T21:00Z,10,14,1.9,0.4,1.8,0.0,0.0,23.2,0.0,0.1,72.4
2023-10-17T21:00Z,11,292,0.4,0.1,73.6,0.0,0.9,0.4,0.0,0.0,24.5
2023-10-17T21:00Z,12,153,7.4,1.9,28.0,0.8,19.0,6.5,0.0,0.3,36.2
2023-10-17T21:00Z,13,46,2.2,0.5,8.5,0.4,8.9,16.2,0.0,0.2,63.2
2023-10-17T21:00Z,14,65,0.5,0.1,13.1,0.9,21.6,6.3,0.0,0.1,57.4
2023-10-17T21:00Z,15,68,8.0,1.0,10.4,1.1,6.0,15.9,0.0,0.0,57.7
2023-10-17T21:00Z,16,47,1.2,0.0,4.9,4.5,5.7,9.4,0.0,0.0,74.3
2023-10-17T21:00Z,17,82,0.4,0.0,8.9,5.8,10.2,2.9,0.0,0.1,71.7
2023-10-17T21:00Z,18,67,6.8,0.8,9.7,1.7,6.2,14.4,0.0,0.0,60.3
2023-10-17T21:30Z,1,0,0.0,0.0,0.0,14.4,0.0,0.0,0.0,0.0,85.6
2023-10-17T21:30Z,2,33,1.1,0.0,1.4,3.3,5.8,11.9,0.0,0.0,76.6
2023-10-17T21:30Z,3,9,0.4,0.0,0.4,0.8,1.5,37.8,0.0,0.0,59.1
2023-10-17T21:30Z,4,29,7.8,0.0,0.9,1.9,3.5,33.3,0.0,0.0,52.7
2023-10-17T21:30Z,5,73,26.9,0.0,9.6,0.4,0.7,7.6,0.0,0.0,54.8
2023-10-17T21:30Z,6,50,0.3,0.0,4.5,5.6,7.0,10.1,0.0,0.0,72.4
2023-10-17T21:30Z,7,73,0.5,0.1,16.4,0.9,1.5,7.7,0.0,0.0,72.9
2023-10-17T21:30Z,8,36,1.4,0.4,3.2,2.8,4.0,22.5,0.0,0.0,65.7
2023-10-17T21:30Z,9,122,16.2,5.3,13.0,0.2,0.4,4.6,0.0,0.0,60.2
2023-10-17T21:30Z,10,15,1.6,0.5,2.0,0.0,0.0,24.7,0.0,0.0,71.1
2023-10-17T21:30Z,11,265,0.7,0.2,66.3,0.1,1.5,0.7,0.0,0.0,30.5
2023-10-17T21:30Z,12,151,6.3,1.9,28.7,0.9,12.9,7.2,0.0,0.0,42.0
2023-10-17T21:30Z,13,46,1.9,0.6,8.9,0.4,4.8,17.4,0.0,0.0,66.0
2023-10-17T21:30Z,14,71,0.6,0.2,15.9,0.9,12.3,7.0,0.0,0.0,63.2
2023-10-17T21:30Z,15,67,6.3,1.0,10.9,1.1,4.0,16.8,0.0,0.0,59.9
2023-10-17T21:30Z,16,44,1.0,0.0,5.2,4.6,4.8,9.9,0.0,0.0,74.6
2023-10-17T21:30Z,17,70,0.3,0.0,9.6,5.9,6.9,3.1,0.0,0.0,74.2
2023-10-17T21:30Z,18,64,5.4,0.8,10.2,1.8,4.3,15.2,0.0,0.0,62.3
2023-10-17T22:00Z,1,0,0.0,0.0,0.0,14.2,0.0,0.0,0.0,0.0,85.8
2023-10-17T22:00Z,2,37,0.8,0.0,1.5,3.2,6.6,11.3,0.0,0.1,76.6
2023-10-17T22:00Z,3,10,0.3,0.0,0.4,0.9,1.7,38.6,0.0,0.0,58.0
2023-10-17T22:00Z,4,29,6.2,0.0,0.9,2.1,4.0,33.1,0.0,0.1,53.6
2023-10-17T22:00Z,5,71,19.6,0.0,10.9,0.5,0.9,9.0,0.0,0.0,59.1
2023-10-17T22:00Z,6,35,0.3,0.0,5.0,5.4,3.3,9.9,0.0,0.0,76.1
2023-10-17T22:00Z,7,81,0.3,0.1,19.4,1.0,0.7,7.8,0.0,0.1,70.5
2023-10-17T22:00Z,8,28,0.9,0.3,3.2,3.0,2.4,23.5,0.0,0.0,66.6
2023-10-17T22:00Z,9,123,11.6,5.6,13.7,0.3,0.5,5.3,0.0,0.1,62.9
2023-10-17T22:00Z,10,14,1.1,0.6,1.7,0.0,0.1,24.8,0.0,0.0,71.7
2023-10-17T22:00Z,11,260,0.5,0.3,64.8,0.1,1.3,1.3,0.0,0.2,31.6
2023-10-17T22:00Z,12,151,4.3,2.1,29.3,1.0,12.3,8.7,0.0,0.0,42.2
2023-10-17T22:00Z,13,48,1.3,0.7,9.4,0.4,4.6,18.5,0.0,0.0,65.2
2023-10-17T22:00Z,14,76,0.4,0.2,17.2,1.0,11.1,8.2,0.0,0.0,61.9
2023-10-17T22:00Z,15,66,4.5,1.1,11.4,1.2,3.7,17.6,0.0,0.0,60.4
2023-10-17T22:00Z,16,47,0.7,0.0,5.3,4.5,5.5,9.2,0.0,0.0,74.8
2023-10-17T22:00Z,17,51,0.3,0.0,8.9,5.8,3.3,3.2,0.0,0.0,78.5
2023-10-17T22:00Z,18,63,3.8,0.9,10.6,1.8,3.9,15.8,0.0,0.0,63.2
2023-10-17T22:30Z,1,0,0.0,0.0,0.0,14.3,0.0,0.0,0.0,0.0,85.7
2023-10-17T22:30Z,2,38,1.1,0.0,1.6,3.4,6.6,11.4,0.0,0.0,75.9
2023-10-17T22:30Z,3,11,0.4,0.0,0.5,0.9,1.9,37.5,0.0,0.0,58.8
2023-10-17T22:30Z,4,32,7.2,0.0,1.0,2.1,4.1,31.7,0.0,0.0,53.9
2023-10-17T22:30Z,5,72,18.4,0.0,11.5,0.5,1.0,9.9,0.0,0.0,58.7
2023-10-17T22:30Z,6,43,0.4,0.0,5.5,5.8,4.5,10.2,0.0,0.0,73.7
2023-10-17T22:30Z,7,78,0.3,0.1,18.3,0.9,1.0,7.4,0.0,0.0,72.0
2023-10-17T22:30Z,8,32,0.9,0.3,3.6,3.1,3.0,23.3,0.0,0.0,65.8
2023-10-17T22:30Z,9,131,10.9,5.6,16.0,0.3,0.6,5.8,0.0,0.0,60.8
2023-10-17T22:30Z,10,20,1.2,0.6,3.1,0.0,0.1,25.9,0.0,0.0,69.1
2023-10-17T22:30Z,11,240,0.8,0.4,59.3,0.2,1.7,1.9,0.0,0.0,35.7
2023-10-17T22:30Z,12,148,4.3,2.1,28.7,1.1,9.1,9.7,0.0,0.0,45.0
2023-10-17T22:30Z,13,53,1.5,0.7,10.9,0.4,1.3,18.9,0.0,0.0,66.3
2023-10-17T22:30Z,14,92,0.6,0.3,22.4,1.0,0.4,8.4,0.0,0.0,66.8
2023-10-17T22:30Z,15,69,4.5,1.1,12.2,1.2,2.3,17.8,0.0,0.0,61.0
2023-10-17T22:30Z,16,51,0.8,0.0,6.4,4.6,5.5,9.3,0.0,0.0,73.4
2023-10-17T22:30Z,17,61,0.3,0.0,10.3,6.2,4.4,3.5,0.0,0.0,75.2
2023-10-17T22:30Z,18,67,3.8,0.9,11.4,1.9,2.7,16.0,0.0,0.0,63.2
2023-10-17T23:00Z,1,0,0.0,0.0,0.0,13.2,0.0,0.0,0.0,0.0,86.8
2023-10-17T23:00Z,2,38,1.0,0.0,1.6,3.3,6.6,11.0,0.0,0.0,76.4
2023-10-17T23:00Z,3,11,0.5,0.0,0.5,1.0,1.9,37.1,0.0,0.0,59.0
2023-10-17T23:00Z,4,32,7.3,0.0,1.0,2.1,4.1,31.4,0.0,0.1,53.9
2023-10-17T23:00Z,5,72,18.1,0.0,11.5,0.5,1.0,10.4,0.0,0.0,58.3
2023-10-17T23:00Z,6,37,0.4,0.0,5.7,5.5,3.1,10.1,0.0,0.0,75.2
2023-10-17T23:00Z,7,80,0.2,0.1,19.4,0.9,0.7,7.4,0.0,0.2,71.1
2023-10-17T23:00Z,8,28,0.9,0.2,3.6,3.1,2.4,23.4,0.0,0.0,66.4
2023-10-17T23:00Z,9,130,10.8,5.6,15.8,0.3,0.6,6.3,0.0,0.0,60.5
2023-10-17T23:00Z,10,17,1.4,0.7,2.2,0.0,0.1,25.1,0.0,0.0,70.5
2023-10-17T23:00Z,11,217,1.2,0.6,52.7,0.3,2.4,2.4,0.0,0.0,40.4
2023-10-17T23:00Z,12,145,4.3,2.2,28.1,1.3,8.2,10.6,0.0,0.0,45.4
2023-10-17T23:00Z,13,53,1.6,0.8,10.7,0.4,1.2,19.2,0.0,0.0,66.1
2023-10-17T23:00Z,14,95,0.7,0.3,23.1,1.0,0.4,8.8,0.0,0.0,65.6
2023-10-17T23:00Z,15,68,4.5,1.1,11.8,1.3,2.1,17.9,0.0,0.0,61.4
2023-10-17T23:00Z,16,50,0.8,0.0,6.2,4.5,5.4,9.3,0.0,0.0,73.8
2023-10-17T23:00Z,17,56,0.3,0.0,10.5,5.9,3.1,3.5,0.0,0.0,76.7
2023-10-17T23:00Z,18,65,3.8,0.9,11.1,1.9,2.5,16.0,0.0,0.0,63.7
2023-10-17T23:30Z,1,0,0.0,0.0,0.0,12.8,0.0,0.0,0.0,0.0,87.2
2023-10-17T23:30Z,2,36,1.0,0.0,1.6,3.2,6.3,10.6,0.0,0.0,77.4
2023-10-17T23:30Z,3,11,0.4,0.0,0.5,1.0,1.9,36.2,0.0,0.0,60.0
2023-10-17T23:30Z,4,31,7.0,0.0,1.0,2.0,4.0,30.2,0.0,0.0,55.8
2023-10-17T23:30Z,5,70,17.5,0.0,11.2,0.5,1.1,10.5,0.0,0.0,59.2
2023-10-17T23:30Z,6,39,0.3,0.0,4.9,5.6,4.1,10.5,0.0,0.0,74.6
2023-10-17T23:30Z,7,87,0.2,0.1,20.9,0.9,0.8,6.5,0.0,0.0,70.6
2023-10-17T23:30Z,8,28,0.7,0.2,3.0,3.1,2.9,23.4,0.0,0.0,66.8
2023-10-17T23:30Z,9,126,10.7,5.3,15.4,0.3,0.7,6.3,0.0,0.0,61.3
2023-10-17T23:30Z,10,17,1.5,0.7,2.1,0.0,0.1,24.6,0.0,0.0,71.0
2023-10-17T23:30Z,11,211,1.4,0.7,51.0,0.4,0.9,2.9,0.0,0.0,42.8
2023-10-17T23:30Z,12,137,4.6,2.1,26.6,1.3,2.9,10.6,0.0,0.0,51.9
2023-10-17T23:30Z,13,48,1.6,0.8,9.6,0.4,0.4,18.8,0.0,0.0,68.4
2023-10-17T23:30Z,14,87,0.6,0.3,21.0,1.0,0.1,9.4,0.0,0.0,67.6
2023-10-17T23:30Z,15,65,4.4,1.1,11.3,1.2,1.4,17.6,0.0,0.0,63.0
2023-10-17T23:30Z,16,48,0.8,0.0,5.9,4.2,5.2,8.8,0.0,0.0,75.1
2023-10-17T23:30Z,17,58,0.3,0.0,10.1,6.0,4.0,3.5,0.0,0.0,76.1
2023-10-17T23:30Z,18,63,3.8,0.9,10.7,1.9,1.9,15.8,0.0,0.0,65.1
2023-10-18T00:00Z,1,0,0.0,0.0,0.0,12.4,0.0,0.0,0.0,0.0,87.6
2023-10-18T00:00Z,2,36,1.0,0.0,1.6,3.2,6.3,10.5,0.0,0.0,77.5
2023-10-18T00:00Z,3,11,0.4,0.0,0.5,1.0,1.9,36.0,0.0,0.0,60.2
2023-10-18T00:00Z,4,31,7.0,0.0,1.0,2.1,4.1,29.7,0.0,0.0,56.2
2023-10-18T00:00Z,5,70,17.5,0.0,11.2,0.5,1.1,10.6,0.0,0.0,59.2
2023-10-18T00:00Z,6,39,0.3,0.0,4.9,5.5,4.1,10.2,0.0,0.0,74.9
2023-10-18T00:00Z,7,87,0.2,0.0,21.0,0.8,0.8,6.3,0.0,0.0,70.8
2023-10-18T00:00Z,8,27,0.7,0.1,3.0,3.1,2.9,23.0,0.0,0.0,67.1
2023-10-18T00:00Z,9,124,10.7,5.1,15.4,0.3,0.7,6.4,0.0,0.0,61.4
2023-10-18T00:00Z,10,17,1.5,0.7,2.1,0.0,0.1,24.4,0.0,0.0,71.1
2023-10-18T00:00Z,11,210,1.4,0.7,50.7,0.4,0.9,3.3,0.0,0.0,42.5
2023-10-18T00:00Z,12,137,4.6,2.1,26.4,1.4,2.9,11.0,0.0,0.0,51.7
2023-10-18T00:00Z,13,48,1.6,0.8,9.6,0.4,0.4,18.8,0.0,0.0,68.4
2023-10-18T00:00Z,14,87,0.6,0.3,21.0,1.0,0.0,9.5,0.0,0.0,67.5
2023-10-18T00:00Z,15,66,4.4,1.1,11.3,1.2,1.4,17.5,0.0,0.0,63.0
2023-10-18T00:00Z,16,48,0.8,0.0,5.9,4.1,5.2,8.5,0.0,0.0,75.4
2023-10-18T00:00Z,17,59,0.3,0.0,10.1,5.8,4.0,3.5,0.0,0.0,76.3
2023-10-18T00:00Z,18,63,3.8,0.9,10.7,1.8,1.9,15.7,0.0,0.0,65.2
2023-10-18T00:30Z,1,0,0.0,0.0,0.0,12.1,0.0,0.0,0.0,0.0,87.9
2023-10-18T00:30Z,2,35,1.0,0.0,1.6,3.2,6.2,10.0,0.0,0.0,78.1
2023-10-18T00:30Z,3,11,0.4,0.0,0.5,1.0,1.9,36.2,0.0,0.0,60.1
2023-10-18T00:30Z,4,31,7.0,0.0,1.0,2.0,4.0,29.5,0.0,0.0,56.6
2023-10-18T00:30Z,5,69,19.1,0.0,10.6,0.5,1.0,10.5,0.0,0.0,58.2
2023-10-18T00:30Z,6,41,0.3,0.0,5.4,5.6,4.2,10.2,0.0,0.0,74.3
2023-10-18T00:30Z,7,106,0.1,0.0,26.0,0.8,0.6,6.1,0.0,0.0,66.3
2023-10-18T00:30Z,8,28,0.7,0.1,3.2,3.1,3.0,22.5,0.0,0.0,67.4
2023-10-18T00:30Z,9,122,11.8,4.9,15.1,0.3,0.6,6.5,0.0,0.0,60.9
2023-10-18T00:30Z,10,17,1.7,0.7,2.2,0.0,0.1,24.1,0.0,0.0,71.2
2023-10-18T00:30Z,11,204,1.7,0.6,49.0,0.5,1.1,3.6,0.0,0.0,43.4
2023-10-18T00:30Z,12,130,5.0,2.0,24.8,1.4,3.4,11.3,0.0,0.0,52.1
2023-10-18T00:30Z,13,47,1.9,0.7,9.2,0.4,0.5,19.1,0.0,0.0,68.1
2023-10-18T00:30Z,14,85,0.7,0.3,20.5,1.0,0.1,9.3,0.0,0.0,68.1
2023-10-18T00:30Z,15,66,4.6,1.1,11.4,1.2,1.4,17.3,0.0,0.0,63.0
2023-10-18T00:30Z,16,47,0.8,0.0,5.8,4.1,5.1,8.6,0.0,0.0,75.6
2023-10-18T00:30Z,17,61,0.3,0.0,10.8,5.7,4.0,3.5,0.0,0.0,75.6
2023-10-18T00:30Z,18,63,4.0,0.9,10.8,1.8,1.9,15.6,0.0,0.0,65.0
2023-10-18T01:00Z,1,0,0.0,0.0,0.0,11.8,0.0,0.0,0.0,0.0,88.2
2023-10-18T01:00Z,2,35,0.9,0.0,1.5,3.1,6.1,9.7,0.0,0.0,78.6
2023-10-18T01:00Z,3,10,0.4,0.0,0.5,0.9,1.8,36.4,0.0,0.0,60.0
2023-10-18T01:00Z,4,30,6.9,0.0,1.0,2.0,3.9,29.5,0.0,0.0,56.7
2023-10-18T01:00Z,5,69,18.8,0.0,10.5,0.5,1.0,10.5,0.0,0.0,58.6
2023-10-18T01:00Z,6,42,0.3,0.0,5.4,5.6,4.4,10.0,0.0,0.0,74.2
2023-10-18T01:00Z,7,85,0.2,0.0,20.5,0.8,0.9,6.3,0.0,0.0,71.3
2023-10-18T01:00Z,8,28,0.6,0.1,3.1,3.2,3.0,23.1,0.0,0.0,66.8
2023-10-18T01:00Z,9,116,11.6,4.7,14.1,0.3,0.6,6.5,0.0,0.0,62.1
2023-10-18T01:00Z,10,15,1.5,0.6,1.8,0.0,0.1,24.7,0.0,0.0,71.3
2023-10-18T01:00Z,11,207,1.6,0.6,49.9,0.5,1.3,3.8,0.0,0.0,42.4
2023-10-18T01:00Z,12,133,4.7,1.9,26.0,1.4,3.8,11.7,0.0,0.0,50.7
2023-10-18T01:00Z,13,46,1.6,0.7,9.2,0.4,0.5,19.7,0.0,0.0,67.9
2023-10-18T01:00Z,14,87,0.6,0.3,21.1,1.1,0.2,9.7,0.0,0.0,67.1
2023-10-18T01:00Z,15,68,4.4,1.1,11.9,1.2,1.4,17.5,0.0,0.0,62.5
2023-10-18T01:00Z,16,47,0.7,0.0,5.8,4.1,5.0,8.5,0.0,0.0,75.8
2023-10-18T01:00Z,17,63,0.3,0.0,10.8,5.6,4.4,3.5,0.0,0.0,75.4
2023-10-18T01:00Z,18,63,3.7,0.9,11.2,1.8,2.0,15.6,0.0,0.0,64.7
