from,regions.regionid,regions.intensity.forecast,biomass,coal,gas,hydro,imports,nuclear,other,solar,wind
2023-09-30T04:30Z,1,0,0.0,0.0,0.0,39.4,0.0,0.0,0.0,0.0,60.6
2023-09-30T04:30Z,2,17,2.8,0.0,3.4,10.7,4.0,44.7,0.0,0.0,34.5
2023-09-30T04:30Z,3,28,2.7,0.0,6.3,1.4,16.0,66.0,0.0,0.0,7.6
2023-09-30T04:30Z,4,2,0.2,0.0,0.0,0.0,72.0,26.4,0.0,0.0,1.4
2023-09-30T04:30Z,5,215,38.3,0.0,42.8,0.0,8.0,2.8,0.0,0.0,8.2
2023-09-30T04:30Z,6,50,2.1,0.0,12.1,7.8,8.8,43.4,0.0,0.0,25.8
2023-09-30T04:30Z,7,343,1.4,0.3,85.8,0.3,2.2,2.9,0.0,0.0,7.1
2023-09-30T04:30Z,8,165,7.2,2.8,32.6,1.9,11.8,33.7,0.0,0.0,9.9
2023-09-30T04:30Z,9,352,15.4,7.3,67.4,0.0,3.2,1.0,0.0,0.0,5.7
2023-09-30T04:30Z,10,206,2.6,1.3,48.2,0.1,2.0,38.6,0.0,0.0,7.2
2023-09-30T04:30Z,11,360,0.4,0.2,90.2,0.0,4.3,0.0,0.0,0.0,4.8
2023-09-30T04:30Z,12,255,3.3,1.6,54.7,0.3,38.3,0.2,0.0,0.0,1.5
2023-09-30T04:30Z,13,231,1.2,0.6,53.4,1.4,26.7,13.0,0.0,0.0,3.8
2023-09-30T04:30Z,14,243,0.0,0.0,56.3,2.4,39.1,0.0,0.0,0.0,2.1
2023-09-30T04:30Z,15,203,7.9,1.7,43.6,1.0,19.0,21.4,0.0,0.0,5.4
2023-09-30T04:30Z,16,10,2.1,0.0,1.8,18.7,0.0,32.0,0.0,0.0,45.4
2023-09-30T04:30Z,17,230,0.7,0.0,58.2,10.4,0.4,5.3,0.0,0.0,25.1
2023-09-30T04:30Z,18,179,6.7,1.4,38.9,4.0,15.1,21.7,0.0,0.0,12.2
2023-09-30T05:00Z,1,0,0.0,0.0,0.0,43.7,0.0,0.0,0.0,0.0,56.3
2023-09-30T05:00Z,2,17,2.8,0.0,3.5,10.9,5.0,46.5,0.0,0.0,31.4
2023-09-30T05:00Z,3,31,3.0,0.0,6.7,1.2,16.2,65.9,0.0,0.0,6.9
2023-09-30T05:00Z,4,2,0.1,0.0,0.0,0.0,71.7,26.9,0.0,0.0,1.3
2023-09-30T05:00Z,5,236,34.8,0.0,49.1,0.0,6.7,2.4,0.0,0.0,6.9
2023-09-30T05:00Z,6,58,2.1,0.0,14.0,9.7,8.8,41.6,0.0,0.1,23.8
2023-09-30T05:00Z,7,363,0.5,0.1,91.6,0.1,0.8,0.8,0.0,0.0,6.1
2023-09-30T05:00Z,8,190,6.9,4.7,34.6,2.1,11.1,31.5,0.0,0.1,9.0
2023-09-30T05:00Z,9,390,13.1,11.7,67.2,0.0,2.5,0.8,0.0,0.1,4.6
2023-09-30T05:00Z,10,216,2.6,2.2,48.8,0.1,1.8,37.7,0.0,0.2,6.6
2023-09-30T05:00Z,11,356,0.4,0.4,88.6,0.1,5.0,0.0,0.0,0.4,5.1
2023-09-30T05:00Z,12,260,3.2,2.5,54.0,0.4,38.2,0.2,0.0,0.1,1.5
2023-09-30T05:00Z,13,238,1.2,1.0,54.2,1.6,26.0,12.2,0.0,0.1,3.6
2023-09-30T05:00Z,14,245,0.0,0.0,57.0,2.7,38.2,0.0,0.0,0.1,2.0
2023-09-30T05:00Z,15,215,7.4,2.8,44.2,1.2,18.4,20.6,0.0,0.1,5.3
2023-09-30T05:00Z,16,12,2.0,0.0,2.4,21.2,0.0,32.1,0.0,0.0,42.2
2023-09-30T05:00Z,17,275,0.3,0.0,69.7,9.4,0.0,3.1,0.0,0.0,17.6
2023-09-30T05:00Z,18,192,6.2,2.3,40.3,4.4,14.7,20.9,0.0,0.1,11.1
2023-09-30T05:30Z,1,0,0.0,0.0,0.0,49.8,0.0,0.0,0.0,0.0,50.2
2023-09-30T05:30Z,2,17,2.7,0.0,3.4,9.7,5.7,49.0,0.0,0.0,29.6
2023-09-30T05:30Z,3,33,3.0,0.0,7.5,0.9,16.0,66.0,0.0,0.0,6.6
2023-09-30T05:30Z,4,2,0.1,0.0,0.0,0.0,71.5,27.1,0.0,0.0,1.3
2023-09-30T05:30Z,5,236,35.6,0.0,48.9,0.0,6.7,2.2,0.0,0.0,6.5
2023-09-30T05:30Z,6,55,1.9,0.0,13.3,15.5,8.0,39.2,0.0,0.0,22.2
2023-09-30T05:30Z,7,362,0.4,0.2,91.4,0.1,0.7,0.8,0.0,0.0,6.5
2023-09-30T05:30Z,8,217,6.3,7.7,34.2,2.8,11.9,28.9,0.0,0.0,8.1
2023-09-30T05:30Z,9,430,11.8,17.7,63.5,0.0,2.2,0.6,0.0,0.0,4.1
2023-09-30T05:30Z,10,223,2.2,3.7,47.0,0.1,2.1,38.5,0.0,0.2,6.2
2023-09-30T05:30Z,11,348,0.4,0.8,85.2,0.1,8.0,0.0,0.0,0.0,5.6
2023-09-30T05:30Z,12,253,2.4,3.7,49.0,0.4,43.4,0.1,0.0,0.0,1.1
2023-09-30T05:30Z,13,238,1.0,1.6,52.6,2.0,27.5,12.0,0.0,0.1,3.2
2023-09-30T05:30Z,14,241,0.0,0.0,56.1,3.5,38.7,0.0,0.0,0.0,1.8
2023-09-30T05:30Z,15,223,7.1,4.4,42.4,1.2,19.4,20.3,0.0,0.0,5.1
2023-09-30T05:30Z,16,14,1.9,0.0,3.1,24.8,0.0,32.3,0.0,0.0,37.9
2023-09-30T05:30Z,17,263,0.2,0.0,66.6,13.5,0.0,2.2,0.0,0.0,17.5
2023-09-30T05:30Z,18,197,5.9,3.5,38.6,5.4,15.3,20.7,0.0,0.0,10.5
2023-09-30T06:00Z,1,0,0.0,0.0,0.0,53.3,0.0,0.5,0.0,0.0,46.2
2023-09-30T06:00Z,2,18,2.8,0.0,3.6,5.7,7.2,56.1,0.0,0.0,24.7
2023-09-30T06:00Z,3,33,3.3,0.0,7.1,0.4,15.9,67.5,0.0,0.0,5.8
2023-09-30T06:00Z,4,2,0.1,0.0,0.0,0.0,71.2,27.4,0.0,0.0,1.2
2023-09-30T06:00Z,5,239,36.2,0.0,49.7,0.0,6.4,2.0,0.0,0.0,5.7
2023-09-30T06:00Z,6,51,2.0,0.0,12.3,17.7,8.3,38.9,0.0,0.1,20.7
2023-09-30T06:00Z,7,370,0.0,0.1,93.7,0.0,0.0,0.2,0.0,0.1,6.0
2023-09-30T06:00Z,8,250,5.9,9.7,38.0,2.5,11.8,25.4,0.0,0.1,6.8
2023-09-30T06:00Z,9,458,9.6,20.6,64.4,0.0,1.7,0.4,0.0,0.0,3.2
2023-09-30T06:00Z,10,228,2.0,4.0,47.5,0.1,1.9,38.9,0.0,0.2,5.4
2023-09-30T06:00Z,11,340,0.4,0.6,83.5,0.1,9.0,0.0,0.0,0.3,6.2
2023-09-30T06:00Z,12,261,2.0,3.8,51.0,0.3,41.8,0.1,0.0,0.1,0.9
2023-09-30T06:00Z,13,246,0.9,1.8,54.0,1.9,28.0,10.3,0.0,0.1,2.8
2023-09-30T06:00Z,14,242,0.0,0.0,56.2,3.3,38.8,0.0,0.0,0.1,1.6
2023-09-30T06:00Z,15,233,6.7,5.0,43.5,0.9,19.5,20.1,0.0,0.1,4.2
2023-09-30T06:00Z,16,20,1.8,0.0,4.6,25.9,0.0,33.6,0.0,0.0,34.0
2023-09-30T06:00Z,17,260,0.2,0.0,65.9,15.0,0.0,1.2,0.0,0.1,17.7
2023-09-30T06:00Z,18,204,5.6,4.0,39.4,5.5,15.4,20.8,0.0,0.1,9.4
2023-09-30T06:30Z,1,0,0.0,0.0,0.0,55.0,0.0,2.0,0.0,0.0,43.0
2023-09-30T06:30Z,2,21,3.1,0.0,4.3,1.5,9.4,60.8,0.0,0.3,20.5
2023-09-30T06:30Z,3,45,3.9,0.0,10.2,0.1,14.7,66.2,0.0,0.2,4.8
2023-09-30T06:30Z,4,2,0.1,0.0,0.0,0.0,71.4,26.9,0.0,0.4,1.2
2023-09-30T06:30Z,5,243,37.8,0.0,50.1,0.0,5.1,1.6,0.0,0.6,4.8
2023-09-30T06:30Z,6,61,2.4,0.0,14.7,17.3,8.5,36.4,0.0,1.4,19.4
2023-09-30T06:30Z,7,363,0.1,0.1,91.9,0.0,0.2,0.2,0.0,1.0,6.5
2023-09-30T06:30Z,8,274,5.5,9.7,44.0,1.2,12.6,20.4,0.0,1.7,4.9
2023-09-30T06:30Z,9,462,8.0,20.3,66.5,0.0,1.1,0.2,0.0,1.3,2.6
2023-09-30T06:30Z,10,225,1.4,1.8,45.1,0.2,7.6,36.1,0.0,3.5,4.3
2023-09-30T06:30Z,11,337,0.1,0.2,84.9,0.0,2.3,0.0,0.0,7.0,5.6
2023-09-30T06:30Z,12,249,1.4,2.2,52.1,0.4,40.6,0.0,0.0,2.9,0.6
2023-09-30T06:30Z,13,248,0.6,0.8,55.0,1.5,28.6,8.6,0.0,2.5,2.3
2023-09-30T06:30Z,14,249,0.0,0.0,58.2,2.3,36.4,0.0,0.0,1.7,1.4
2023-09-30T06:30Z,15,238,6.5,4.3,44.5,0.6,20.0,18.7,0.0,2.0,3.3
2023-09-30T06:30Z,16,25,2.0,0.1,5.6,27.2,0.0,33.4,0.0,0.2,31.6
2023-09-30T06:30Z,17,282,0.0,0.0,71.6,10.9,0.0,0.2,0.0,1.0,16.2
2023-09-30T06:30Z,18,210,5.4,3.4,40.8,5.0,15.9,19.6,0.0,1.7,8.1
2023-09-30T07:00Z,1,0,0.1,0.0,0.1,55.1,0.2,4.3,0.0,0.0,40.2
2023-09-30T07:00Z,2,22,3.3,0.0,4.5,0.0,12.3,60.6,0.0,1.0,18.2
2023-09-30T07:00Z,3,61,4.7,0.0,14.0,0.0,13.1,62.6,0.0,0.6,5.0
2023-09-30T07:00Z,4,2,0.2,0.0,0.0,0.0,71.4,26.3,0.0,1.0,1.2
2023-09-30T07:00Z,5,230,43.2,0.0,45.1,0.0,4.0,1.1,0.0,1.8,4.9
2023-09-30T07:00Z,6,94,2.5,0.0,23.0,14.4,7.2,30.4,0.0,4.0,18.5
2023-09-30T07:00Z,7,358,0.0,0.1,90.7,0.0,0.1,0.1,0.0,1.9,7.0
2023-09-30T07:00Z,8,293,3.6,9.5,49.2,0.6,13.9,15.0,0.0,4.9,3.3
2023-09-30T07:00Z,9,462,4.6,19.8,68.9,0.0,0.4,0.2,0.0,3.7,2.4
2023-09-30T07:00Z,10,251,0.1,0.1,29.4,0.2,31.0,28.5,0.0,7.2,3.5
2023-09-30T07:00Z,11,289,0.0,0.1,72.3,0.1,4.6,0.0,0.0,16.8,6.1
2023-09-30T07:00Z,12,226,0.3,1.0,49.3,0.4,41.8,0.0,0.0,6.8,0.4
2023-09-30T07:00Z,13,244,0.0,0.1,49.1,1.7,33.8,8.3,0.0,5.0,2.0
2023-09-30T07:00Z,14,245,0.0,0.0,57.5,2.5,34.7,0.0,0.0,4.0,1.4
2023-09-30T07:00Z,15,236,6.3,3.9,41.0,0.5,22.4,17.7,0.0,4.9,3.2
2023-09-30T07:00Z,16,38,2.1,0.1,8.7,27.8,0.7,31.4,0.0,0.7,28.7
2023-09-30T07:00Z,17,304,0.1,0.0,77.0,5.2,0.2,0.1,0.0,2.2,15.3
2023-09-30T07:00Z,18,212,5.3,3.1,38.6,4.8,17.9,18.5,0.0,4.1,7.7
2023-09-30T07:30Z,1,2,0.3,0.0,0.3,55.4,0.9,7.3,0.0,0.1,35.7
2023-09-30T07:30Z,2,22,3.5,0.0,4.4,0.0,12.8,60.9,0.0,1.9,16.5
2023-09-30T07:30Z,3,62,4.9,0.0,14.2,0.0,12.7,61.2,0.0,1.0,6.0
2023-09-30T07:30Z,4,2,0.2,0.0,0.0,0.0,70.5,26.4,0.0,1.8,1.1
2023-09-30T07:30Z,5,232,43.6,0.0,45.6,0.0,3.4,0.6,0.0,2.7,4.1
2023-09-30T07:30Z,6,102,2.5,0.1,25.0,10.2,6.8,29.9,0.0,6.6,19.1
2023-09-30T07:30Z,7,351,0.1,0.1,88.9,0.0,0.2,0.1,0.0,3.1,7.6
2023-09-30T07:30Z,8,291,3.6,10.0,47.7,0.3,13.6,13.0,0.0,8.1,3.6
2023-09-30T07:30Z,9,451,4.7,19.6,66.3,0.0,0.6,0.1,0.0,6.3,2.5
2023-09-30T07:30Z,10,238,0.0,0.2,27.6,0.2,29.5,27.7,0.0,11.6,3.3
2023-09-30T07:30Z,11,247,0.0,0.2,61.4,0.1,5.5,0.0,0.0,26.1,6.7
2023-09-30T07:30Z,12,218,0.2,1.0,47.4,0.4,39.5,0.0,0.0,11.0,0.4
2023-09-30T07:30Z,13,239,0.0,0.1,47.4,1.5,32.7,8.1,0.0,8.4,1.9
2023-09-30T07:30Z,14,240,0.0,0.0,56.4,2.2,33.4,0.0,0.0,6.6,1.3
2023-09-30T07:30Z,15,226,6.5,3.9,38.7,0.5,21.8,17.1,0.0,8.0,3.4
2023-09-30T07:30Z,16,50,2.1,0.1,11.6,27.7,0.2,31.4,0.0,1.1,25.8
2023-09-30T07:30Z,17,324,0.0,0.0,82.2,1.4,0.0,0.0,0.0,2.9,13.5
2023-09-30T07:30Z,18,208,5.4,3.1,37.7,4.4,17.4,18.0,0.0,6.7,7.2
2023-09-30T08:00Z,1,3,0.4,0.0,0.5,57.4,1.7,9.3,0.0,0.3,30.3
2023-09-30T08:00Z,2,24,4.0,0.0,4.9,0.0,14.8,58.2,0.0,2.8,15.4
2023-09-30T08:00Z,3,52,7.0,0.0,10.9,0.0,12.9,60.4,0.0,1.4,7.4
2023-09-30T08:00Z,4,2,0.2,0.0,0.0,0.0,70.3,26.1,0.0,2.4,1.1
2023-09-30T08:00Z,5,240,44.7,0.0,47.2,0.0,1.1,0.3,0.0,3.1,3.7
2023-09-30T08:00Z,6,114,3.1,0.2,27.4,5.5,6.4,30.1,0.0,7.9,19.3
2023-09-30T08:00Z,7,345,0.0,0.0,87.6,0.0,0.0,0.0,0.0,3.7,8.7
2023-09-30T08:00Z,8,303,2.8,10.1,50.6,0.1,11.9,10.9,0.0,10.6,3.0
2023-09-30T08:00Z,9,454,3.0,20.0,66.9,0.0,0.1,0.1,0.0,7.7,2.3
2023-09-30T08:00Z,10,231,0.1,0.4,26.3,0.2,28.4,25.8,0.0,15.6,3.3
2023-09-30T08:00Z,11,214,0.0,0.3,52.7,0.1,7.4,0.3,0.0,31.1,8.2
2023-09-30T08:00Z,12,213,0.2,1.4,45.8,0.4,36.8,0.0,0.0,15.1,0.4
2023-09-30T08:00Z,13,234,0.0,0.2,47.2,1.4,30.7,7.8,0.0,10.9,1.8
2023-09-30T08:00Z,14,239,0.0,0.0,56.5,2.1,31.3,0.2,0.0,8.6,1.3
2023-09-30T08:00Z,15,222,6.5,3.9,37.9,0.5,20.9,16.6,0.0,10.2,3.5
2023-09-30T08:00Z,16,59,2.4,0.2,13.3,27.1,1.3,30.4,0.0,2.2,23.1
2023-09-30T08:00Z,17,323,0.0,0.0,81.9,0.3,0.0,0.0,0.0,3.6,14.3
2023-09-30T08:00Z,18,206,5.5,3.2,37.2,4.2,16.9,17.5,0.0,8.7,6.9
2023-09-30T08:30Z,1,7,0.7,0.0,0.8,59.4,3.1,11.0,0.0,0.6,24.3
2023-09-30T08:30Z,2,40,4.0,0.0,4.7,0.0,17.8,57.0,0.0,3.7,12.8
2023-09-30T08:30Z,3,58,6.9,0.0,12.4,0.0,12.5,59.1,0.0,1.6,7.5
2023-09-30T08:30Z,4,2,0.2,0.0,0.0,0.0,69.9,25.8,0.0,3.0,1.1
2023-09-30T08:30Z,5,248,43.1,0.0,50.0,0.0,0.6,0.2,0.0,3.3,2.9
2023-09-30T08:30Z,6,122,3.3,0.5,28.6,2.5,6.9,31.1,0.0,8.5,18.8
2023-09-30T08:30Z,7,334,0.0,0.0,84.7,0.0,0.0,0.0,0.0,4.9,10.4
2023-09-30T08:30Z,8,299,3.7,10.6,48.5,0.1,10.9,10.9,0.0,12.3,3.1
2023-09-30T08:30Z,9,450,4.6,20.6,63.7,0.0,0.1,0.1,0.0,8.8,2.2
2023-09-30T08:30Z,10,219,0.1,0.2,24.8,0.2,27.1,25.2,0.0,19.4,2.8
2023-09-30T08:30Z,11,181,0.1,0.2,44.3,0.1,8.4,0.2,0.0,36.9,9.8
2023-09-30T08:30Z,12,201,0.4,1.2,43.2,0.3,35.6,0.0,0.0,18.8,0.4
2023-09-30T08:30Z,13,226,0.1,0.2,44.7,1.3,30.2,7.7,0.0,14.2,1.7
2023-09-30T08:30Z,14,231,0.0,0.0,54.4,2.0,31.1,0.2,0.0,11.1,1.2
2023-09-30T08:30Z,15,216,6.6,4.0,36.4,0.5,20.4,16.2,0.0,12.5,3.5
2023-09-30T08:30Z,16,72,2.5,0.2,14.4,27.1,3.0,30.9,0.0,2.9,19.1
2023-09-30T08:30Z,17,323,0.0,0.0,81.9,0.0,0.0,0.0,0.0,4.1,14.0
2023-09-30T08:30Z,18,203,5.6,3.3,36.1,4.0,16.9,17.2,0.0,10.7,6.2
2023-09-30T09:00Z,1,11,0.8,0.0,0.9,58.9,4.1,12.3,0.0,1.1,21.8
2023-09-30T09:00Z,2,49,3.7,0.0,4.2,0.0,18.9,55.3,0.0,5.1,12.8
2023-09-30T09:00Z,3,57,6.9,0.0,12.2,0.0,12.7,58.7,0.0,1.9,7.5
2023-09-30T09:00Z,4,2,0.2,0.0,0.0,0.0,69.7,25.2,0.0,3.6,1.2
2023-09-30T09:00Z,5,250,42.3,0.0,50.6,0.0,0.6,0.4,0.0,3.5,2.7
2023-09-30T09:00Z,6,123,3.3,0.5,28.2,2.4,7.6,30.3,0.0,9.4,18.4
2023-09-30T09:00Z,7,326,0.0,0.0,82.8,0.0,0.0,0.0,0.0,5.7,11.6
2023-09-30T09:00Z,8,286,3.4,9.9,46.7,0.1,11.8,11.4,0.0,13.7,3.0
2023-09-30T09:00Z,9,445,4.5,20.5,62.9,0.0,0.1,0.1,0.0,9.9,2.1
2023-09-30T09:00Z,10,208,0.0,0.1,22.7,0.1,26.8,24.7,0.0,22.8,2.6
2023-09-30T09:00Z,11,192,0.0,0.1,48.2,0.0,2.2,0.2,0.0,39.4,10.0
2023-09-30T09:00Z,12,191,0.2,1.0,41.2,0.3,35.9,0.0,0.0,21.2,0.3
2023-09-30T09:00Z,13,216,0.0,0.1,43.0,1.3,30.0,7.3,0.0,16.8,1.5
2023-09-30T09:00Z,14,223,0.0,0.0,52.4,2.0,30.8,0.1,0.0,13.6,1.0
2023-09-30T09:00Z,15,210,6.5,3.8,35.3,0.4,20.1,16.1,0.0,14.3,3.4
2023-09-30T09:00Z,16,83,2.5,0.1,15.5,25.2,4.6,30.5,0.0,3.9,17.7
2023-09-30T09:00Z,17,320,0.0,0.0,81.3,0.4,0.0,0.0,0.0,4.6,13.7
2023-09-30T09:00Z,18,200,5.6,3.1,35.5,3.6,16.9,17.0,0.0,12.4,5.9
2023-09-30T09:30Z,1,8,1.0,0.0,1.1,57.2,3.8,13.6,0.0,1.5,21.8
2023-09-30T09:30Z,2,30,4.1,0.0,4.4,0.0,15.0,55.0,0.0,5.7,15.8
2023-09-30T09:30Z,3,56,6.7,0.0,12.0,0.0,12.5,57.1,0.0,1.8,10.0
2023-09-30T09:30Z,4,2,0.2,0.0,0.0,0.0,69.5,25.5,0.0,3.3,1.5
2023-09-30T09:30Z,5,246,42.4,0.0,49.5,0.0,0.7,0.7,0.0,3.7,2.9
2023-09-30T09:30Z,6,118,3.2,0.2,28.1,3.2,6.7,28.4,0.0,8.8,21.3
2023-09-30T09:30Z,7,330,0.0,0.0,83.6,0.0,0.0,0.0,0.0,5.2,11.2
2023-09-30T09:30Z,8,281,3.8,9.0,47.6,0.1,11.0,12.5,0.0,12.2,3.8
2023-09-30T09:30Z,9,443,5.4,20.1,63.0,0.0,0.1,0.1,0.0,9.1,2.2
2023-09-30T09:30Z,10,206,0.1,0.4,20.9,0.1,27.4,24.5,0.0,23.8,2.7
2023-09-30T09:30Z,11,181,0.0,0.1,45.2,0.0,3.5,0.0,0.0,41.8,9.4
2023-09-30T09:30Z,12,192,0.3,1.0,41.3,0.3,36.2,0.0,0.0,20.6,0.3
2023-09-30T09:30Z,13,211,0.0,0.2,40.7,1.2,30.7,7.2,0.0,18.2,1.7
2023-09-30T09:30Z,14,215,0.0,0.0,50.3,1.9,31.5,0.0,0.0,15.0,1.3
2023-09-30T09:30Z,15,207,6.6,3.7,34.9,0.5,20.0,15.8,0.0,14.6,4.0
2023-09-30T09:30Z,16,73,2.9,0.1,16.0,23.5,1.8,31.8,0.0,4.5,19.4
2023-09-30T09:30Z,17,316,0.0,0.0,80.2,0.1,0.0,0.0,0.0,4.5,15.1
2023-09-30T09:30Z,18,198,5.7,3.0,35.3,3.3,16.5,16.8,0.0,12.7,6.6
2023-09-30T10:00Z,1,11,1.0,0.0,1.0,56.5,3.9,12.5,0.0,1.7,23.3
2023-09-30T10:00Z,2,40,3.7,0.0,3.7,0.0,15.0,51.8,0.0,6.6,19.2
2023-09-30T10:00Z,3,45,5.6,0.0,9.5,0.0,12.6,58.2,0.0,1.7,12.4
2023-09-30T10:00Z,4,2,0.2,0.0,0.0,0.0,69.4,25.3,0.0,3.4,1.7
2023-09-30T10:00Z,5,237,42.8,0.0,47.0,0.0,2.1,1.0,0.0,3.6,3.3
2023-09-30T10:00Z,6,110,2.6,0.0,26.6,3.6,6.5,27.6,0.0,8.8,24.3
2023-09-30T10:00Z,7,317,0.0,0.0,80.5,0.0,0.0,0.0,0.0,6.2,13.2
2023-09-30T10:00Z,8,272,4.2,9.4,44.3,0.1,11.0,14.2,0.0,11.5,5.4
2023-09-30T10:00Z,9,446,6.9,21.7,59.4,0.0,0.3,0.2,0.0,8.8,2.7
2023-09-30T10:00Z,10,208,0.2,0.7,20.7,0.1,27.3,24.3,0.0,23.7,3.0
2023-09-30T10:00Z,11,158,0.0,0.1,39.5,0.0,3.4,0.0,0.0,47.2,9.7
2023-09-30T10:00Z,12,192,0.3,1.2,40.8,0.3,36.7,0.0,0.0,20.4,0.4
2023-09-30T10:00Z,13,210,0.1,0.3,40.6,1.1,30.8,6.9,0.0,18.4,1.8
2023-09-30T10:00Z,14,213,0.0,0.0,49.8,1.7,31.6,0.0,0.0,15.7,1.3
2023-09-30T10:00Z,15,202,6.7,4.0,32.7,0.7,20.0,15.9,0.0,14.9,5.1
2023-09-30T10:00Z,16,74,2.4,0.0,14.5,22.4,3.1,31.6,0.0,4.6,21.4
2023-09-30T10:00Z,17,311,0.0,0.0,78.8,0.5,0.0,0.0,0.0,5.0,15.7
2023-09-30T10:00Z,18,194,5.7,3.3,33.5,3.2,16.8,16.7,0.0,13.1,7.7
2023-09-30T10:30Z,1,11,0.9,0.0,0.9,57.0,3.5,11.3,0.0,1.8,24.6
2023-09-30T10:30Z,2,42,3.4,0.0,3.6,0.0,13.6,49.6,0.0,7.1,22.7
2023-09-30T10:30Z,3,37,4.9,0.0,7.7,0.0,12.4,58.3,0.0,1.8,14.8
2023-09-30T10:30Z,4,2,0.2,0.0,0.0,0.0,69.7,24.8,0.0,3.2,2.1
2023-09-30T10:30Z,5,227,43.9,0.0,44.4,0.0,3.0,1.4,0.0,3.5,3.9
2023-09-30T10:30Z,6,115,2.2,0.0,27.6,2.7,6.1,26.1,0.0,8.9,26.3
2023-09-30T10:30Z,7,307,0.0,0.0,78.0,0.0,0.0,0.0,0.0,7.5,14.5
2023-09-30T10:30Z,8,261,3.9,8.9,42.9,0.2,10.5,15.5,0.0,10.9,7.2
2023-09-30T10:30Z,9,450,6.8,22.4,58.9,0.0,0.5,0.3,0.0,8.0,3.1
2023-09-30T10:30Z,10,213,0.3,1.2,20.8,0.1,27.3,24.5,0.0,22.5,3.3
2023-09-30T10:30Z,11,138,0.0,0.1,34.6,0.0,1.6,0.0,0.0,53.4,10.4
2023-09-30T10:30Z,12,194,0.4,1.3,41.1,0.2,36.5,0.0,0.0,20.2,0.4
2023-09-30T10:30Z,13,209,0.1,0.5,39.7,1.1,31.6,6.7,0.0,18.5,1.9
2023-09-30T10:30Z,14,207,0.0,0.0,48.2,1.7,32.6,0.0,0.0,16.1,1.4
2023-09-30T10:30Z,15,201,6.6,4.2,32.1,0.7,19.9,15.9,0.0,14.9,5.8
2023-09-30T10:30Z,16,67,2.2,0.0,12.3,21.7,3.5,31.4,0.0,5.1,23.9
2023-09-30T10:30Z,17,293,0.0,0.0,74.4,1.1,0.0,0.0,0.0,6.4,18.2
2023-09-30T10:30Z,18,191,5.7,3.4,32.5,3.1,16.7,16.6,0.0,13.2,8.7
2023-09-30T11:00Z,1,8,0.8,0.0,0.8,56.2,2.7,10.2,0.0,1.5,27.9
2023-09-30T11:00Z,2,34,3.4,0.0,3.6,0.0,11.6,47.8,0.0,6.4,27.2
2023-09-30T11:00Z,3,29,4.4,0.0,6.0,0.0,12.3,58.0,0.0,1.8,17.5
2023-09-30T11:00Z,4,2,0.2,0.0,0.0,0.0,69.4,25.1,0.0,2.9,2.3
2023-09-30T11:00Z,5,219,44.8,0.0,41.9,0.0,3.7,1.6,0.0,3.3,4.7
2023-09-30T11:00Z,6,113,1.9,0.0,27.7,0.9,5.5,25.6,0.0,8.8,29.7
2023-09-30T11:00Z,7,293,0.0,0.0,74.2,0.0,0.0,0.0,0.0,9.2,16.6
2023-09-30T11:00Z,8,243,4.0,7.6,41.4,0.1,10.2,16.7,0.0,11.0,9.1
2023-09-30T11:00Z,9,443,7.5,21.5,58.9,0.0,0.6,0.3,0.0,7.4,3.7
2023-09-30T11:00Z,10,221,0.5,1.7,21.3,0.1,27.7,24.5,0.0,20.5,3.7
2023-09-30T11:00Z,11,124,0.0,0.0,31.3,0.0,1.3,0.0,0.0,57.6,9.7
2023-09-30T11:00Z,12,194,0.4,1.3,41.1,0.2,36.0,0.0,0.0,20.5,0.4
2023-09-30T11:00Z,13,209,0.2,0.6,40.1,1.2,32.1,6.5,0.0,17.3,2.0
2023-09-30T11:00Z,14,208,0.0,0.0,48.3,1.9,33.2,0.0,0.0,15.2,1.4
2023-09-30T11:00Z,15,196,6.6,3.9,31.5,0.7,19.9,15.9,0.0,14.9,6.6
2023-09-30T11:00Z,16,57,2.3,0.0,11.1,20.4,2.3,30.9,0.0,4.7,28.3
2023-09-30T11:00Z,17,278,0.0,0.0,70.6,0.7,0.0,0.0,0.0,7.5,21.2
2023-09-30T11:00Z,18,185,5.7,3.2,31.7,2.9,16.6,16.6,0.0,13.2,10.1
2023-09-30T11:30Z,1,10,0.7,0.0,0.8,55.9,2.7,8.8,0.0,1.0,30.1
2023-09-30T11:30Z,2,44,3.3,0.0,3.5,0.0,12.3,46.6,0.0,4.5,29.9
2023-09-30T11:30Z,3,24,3.2,0.0,4.6,0.0,12.2,58.8,0.0,1.5,19.6
2023-09-30T11:30Z,4,2,0.2,0.0,0.0,0.0,69.5,25.5,0.0,2.3,2.5
2023-09-30T11:30Z,5,214,44.3,0.0,40.7,0.0,5.0,2.0,0.0,2.6,5.3
2023-09-30T11:30Z,6,114,1.5,0.0,27.6,0.0,5.6,25.3,0.0,7.6,32.4
2023-09-30T11:30Z,7,285,0.0,0.0,72.4,0.0,0.0,0.0,0.0,9.7,17.9
2023-09-30T11:30Z,8,225,4.1,6.8,38.9,0.0,9.3,18.6,0.0,10.2,12.1
2023-09-30T11:30Z,9,433,9.5,20.6,57.9,0.0,1.1,0.5,0.0,6.3,4.2
2023-09-30T11:30Z,10,232,0.9,2.4,23.5,0.1,26.9,24.9,0.0,17.2,4.1
2023-09-30T11:30Z,11,147,0.0,0.0,37.2,0.0,0.0,0.0,0.0,53.6,9.2
2023-09-30T11:30Z,12,186,0.6,1.6,38.3,0.2,36.8,0.0,0.0,21.7,0.7
2023-09-30T11:30Z,13,212,0.3,0.9,40.3,1.2,33.0,6.7,0.0,15.5,2.1
2023-09-30T11:30Z,14,210,0.0,0.0,48.5,1.9,34.9,0.0,0.0,13.3,1.4
2023-09-30T11:30Z,15,197,6.6,3.9,32.0,0.7,19.6,16.1,0.0,13.7,7.5
2023-09-30T11:30Z,16,56,2.4,0.0,8.9,19.9,4.0,30.7,0.0,3.4,30.7
2023-09-30T11:30Z,17,263,0.0,0.0,66.7,0.4,0.0,0.0,0.0,8.1,24.7
2023-09-30T11:30Z,18,186,5.7,3.2,31.7,2.8,16.6,16.6,0.0,12.2,11.2
2023-09-30T12:00Z,1,9,0.6,0.0,0.7,55.4,2.3,6.6,0.0,0.7,33.8
2023-09-30T12:00Z,2,45,3.3,0.0,3.5,0.0,12.0,45.4,0.0,3.5,32.3
2023-09-30T12:00Z,3,18,3.1,0.0,3.1,0.0,12.2,58.1,0.0,1.1,22.5
2023-09-30T12:00Z,4,2,0.2,0.0,0.0,0.0,70.0,25.2,0.0,1.8,2.9
2023-09-30T12:00Z,5,214,43.8,0.0,40.8,0.0,5.1,2.3,0.0,1.8,6.2
2023-09-30T12:00Z,6,96,1.5,0.0,22.7,0.5,5.8,24.7,0.0,6.5,38.3
2023-09-30T12:00Z,7,279,0.0,0.0,70.9,0.0,0.0,0.0,0.0,10.3,18.8
2023-09-30T12:00Z,8,211,3.8,5.7,38.2,0.1,8.6,20.9,0.0,9.4,13.5
2023-09-30T12:00Z,9,429,9.1,19.4,60.0,0.0,1.1,0.6,0.0,5.5,4.3
2023-09-30T12:00Z,10,243,1.2,2.8,25.4,0.1,26.8,24.6,0.0,14.8,4.3
2023-09-30T12:00Z,11,153,0.0,0.0,38.9,0.0,0.0,0.0,0.0,52.0,9.1
2023-09-30T12:00Z,12,185,0.8,1.9,37.2,0.2,37.2,0.1,0.0,21.9,0.7
2023-09-30T12:00Z,13,213,0.4,1.1,40.0,1.1,33.7,7.3,0.0,14.3,2.2
2023-09-30T12:00Z,14,209,0.0,0.0,48.2,1.8,36.3,0.0,0.0,11.9,1.6
2023-09-30T12:00Z,15,195,6.5,3.7,32.1,0.8,19.6,16.2,0.0,12.7,8.3
2023-09-30T12:00Z,16,57,2.4,0.0,8.8,18.8,4.2,29.4,0.0,2.7,33.8
2023-09-30T12:00Z,17,247,0.0,0.0,62.8,0.9,0.0,0.1,0.0,8.4,27.8
2023-09-30T12:00Z,18,184,5.7,3.1,31.6,2.8,16.6,16.6,0.0,11.3,12.4
2023-09-30T12:30Z,1,10,0.6,0.0,0.6,55.2,2.3,4.7,0.0,0.5,36.2
2023-09-30T12:30Z,2,61,3.2,0.0,3.4,0.0,13.2,43.8,0.0,2.7,33.6
2023-09-30T12:30Z,3,12,1.8,0.0,1.7,0.0,12.3,56.9,0.0,0.8,26.6
2023-09-30T12:30Z,4,2,0.1,0.0,0.0,0.0,70.5,24.9,0.0,1.5,3.0
2023-09-30T12:30Z,5,206,43.6,0.0,38.8,0.0,6.7,3.1,0.0,1.2,6.5
2023-09-30T12:30Z,6,109,1.0,0.0,23.5,0.0,7.2,22.3,0.0,5.0,41.1
2023-09-30T12:30Z,7,274,0.0,0.0,69.5,0.0,0.0,0.0,0.0,10.3,20.2
2023-09-30T12:30Z,8,182,3.5,3.7,35.2,0.0,7.7,23.7,0.0,7.8,18.4
2023-09-30T12:30Z,9,394,11.0,14.6,62.0,0.0,1.7,1.0,0.0,5.1,4.6
2023-09-30T12:30Z,10,248,1.7,2.7,26.7,0.1,26.8,24.3,0.0,12.7,4.9
2023-09-30T12:30Z,11,151,0.0,0.0,38.2,0.0,0.7,0.0,0.0,51.5,9.5
2023-09-30T12:30Z,12,181,1.2,2.0,35.8,0.1,37.6,1.1,0.0,21.4,0.7
2023-09-30T12:30Z,13,212,0.7,1.3,39.4,1.0,33.5,8.7,0.0,12.9,2.5
2023-09-30T12:30Z,14,211,0.0,0.0,48.6,1.9,36.8,0.1,0.0,10.7,1.9
2023-09-30T12:30Z,15,188,6.6,2.9,31.9,0.9,19.7,16.4,0.0,11.7,9.8
2023-09-30T12:30Z,16,67,2.3,0.0,8.6,18.2,6.6,28.1,0.0,1.9,34.3
2023-09-30T12:30Z,17,235,0.0,0.0,57.9,0.5,1.4,0.6,0.0,8.0,31.5
2023-09-30T12:30Z,18,178,5.7,2.4,31.2,2.7,17.1,16.6,0.0,10.5,13.9
2023-09-30T13:00Z,1,6,0.3,0.0,0.4,54.9,1.2,2.8,0.0,0.2,40.1
2023-09-30T13:00Z,2,57,3.3,0.0,3.4,0.0,11.4,42.8,0.0,2.4,36.8
2023-09-30T13:00Z,3,8,0.8,0.0,0.8,0.0,11.5,56.1,0.0,0.7,30.1
2023-09-30T13:00Z,4,2,0.1,0.0,0.0,0.0,70.0,25.3,0.0,1.4,3.3
2023-09-30T13:00Z,5,204,41.6,0.0,39.1,0.0,7.7,3.5,0.0,1.2,6.9
2023-09-30T13:00Z,6,108,0.7,0.0,25.6,0.0,4.8,21.8,0.0,4.2,42.9
2023-09-30T13:00Z,7,263,0.0,0.0,66.7,0.0,0.0,0.0,0.0,10.0,23.3
2023-09-30T13:00Z,8,153,3.4,2.3,31.4,0.0,6.4,26.0,0.0,6.2,24.3
2023-09-30T13:00Z,9,371,12.6,11.5,62.9,0.0,2.3,1.2,0.0,4.3,5.1
2023-09-30T13:00Z,10,247,3.0,3.1,29.3,0.1,23.2,25.0,0.0,10.6,5.7
2023-09-30T13:00Z,11,160,0.0,0.0,40.5,0.0,0.0,0.0,0.0,49.6,9.9
2023-09-30T13:00Z,12,186,1.9,2.2,36.7,0.0,34.8,1.8,0.0,21.5,1.2
2023-09-30T13:00Z,13,213,1.3,1.6,39.5,1.0,32.0,9.0,0.0,12.4,3.1
2023-09-30T13:00Z,14,210,0.0,0.1,48.2,2.3,37.2,0.1,0.0,9.7,2.5
2023-09-30T13:00Z,15,182,6.6,2.4,32.3,1.1,18.9,16.6,0.0,10.7,11.3
2023-09-30T13:00Z,16,59,2.2,0.0,7.5,17.7,5.9,27.4,0.0,1.6,37.7
2023-09-30T13:00Z,17,226,0.0,0.0,57.3,0.5,0.0,1.2,0.0,7.1,33.8
2023-09-30T13:00Z,18,172,5.7,2.0,31.5,2.8,16.3,16.6,0.0,9.5,15.6
2023-09-30T13:30Z,1,4,0.2,0.0,0.2,53.5,0.7,1.4,0.0,0.1,44.0
2023-09-30T13:30Z,2,75,3.0,0.0,3.3,0.0,13.1,40.8,0.0,1.8,38.0
2023-09-30T13:30Z,3,14,0.3,0.0,1.9,0.0,10.7,53.2,0.0,0.7,33.2
2023-09-30T13:30Z,4,2,0.1,0.0,0.0,0.0,70.2,25.1,0.0,1.2,3.4
2023-09-30T13:30Z,5,198,39.3,0.0,38.3,0.0,9.3,4.1,0.0,1.1,8.0
2023-09-30T13:30Z,6,111,0.6,0.0,22.4,0.0,7.3,21.0,0.0,3.5,45.3
2023-09-30T13:30Z,7,268,0.0,0.0,68.1,0.0,0.0,0.0,0.0,7.8,24.1
2023-09-30T13:30Z,8,140,2.6,2.0,27.9,0.0,6.7,26.1,0.0,4.7,30.0
2023-09-30T13:30Z,9,365,13.6,11.4,61.3,0.0,3.2,1.4,0.0,3.4,5.7
2023-09-30T13:30Z,10,201,5.4,4.5,38.4,0.1,2.6,30.7,0.0,10.2,8.2
2023-09-30T13:30Z,11,178,0.0,0.0,45.2,0.0,0.0,0.1,0.0,44.3,10.3
2023-09-30T13:30Z,12,198,3.0,2.7,39.2,0.0,28.9,3.6,0.0,18.7,4.0
2023-09-30T13:30Z,13,207,2.2,1.9,44.0,1.0,24.7,9.7,0.0,11.7,4.6
2023-09-30T13:30Z,14,218,0.1,0.1,50.4,2.1,35.0,0.2,0.0,9.0,3.0
2023-09-30T13:30Z,15,176,6.6,2.6,34.8,1.2,15.1,16.7,0.0,9.4,13.5
2023-09-30T13:30Z,16,68,2.0,0.0,6.6,16.8,8.5,26.1,0.0,1.2,38.7
2023-09-30T13:30Z,17,210,0.1,0.0,50.1,1.2,2.6,1.4,0.0,5.7,38.7
2023-09-30T13:30Z,18,167,5.7,2.1,32.9,2.8,13.6,16.7,0.0,8.3,17.7
2023-09-30T14:00Z,1,3,0.1,0.0,0.1,58.1,0.6,0.6,0.0,0.0,40.5
2023-09-30T14:00Z,2,84,3.0,0.0,3.4,0.0,15.0,39.0,0.0,1.3,38.3
2023-09-30T14:00Z,3,16,0.3,0.0,2.2,0.0,11.3,52.1,0.0,0.5,33.6
2023-09-30T14:00Z,4,2,0.1,0.0,0.0,0.0,69.7,25.6,0.0,0.9,3.7
2023-09-30T14:00Z,5,203,38.7,0.0,39.7,0.0,8.7,4.6,0.0,0.8,7.5
2023-09-30T14:00Z,6,90,0.6,0.0,17.5,0.0,7.4,20.4,0.0,3.1,51.1
2023-09-30T14:00Z,7,280,0.0,0.0,71.0,0.0,0.0,0.0,0.0,5.7,23.2
2023-09-30T14:00Z,8,144,2.7,2.3,28.3,0.0,6.6,26.3,0.0,4.0,29.8
2023-09-30T14:00Z,9,382,13.1,13.4,60.9,0.0,3.0,1.7,0.0,2.6,5.3
2023-09-30T14:00Z,10,215,5.3,6.3,37.9,0.0,2.4,30.6,0.0,9.4,8.1
2023-09-30T14:00Z,11,200,0.0,0.2,50.3,0.0,0.0,0.5,0.0,38.1,10.9
2023-09-30T14:00Z,12,218,3.1,4.1,40.8,0.0,28.1,5.1,0.0,15.1,3.8
2023-09-30T14:00Z,13,219,2.2,2.9,44.8,1.1,23.6,10.5,0.0,10.0,4.8
2023-09-30T14:00Z,14,224,0.1,0.2,51.8,2.4,33.7,0.3,0.0,8.0,3.6
2023-09-30T14:00Z,15,186,6.6,3.4,35.4,1.5,14.9,16.7,0.0,7.9,13.6
2023-09-30T14:00Z,16,69,2.0,0.0,6.0,19.6,9.3,24.4,0.0,0.8,37.9
2023-09-30T14:00Z,17,210,0.2,0.0,51.0,1.0,1.9,1.3,0.0,4.4,40.2
2023-09-30T14:00Z,18,175,5.7,2.8,33.4,3.4,13.5,16.5,0.0,6.9,17.9
2023-09-30T14:30Z,1,1,0.0,0.0,0.0,58.6,0.1,0.1,0.0,0.0,41.2
2023-09-30T14:30Z,2,83,2.9,0.0,3.6,2.9,14.5,34.9,0.0,0.8,40.3
2023-09-30T14:30Z,3,17,0.3,0.0,2.4,0.4,11.0,50.2,0.0,0.3,35.3
2023-09-30T14:30Z,4,2,0.1,0.0,0.0,0.2,68.5,26.6,0.0,0.7,3.9
2023-09-30T14:30Z,5,208,35.6,0.0,41.8,0.1,8.8,5.7,0.0,0.5,7.5
2023-09-30T14:30Z,6,116,0.5,0.0,19.3,0.6,11.0,18.1,0.0,2.1,48.4
2023-09-30T14:30Z,7,289,0.0,0.0,73.4,0.0,0.0,0.0,0.0,3.9,22.7
2023-09-30T14:30Z,8,143,2.2,2.1,27.1,0.4,7.6,26.4,0.0,2.9,31.2
2023-09-30T14:30Z,9,397,12.5,15.8,59.5,0.0,3.1,2.3,0.0,1.8,5.1
2023-09-30T14:30Z,10,233,6.2,7.7,38.8,0.0,1.7,29.0,0.0,8.2,8.5
2023-09-30T14:30Z,11,233,0.3,0.6,57.6,0.0,1.2,0.8,0.0,28.5,11.1
2023-09-30T14:30Z,12,251,4.2,5.2,47.4,0.1,17.8,7.1,0.0,10.8,7.4
2023-09-30T14:30Z,13,239,3.0,3.8,48.5,1.2,17.3,11.5,0.0,8.3,6.4
2023-09-30T14:30Z,14,240,0.2,0.3,56.4,2.6,27.8,1.0,0.0,7.2,4.5
2023-09-30T14:30Z,15,201,6.4,4.0,37.9,1.8,12.6,16.4,0.0,6.3,14.7
2023-09-30T14:30Z,16,67,1.9,0.0,6.0,21.2,8.9,22.3,0.0,0.5,39.1
2023-09-30T14:30Z,17,230,0.1,0.0,52.1,0.9,5.4,1.2,0.0,2.9,37.5
2023-09-30T14:30Z,18,189,5.5,3.3,35.4,3.8,11.8,16.1,0.0,5.5,18.6
2023-09-30T15:00Z,1,0,0.0,0.0,0.0,57.2,0.0,0.0,0.0,0.0,42.8
2023-09-30T15:00Z,2,63,2.3,0.0,2.9,8.2,10.7,28.2,0.0,0.5,47.3
2023-09-30T15:00Z,3,17,0.4,0.0,2.2,1.5,9.2,46.3,0.0,0.2,40.2
2023-09-30T15:00Z,4,8,0.3,0.0,0.3,1.1,64.1,26.0,0.0,0.5,7.7
2023-09-30T15:00Z,5,198,33.0,0.0,39.9,0.3,9.6,6.8,0.0,0.3,10.1
2023-09-30T15:00Z,6,103,0.5,0.0,15.4,2.4,10.9,16.6,0.0,1.4,52.8
2023-09-30T15:00Z,7,294,0.0,0.0,74.6,0.0,0.0,0.0,0.0,2.3,23.1
2023-09-30T15:00Z,8,123,1.8,1.5,22.8,1.4,7.8,25.1,0.0,1.9,37.7
2023-09-30T15:00Z,9,381,12.7,14.5,58.1,0.1,3.7,2.7,0.0,1.4,6.8
2023-09-30T15:00Z,10,232,6.6,8.0,37.7,0.1,1.9,28.4,0.0,6.5,10.8
2023-09-30T15:00Z,11,248,0.7,0.8,60.5,0.1,2.7,1.1,0.0,22.1,12.0
2023-09-30T15:00Z,12,249,4.4,5.4,46.0,0.5,16.7,8.3,0.0,8.0,10.8
2023-09-30T15:00Z,13,238,3.1,4.2,47.3,1.8,16.3,12.3,0.0,6.4,8.6
2023-09-30T15:00Z,14,239,0.2,0.6,55.7,4.0,26.3,1.6,0.0,5.6,6.0
2023-09-30T15:00Z,15,196,6.1,3.9,36.6,2.8,12.1,16.0,0.0,4.7,17.7
2023-09-30T15:00Z,16,56,1.6,0.0,5.3,21.6,7.2,19.1,0.0,0.3,44.9
2023-09-30T15:00Z,17,216,0.1,0.0,47.3,4.3,6.3,1.5,0.0,1.7,38.8
2023-09-30T15:00Z,18,182,5.3,3.3,33.9,4.9,11.3,15.4,0.0,4.0,22.0
2023-09-30T15:30Z,1,0,0.0,0.0,0.0,57.1,0.0,0.0,0.0,0.0,42.9
2023-09-30T15:30Z,2,55,1.9,0.0,2.4,11.6,9.4,24.5,0.0,0.2,49.9
2023-09-30T15:30Z,3,16,0.4,0.0,1.7,2.4,8.7,43.8,0.0,0.1,42.9
2023-09-30T15:30Z,4,11,0.4,0.0,0.4,2.1,59.8,25.3,0.0,0.3,11.7
2023-09-30T15:30Z,5,193,30.8,0.0,39.2,0.5,10.0,7.6,0.0,0.2,11.7
2023-09-30T15:30Z,6,111,0.5,0.0,13.8,5.8,13.8,14.6,0.0,0.8,50.7
2023-09-30T15:30Z,7,302,0.0,0.0,76.7,0.0,0.0,0.0,0.0,1.1,22.2
2023-09-30T15:30Z,8,117,1.4,1.1,20.7,3.2,8.9,24.1,0.0,1.1,39.6
2023-09-30T15:30Z,9,371,12.5,13.6,57.8,0.2,4.0,3.3,0.0,0.9,7.7
2023-09-30T15:30Z,10,231,7.3,7.5,38.3,0.1,2.4,27.9,0.0,4.2,12.4
2023-09-30T15:30Z,11,280,0.6,0.7,68.8,0.1,1.5,1.1,0.0,15.2,11.9
2023-09-30T15:30Z,12,256,4.8,5.1,48.6,1.1,11.0,9.3,0.0,5.3,14.9
2023-09-30T15:30Z,13,245,3.9,4.1,49.5,2.4,11.0,13.3,0.0,4.4,11.3
2023-09-30T15:30Z,14,254,0.8,0.8,60.0,5.1,18.0,2.7,0.0,4.2,8.4
2023-09-30T15:30Z,15,197,6.1,3.6,37.4,3.6,10.3,15.8,0.0,3.1,20.1
2023-09-30T15:30Z,16,54,1.4,0.0,5.5,22.0,6.6,17.6,0.0,0.2,46.8
2023-09-30T15:30Z,17,216,0.1,0.0,44.0,8.8,9.3,1.5,0.0,0.8,35.4
2023-09-30T15:30Z,18,183,5.2,3.0,34.3,5.9,9.8,15.1,0.0,2.6,24.0
2023-09-30T16:00Z,1,0,0.0,0.0,0.0,51.4,0.0,0.0,0.0,0.0,48.6
2023-09-30T16:00Z,2,50,1.7,0.0,2.2,12.0,8.5,21.8,0.0,0.1,53.6
2023-09-30T16:00Z,3,17,0.4,0.0,1.9,2.8,8.4,41.8,0.0,0.1,44.6
2023-09-30T16:00Z,4,12,0.5,0.0,0.5,2.8,57.5,24.4,0.0,0.2,14.2
2023-09-30T16:00Z,5,191,28.9,0.0,39.2,0.7,10.1,7.9,0.0,0.1,13.0
2023-09-30T16:00Z,6,106,0.4,0.0,13.1,9.1,13.0,13.8,0.0,0.5,50.1
2023-09-30T16:00Z,7,304,0.0,0.0,77.1,0.0,0.0,0.0,0.0,0.6,22.2
2023-09-30T16:00Z,8,111,1.2,0.8,19.8,4.8,8.7,23.2,0.0,0.6,40.9
2023-09-30T16:00Z,9,360,12.2,12.5,57.8,0.3,4.3,3.5,0.0,0.5,8.9
2023-09-30T16:00Z,10,231,6.6,6.8,40.4,0.2,2.3,27.0,0.0,2.3,14.5
2023-09-30T16:00Z,11,297,0.7,0.6,73.3,0.2,1.6,1.2,0.0,9.9,12.4
2023-09-30T16:00Z,12,254,4.7,5.0,48.3,1.8,10.7,9.8,0.0,3.2,16.4
2023-09-30T16:00Z,13,248,3.6,4.0,50.7,2.4,10.2,13.6,0.0,2.5,13.0
2023-09-30T16:00Z,14,260,0.6,0.9,61.2,5.0,16.4,3.4,0.0,2.3,10.0
2023-09-30T16:00Z,15,198,5.8,3.4,38.2,3.6,10.0,15.5,0.0,1.8,21.7
2023-09-30T16:00Z,16,51,1.3,0.0,5.3,18.2,6.3,17.3,0.0,0.1,51.5
2023-09-30T16:00Z,17,209,0.1,0.0,42.4,11.7,9.1,1.5,0.0,0.4,34.8
2023-09-30T16:00Z,18,182,4.9,2.8,34.9,5.7,9.5,14.8,0.0,1.6,25.7
2023-09-30T16:30Z,1,0,0.0,0.0,0.0,49.4,0.0,0.0,0.0,0.0,50.6
2023-09-30T16:30Z,2,45,1.5,0.0,2.1,12.0,7.6,20.9,0.0,0.1,55.8
2023-09-30T16:30Z,3,19,0.4,0.0,2.3,3.0,8.0,41.0,0.0,0.0,45.3
2023-09-30T16:30Z,4,13,0.5,0.0,0.5,3.0,54.2,24.1,0.0,0.1,17.6
2023-09-30T16:30Z,5,185,27.5,0.0,37.8,0.8,10.7,8.0,0.0,0.1,15.0
2023-09-30T16:30Z,6,95,0.4,0.0,10.9,9.9,12.6,13.9,0.0,0.2,52.0
2023-09-30T16:30Z,7,305,0.0,0.0,77.5,0.0,0.0,0.0,0.0,0.4,22.1
2023-09-30T16:30Z,8,104,0.9,0.7,18.3,5.1,8.5,23.1,0.0,0.3,43.1
2023-09-30T16:30Z,9,354,12.2,12.8,55.6,0.4,4.7,3.6,0.0,0.2,10.4
2023-09-30T16:30Z,10,228,6.6,6.9,39.3,0.2,2.6,26.9,0.0,1.0,16.6
2023-09-30T16:30Z,11,323,0.5,0.7,80.0,0.3,0.6,1.0,0.0,5.2,11.8
2023-09-30T16:30Z,12,262,5.0,5.0,50.5,2.0,5.9,9.7,0.0,1.6,20.2
2023-09-30T16:30Z,13,252,4.1,4.1,51.7,2.5,6.0,13.9,0.0,1.2,16.5
2023-09-30T16:30Z,14,271,1.1,1.0,64.5,4.9,9.5,3.9,0.0,1.2,13.8
2023-09-30T16:30Z,15,199,5.7,3.4,38.8,3.6,8.3,15.4,0.0,0.9,23.9
2023-09-30T16:30Z,16,41,1.2,0.0,3.1,17.5,6.0,17.0,0.0,0.1,55.1
2023-09-30T16:30Z,17,205,0.1,0.0,42.1,12.8,8.6,1.9,0.0,0.2,34.3
2023-09-30T16:30Z,18,183,4.9,2.8,35.1,5.7,8.0,14.8,0.0,0.8,28.0
2023-09-30T17:00Z,1,0,0.0,0.0,0.0,44.3,0.0,0.0,0.0,0.0,55.7
2023-09-30T17:00Z,2,42,1.4,0.0,2.0,13.2,7.2,18.9,0.0,0.0,57.3
2023-09-30T17:00Z,3,19,0.4,0.0,2.3,3.7,8.0,39.9,0.0,0.0,45.8
2023-09-30T17:00Z,4,14,0.5,0.0,0.6,3.9,52.4,23.5,0.0,0.0,19.2
2023-09-30T17:00Z,5,181,26.2,0.0,37.3,1.1,10.9,8.3,0.0,0.0,16.2
2023-09-30T17:00Z,6,80,0.4,0.0,11.4,10.1,9.1,14.7,0.0,0.0,54.3
2023-09-30T17:00Z,7,308,0.0,0.0,78.2,0.0,0.0,0.0,0.0,0.1,21.7
2023-09-30T17:00Z,8,98,0.8,0.7,18.7,5.6,7.0,23.6,0.0,0.1,43.6
2023-09-30T17:00Z,9,352,12.0,13.1,54.3,0.5,5.0,3.9,0.0,0.0,11.1
2023-09-30T17:00Z,10,216,6.3,6.8,36.5,0.3,2.6,25.7,0.0,0.2,21.6
2023-09-30T17:00Z,11,337,0.6,0.3,84.2,0.2,0.7,0.4,0.0,1.0,12.6
2023-09-30T17:00Z,12,261,5.0,5.2,50.4,2.3,5.3,10.1,0.0,0.3,21.5
2023-09-30T17:00Z,13,248,4.1,4.7,49.5,2.5,5.4,14.5,0.0,0.2,19.1
2023-09-30T17:00Z,14,271,1.2,1.7,63.1,5.3,8.4,5.1,0.0,0.2,14.9
2023-09-30T17:00Z,15,200,5.5,3.6,39.0,3.5,7.8,15.5,0.0,0.2,24.9
2023-09-30T17:00Z,16,34,1.3,0.0,1.0,15.2,6.1,16.0,0.0,0.0,60.3
2023-09-30T17:00Z,17,185,0.1,0.0,40.5,15.7,5.4,2.7,0.0,0.0,35.5
2023-09-30T17:00Z,18,180,4.7,3.0,34.8,5.6,7.4,14.8,0.0,0.1,29.6
2023-09-30T17:30Z,1,0,0.0,0.0,0.0,43.8,0.0,0.0,0.0,0.0,56.2
2023-09-30T17:30Z,2,39,1.4,0.0,1.9,12.8,6.6,17.6,0.0,0.0,59.7
2023-09-30T17:30Z,3,18,0.4,0.0,2.2,3.8,7.8,38.6,0.0,0.0,47.1
2023-09-30T17:30Z,4,14,0.5,0.0,0.6,4.1,50.6,22.9,0.0,0.0,21.3
2023-09-30T17:30Z,5,176,26.8,0.0,35.8,1.2,10.6,8.4,0.0,0.0,17.2
2023-09-30T17:30Z,6,68,0.5,0.0,10.2,8.3,7.4,14.9,0.0,0.1,58.7
2023-09-30T17:30Z,7,283,0.0,0.0,71.8,0.0,0.0,0.2,0.0,0.1,27.9
2023-09-30T17:30Z,8,74,1.1,0.7,13.0,5.2,6.9,25.1,0.0,0.1,47.9
2023-09-30T17:30Z,9,351,12.4,13.5,52.8,0.6,4.9,4.0,0.0,0.0,11.8
2023-09-30T17:30Z,10,200,6.4,6.9,32.1,0.3,2.5,25.3,0.0,0.2,26.3
2023-09-30T17:30Z,11,359,0.0,0.0,91.1,0.0,0.0,0.0,0.0,0.8,8.0
2023-09-30T17:30Z,12,261,5.1,5.1,51.1,2.0,4.3,9.8,0.0,0.3,22.3
2023-09-30T17:30Z,13,244,4.6,4.7,48.6,2.4,2.6,13.9,0.0,0.2,22.9
2023-09-30T17:30Z,14,282,1.9,1.8,66.4,5.2,1.1,4.9,0.0,0.2,18.4
2023-09-30T17:30Z,15,196,5.7,3.7,38.1,3.5,6.5,15.3,0.0,0.2,27.0
2023-09-30T17:30Z,16,32,1.2,0.0,1.1,14.7,5.6,15.7,0.0,0.0,61.6
2023-09-30T17:30Z,17,150,0.2,0.0,33.0,15.7,4.3,3.4,0.0,0.1,43.2
2023-09-30T17:30Z,18,175,4.9,3.0,33.7,5.5,6.2,14.6,0.0,0.1,31.9
2023-09-30T18:00Z,1,0,0.0,0.0,0.0,39.3,0.0,0.0,0.0,0.0,60.7
2023-09-30T18:00Z,2,33,1.3,0.0,1.9,12.6,5.1,18.2,0.0,0.0,60.8
2023-09-30T18:00Z,3,18,0.4,0.0,2.7,3.6,7.3,38.7,0.0,0.0,47.2
2023-09-30T18:00Z,4,12,0.5,0.0,0.6,3.9,49.3,23.0,0.0,0.1,22.6
2023-09-30T18:00Z,5,178,24.6,0.0,37.0,1.1,10.4,8.2,0.0,0.0,18.7
2023-09-30T18:00Z,6,56,0.5,0.0,11.3,8.4,4.0,15.4,0.0,0.1,60.4
2023-09-30T18:00Z,7,280,0.0,0.0,71.2,0.0,0.0,1.4,0.0,0.1,27.3
2023-09-30T18:00Z,8,70,1.0,0.8,13.4,5.2,5.3,24.7,0.0,0.1,49.5
2023-09-30T18:00Z,9,341,12.7,14.0,49.1,0.6,5.3,4.0,0.0,0.1,14.3
2023-09-30T18:00Z,10,181,6.2,6.8,27.9,0.3,2.6,24.7,0.0,0.2,31.4
2023-09-30T18:00Z,11,361,0.0,0.0,91.7,0.0,0.0,0.0,0.0,0.7,7.6
2023-09-30T18:00Z,12,260,4.7,5.2,51.4,2.0,3.7,9.7,0.0,0.3,23.0
2023-09-30T18:00Z,13,238,4.3,4.6,47.9,2.3,2.4,13.8,0.0,0.2,24.5
2023-09-30T18:00Z,14,288,1.6,1.7,68.3,4.9,1.0,4.6,0.0,0.2,17.7
2023-09-30T18:00Z,15,192,5.5,3.7,37.5,3.3,6.1,15.3,0.0,0.2,28.5
2023-09-30T18:00Z,16,27,1.1,0.0,1.4,15.2,4.3,15.5,0.0,0.0,62.4
2023-09-30T18:00Z,17,138,0.3,0.0,33.3,13.6,1.6,3.6,0.0,0.1,47.6
2023-09-30T18:00Z,18,170,4.6,3.0,33.1,5.3,5.6,14.6,0.0,0.1,33.6
2023-09-30T18:30Z,1,0,0.0,0.0,0.0,32.8,0.0,0.0,0.0,0.0,67.2
2023-09-30T18:30Z,2,25,1.1,0.0,2.3,10.2,3.2,18.7,0.0,0.0,64.4
2023-09-30T18:30Z,3,21,0.3,0.0,4.0,2.9,6.8,39.3,0.0,0.0,46.7
2023-09-30T18:30Z,4,9,0.4,0.0,0.7,3.1,49.4,23.2,0.0,0.0,23.1
2023-09-30T18:30Z,5,176,21.7,0.0,37.6,0.9,10.7,8.3,0.0,0.0,20.7
2023-09-30T18:30Z,6,70,0.4,0.0,14.6,7.7,4.1,15.5,0.0,0.0,57.8
2023-09-30T18:30Z,7,236,0.0,0.1,59.6,0.4,0.1,4.1,0.0,0.0,35.5
2023-09-30T18:30Z,8,68,1.1,1.2,12.1,4.7,5.6,25.2,0.0,0.0,50.2
2023-09-30T18:30Z,9,344,10.4,13.9,51.0,0.4,5.2,3.8,0.0,0.0,15.3
2023-09-30T18:30Z,10,169,4.9,6.1,27.0,0.2,2.4,24.6,0.0,0.0,35.0
2023-09-30T18:30Z,11,365,0.0,0.0,92.7,0.0,0.0,0.0,0.0,0.0,7.3
2023-09-30T18:30Z,12,276,3.8,5.1,56.0,1.6,3.4,9.2,0.0,0.0,21.0
2023-09-30T18:30Z,13,244,3.2,4.1,51.0,2.0,2.1,13.5,0.0,0.0,24.2
2023-09-30T18:30Z,14,302,1.1,1.3,73.2,4.1,0.7,3.9,0.0,0.0,15.6
2023-09-30T18:30Z,15,197,4.6,3.6,39.4,2.5,6.0,15.5,0.0,0.0,28.4
2023-09-30T18:30Z,16,20,1.0,0.0,1.8,14.6,2.7,14.8,0.0,0.0,65.2
2023-09-30T18:30Z,17,136,0.2,0.0,31.7,7.5,2.3,4.2,0.0,0.0,54.1
2023-09-30T18:30Z,18,172,3.9,3.0,34.4,4.3,5.3,14.7,0.0,0.0,34.4
2023-09-30T19:00Z,1,0,0.0,0.0,0.0,27.1,0.0,0.0,0.0,0.0,72.9
2023-09-30T19:00Z,2,18,1.1,0.0,2.4,8.4,1.5,18.6,0.0,0.0,68.0
2023-09-30T19:00Z,3,13,0.3,0.0,2.7,2.4,6.6,39.7,0.0,0.0,48.3
2023-09-30T19:00Z,4,7,0.4,0.0,0.7,2.5,49.7,22.9,0.0,0.1,23.7
2023-09-30T19:00Z,5,177,19.5,0.0,38.7,0.7,10.3,8.4,0.0,0.0,22.4
2023-09-30T19:00Z,6,61,0.4,0.0,14.8,5.8,2.2,15.0,0.0,0.1,61.7
2023-09-30T19:00Z,7,193,0.2,0.3,48.2,0.8,0.8,6.7,0.0,0.3,42.7
2023-09-30T19:00Z,8,64,1.2,1.3,12.4,3.6,4.6,25.6,0.0,0.1,51.3
2023-09-30T19:00Z,9,331,9.3,13.2,49.8,0.3,4.9,4.1,0.0,0.0,18.4
2023-09-30T19:00Z,10,153,3.8,5.5,24.6,0.1,2.0,25.2,0.0,0.1,38.7
2023-09-30T19:00Z,11,362,0.0,0.0,92.0,0.0,0.0,0.0,0.0,0.9,7.1
2023-09-30T19:00Z,12,273,3.6,5.0,56.2,1.2,3.0,8.9,0.0,0.4,21.8
2023-09-30T19:00Z,13,237,2.6,3.7,50.4,1.7,1.7,13.3,0.0,0.2,26.4
2023-09-30T19:00Z,14,305,0.8,1.1,74.4,3.7,0.5,3.6,0.0,0.1,15.7
2023-09-30T19:00Z,15,189,4.1,3.4,38.5,2.1,5.7,15.6,0.0,0.2,30.4
2023-09-30T19:00Z,16,14,0.8,0.0,2.0,12.5,1.2,14.7,0.0,0.0,68.8
2023-09-30T19:00Z,17,127,0.2,0.0,31.8,4.3,0.3,4.5,0.0,0.1,58.7
2023-09-30T19:00Z,18,165,3.5,2.8,33.7,3.5,4.9,14.8,0.0,0.1,36.7
2023-09-30T19:30Z,1,0,0.0,0.0,0.0,23.5,0.0,0.0,0.0,0.0,76.5
2023-09-30T19:30Z,2,26,1.1,0.0,2.7,7.5,3.0,18.0,0.0,0.0,67.7
2023-09-30T19:30Z,3,18,0.3,0.0,3.4,2.2,7.2,38.6,0.0,0.0,48.3
2023-09-30T19:30Z,4,9,0.4,0.0,0.8,2.3,49.8,22.8,0.0,0.0,23.9
2023-09-30T19:30Z,5,164,19.1,0.0,35.4,0.7,10.9,9.1,0.0,0.0,24.8
2023-09-30T19:30Z,6,73,0.4,0.0,17.1,4.8,2.7,14.8,0.0,0.0,60.2
2023-09-30T19:30Z,7,172,0.3,0.2,42.8,0.9,1.3,7.8,0.0,0.0,46.6
2023-09-30T19:30Z,8,67,1.2,0.9,13.5,3.2,5.0,26.3,0.0,0.0,50.1
2023-09-30T19:30Z,9,299,8.9,9.8,49.8,0.3,5.1,4.8,0.0,0.0,21.4
2023-09-30T19:30Z,10,132,3.6,3.9,23.1,0.1,2.1,24.7,0.0,0.0,42.5
2023-09-30T19:30Z,11,365,0.0,0.0,92.7,0.0,0.0,0.0,0.0,0.0,7.3
2023-09-30T19:30Z,12,258,3.5,3.6,55.4,1.1,3.3,9.5,0.0,0.0,23.6
2023-09-30T19:30Z,13,222,2.5,2.6,49.3,1.6,1.8,13.9,0.0,0.0,28.3
2023-09-30T19:30Z,14,301,0.7,0.7,74.4,3.4,0.5,3.8,0.0,0.0,16.4
2023-09-30T19:30Z,15,176,3.9,2.4,37.4,1.9,5.9,15.8,0.0,0.0,32.6
2023-09-30T19:30Z,16,22,1.0,0.0,2.4,11.2,2.5,15.0,0.0,0.0,67.9
2023-09-30T19:30Z,17,134,0.3,0.0,33.0,4.2,0.7,4.6,0.0,0.0,57.1
2023-09-30T19:30Z,18,156,3.4,2.0,33.2,3.1,5.2,15.0,0.0,0.0,38.1
2023-09-30T20:00Z,1,0,0.0,0.0,0.0,20.7,0.0,0.0,0.0,0.0,79.3
2023-09-30T20:00Z,2,24,1.4,0.0,2.7,6.6,2.7,17.7,0.0,0.0,68.9
2023-09-30T20:00Z,3,17,0.4,0.0,3.3,2.0,7.1,38.0,0.0,0.0,49.3
2023-09-30T20:00Z,4,9,0.5,0.0,0.8,2.1,49.4,22.4,0.0,0.0,24.9
2023-09-30T20:00Z,5,157,18.7,0.0,33.8,0.7,10.8,9.6,0.0,0.1,26.3
2023-09-30T20:00Z,6,72,0.5,0.0,17.1,4.2,2.4,15.6,0.0,0.3,59.8
2023-09-30T20:00Z,7,150,0.4,0.1,37.4,0.9,1.5,8.3,0.0,0.9,50.5
2023-09-30T20:00Z,8,56,1.1,0.3,12.4,2.9,4.9,26.4,0.0,0.2,51.9
2023-09-30T20:00Z,9,232,10.2,3.7,46.8,0.4,5.9,5.5,0.0,0.3,27.3
2023-09-30T20:00Z,10,86,3.8,1.3,17.5,0.1,2.2,24.8,0.0,0.1,50.1
2023-09-30T20:00Z,11,364,0.0,0.0,92.5,0.0,0.0,0.0,0.0,0.0,7.5
2023-09-30T20:00Z,12,233,3.7,1.3,54.5,1.0,3.4,10.6,0.0,0.2,25.3
2023-09-30T20:00Z,13,200,2.5,0.9,47.7,1.5,1.7,14.6,0.0,0.1,31.0
2023-09-30T20:00Z,14,295,0.6,0.2,74.0,3.0,0.4,4.4,0.0,0.0,17.2
2023-09-30T20:00Z,15,154,4.2,0.9,35.4,1.7,6.1,16.4,0.0,0.0,35.3
2023-09-30T20:00Z,16,21,1.2,0.0,2.5,9.6,2.1,15.0,0.0,0.0,69.6
2023-09-30T20:00Z,17,130,0.4,0.0,32.1,4.1,0.6,4.5,0.0,0.0,58.3
2023-09-30T20:00Z,18,137,3.6,0.7,31.4,2.8,5.3,15.5,0.0,0.0,40.7
2023-09-30T20:30Z,1,0,0.0,0.0,0.0,20.3,0.0,0.0,0.0,0.0,79.7
2023-09-30T20:30Z,2,24,1.4,0.0,2.6,7.0,2.7,18.5,0.0,0.0,67.8
2023-09-30T20:30Z,3,17,0.4,0.0,3.3,2.1,6.6,39.2,0.0,0.0,48.4
2023-09-30T20:30Z,4,9,0.5,0.0,0.8,2.2,47.6,22.5,0.0,0.0,26.4
2023-09-30T20:30Z,5,137,18.0,0.0,28.8,0.7,12.0,9.8,0.0,0.0,30.7
2023-09-30T20:30Z,6,61,0.5,0.0,14.3,3.9,2.6,16.5,0.0,0.0,62.2
2023-09-30T20:30Z,7,149,0.3,0.1,37.4,0.8,1.5,9.1,0.0,0.0,50.8
2023-09-30T20:30Z,8,47,0.9,0.2,10.1,2.7,4.9,26.4,0.0,0.0,54.8
2023-09-30T20:30Z,9,201,10.1,2.4,41.9,0.4,6.7,5.6,0.0,0.0,32.8
2023-09-30T20:30Z,10,70,3.3,0.9,14.3,0.1,2.2,25.2,0.0,0.0,53.8
2023-09-30T20:30Z,11,363,0.0,0.0,92.1,0.0,0.0,0.7,0.0,0.0,7.2
2023-09-30T20:30Z,12,213,3.7,0.9,50.5,1.0,3.8,11.2,0.0,0.0,29.0
2023-09-30T20:30Z,13,171,2.5,0.6,41.2,1.4,1.9,15.2,0.0,0.0,37.2
2023-09-30T20:30Z,14,266,0.8,0.2,66.9,3.2,0.6,5.5,0.0,0.0,22.8
2023-09-30T20:30Z,15,138,4.1,0.6,31.8,1.7,6.3,16.8,0.0,0.0,38.7
2023-09-30T20:30Z,16,24,1.3,0.0,2.5,9.8,2.7,15.2,0.0,0.0,68.5
2023-09-30T20:30Z,17,125,0.4,0.0,30.6,3.7,0.9,4.7,0.0,0.0,59.8
2023-09-30T20:30Z,18,123,3.5,0.5,28.3,2.8,5.6,15.8,0.0,0.0,43.5
2023-09-30T21:00Z,1,0,0.0,0.0,0.0,18.2,0.0,0.0,0.0,0.0,81.8
2023-09-30T21:00Z,2,19,1.6,0.0,2.5,6.4,1.6,18.7,0.0,0.0,69.1
2023-09-30T21:00Z,3,14,0.5,0.0,2.7,1.9,6.5,38.1,0.0,0.0,50.2
2023-09-30T21:00Z,4,8,0.6,0.0,0.8,2.0,47.9,21.9,0.0,0.1,26.7
2023-09-30T21:00Z,5,122,16.4,0.0,25.6,0.8,12.5,10.6,0.0,0.1,34.1
2023-09-30T21:00Z,6,43,0.6,0.0,10.1,3.0,2.4,17.7,0.0,0.3,66.0
2023-09-30T21:00Z,7,148,0.3,0.0,37.2,0.8,1.3,10.6,0.0,0.7,49.2
2023-09-30T21:00Z,8,33,0.9,0.0,7.3,2.3,4.7,27.5,0.0,0.1,57.1
2023-09-30T21:00Z,9,160,9.8,0.0,37.5,0.5,7.5,6.4,0.0,0.2,38.2
2023-09-30T21:00Z,10,48,2.9,0.0,11.2,0.1,2.2,25.6,0.0,0.2,57.8
2023-09-30T21:00Z,11,349,0.0,0.0,88.6,0.1,0.0,2.5,0.0,0.0,8.7
2023-09-30T21:00Z,12,175,3.8,0.0,43.0,1.1,4.3,13.6,0.0,0.1,34.0
2023-09-30T21:00Z,13,142,2.3,0.0,35.3,1.2,2.0,17.2,0.0,0.2,41.8
2023-09-30T21:00Z,14,248,0.7,0.0,62.6,2.9,0.6,7.0,0.0,0.3,25.9
2023-09-30T21:00Z,15,117,3.9,0.0,28.3,1.6,6.5,17.9,0.0,0.1,41.7
2023-09-30T21:00Z,16,16,1.3,0.0,2.2,8.5,1.3,15.2,0.0,0.2,71.3
2023-09-30T21:00Z,17,120,0.4,0.0,29.8,3.1,0.4,5.2,0.0,0.5,60.6
2023-09-30T21:00Z,18,105,3.3,0.0,25.2,2.5,5.5,16.7,0.0,0.2,46.5
2023-09-30T21:30Z,1,0,0.0,0.0,0.0,16.4,0.0,0.0,0.0,0.0,83.6
2023-09-30T21:30Z,2,16,1.5,0.0,1.7,6.1,1.6,20.3,0.0,0.0,68.9
2023-09-30T21:30Z,3,11,0.5,0.0,2.0,1.8,6.6,40.5,0.0,0.0,48.6
2023-09-30T21:30Z,4,6,0.5,0.0,0.5,1.8,47.9,23.5,0.0,0.0,25.8
2023-09-30T21:30Z,5,92,16.7,0.0,17.9,0.7,14.2,12.0,0.0,0.0,38.5
2023-09-30T21:30Z,6,27,0.6,0.0,5.9,2.7,2.7,19.6,0.0,0.0,68.6
2023-09-30T21:30Z,7,75,0.4,0.0,18.5,1.0,2.3,13.8,0.0,0.0,64.0
2023-09-30T21:30Z,8,22,0.8,0.0,4.7,2.1,5.0,29.8,0.0,0.0,57.6
2023-09-30T21:30Z,9,138,10.1,0.0,31.9,0.4,8.6,7.0,0.0,0.0,41.9
2023-09-30T21:30Z,10,42,3.0,0.0,9.6,0.1,2.5,26.5,0.0,0.0,58.3
2023-09-30T21:30Z,11,285,1.0,0.0,72.0,0.3,1.2,5.4,0.0,0.0,20.1
2023-09-30T21:30Z,12,132,4.4,0.0,31.7,1.1,5.6,16.2,0.0,0.0,41.1
2023-09-30T21:30Z,13,102,2.7,0.0,25.0,1.1,2.6,19.5,0.0,0.0,49.0
2023-09-30T21:30Z,14,195,1.2,0.0,49.1,2.9,1.1,9.3,0.0,0.0,36.4
2023-09-30T21:30Z,15,88,4.1,0.0,20.9,1.5,7.2,19.8,0.0,0.0,46.5
2023-09-30T21:30Z,16,14,1.2,0.0,1.7,8.0,1.3,16.6,0.0,0.0,71.2
2023-09-30T21:30Z,17,77,0.5,0.0,18.8,3.3,0.5,6.6,0.0,0.0,70.4
2023-09-30T21:30Z,18,79,3.5,0.0,18.4,2.4,6.1,18.6,0.0,0.0,50.9
2023-09-30T22:00Z,1,0,0.0,0.0,0.0,14.9,0.0,0.0,0.0,0.0,85.1
2023-09-30T22:00Z,2,10,1.7,0.0,1.4,5.6,0.5,20.5,0.0,0.0,70.3
2023-09-30T22:00Z,3,8,0.5,0.0,1.8,1.6,6.6,40.4,0.0,0.0,49.2
2023-09-30T22:00Z,4,4,0.6,0.0,0.4,1.7,48.7,24.0,0.0,0.0,24.7
2023-09-30T22:00Z,5,81,17.1,0.0,15.0,0.7,14.0,12.1,0.0,0.0,41.0
2023-09-30T22:00Z,6,22,0.7,0.0,5.1,3.1,2.3,19.8,0.0,0.0,69.0
2023-09-30T22:00Z,7,78,0.4,0.0,19.5,1.0,2.1,13.5,0.0,0.0,63.5
2023-09-30T22:00Z,8,20,1.0,0.0,4.5,2.2,4.8,30.5,0.0,0.0,57.0
2023-09-30T22:00Z,9,139,9.9,0.0,32.2,0.4,8.1,7.0,0.0,0.0,42.3
2023-09-30T22:00Z,10,42,2.9,0.0,9.8,0.1,2.4,26.4,0.0,0.1,58.3
2023-09-30T22:00Z,11,248,1.7,0.0,62.3,0.5,2.0,6.6,0.0,0.3,26.7
2023-09-30T22:00Z,12,123,4.7,0.0,29.6,1.1,5.5,16.4,0.0,0.0,42.7
2023-09-30T22:00Z,13,96,2.7,0.0,23.4,1.0,2.5,19.7,0.0,0.1,50.6
2023-09-30T22:00Z,14,185,1.2,0.0,46.7,2.7,1.1,9.8,0.0,0.1,38.4
2023-09-30T22:00Z,15,84,4.1,0.0,19.8,1.5,7.2,20.0,0.0,0.2,47.2
2023-09-30T22:00Z,16,10,1.3,0.0,1.7,7.7,0.4,16.9,0.0,0.1,71.8
2023-09-30T22:00Z,17,61,0.5,0.0,15.0,3.1,0.2,6.8,0.0,0.2,74.2
2023-09-30T22:00Z,18,73,3.6,0.0,17.3,2.3,5.9,18.8,0.0,0.2,51.9
2023-09-30T22:30Z,1,0,0.0,0.0,0.0,14.4,0.0,0.0,0.0,0.0,85.6
2023-09-30T22:30Z,2,17,1.7,0.0,1.2,5.5,2.2,20.7,0.0,0.0,68.6
2023-09-30T22:30Z,3,9,0.5,0.0,1.4,1.6,6.8,40.4,0.0,0.0,49.3
2023-09-30T22:30Z,4,7,0.6,0.0,0.4,1.6,48.2,23.1,0.0,0.0,26.0
2023-09-30T22:30Z,5,76,16.4,0.0,13.9,0.7,13.6,11.6,0.0,0.0,43.8
2023-09-30T22:30Z,6,22,0.7,0.0,4.3,3.1,3.0,19.4,0.0,0.0,69.5
2023-09-30T22:30Z,7,68,0.5,0.0,16.8,1.0,2.5,13.4,0.0,0.0,65.9
2023-09-30T22:30Z,8,21,1.0,0.0,4.2,2.1,5.2,29.5,0.0,0.0,57.9
2023-09-30T22:30Z,9,139,9.3,0.0,32.3,0.4,7.8,6.7,0.0,0.0,43.6
2023-09-30T22:30Z,10,43,2.9,0.0,10.1,0.1,2.4,25.1,0.0,0.0,59.5
2023-09-30T22:30Z,11,230,2.1,0.0,57.6,0.5,2.6,6.2,0.0,0.0,31.1
2023-09-30T22:30Z,12,116,4.6,0.0,27.6,1.1,5.8,15.9,0.0,0.0,45.0
2023-09-30T22:30Z,13,87,2.7,0.0,21.0,0.9,2.6,19.7,0.0,0.0,53.0
2023-09-30T22:30Z,14,170,1.3,0.0,42.8,2.6,1.2,9.5,0.0,0.0,42.6
2023-09-30T22:30Z,15,80,4.1,0.0,18.6,1.4,7.3,19.6,0.0,0.0,49.1
2023-09-30T22:30Z,16,16,1.5,0.0,1.6,7.5,1.8,16.6,0.0,0.0,71.1
2023-09-30T22:30Z,17,61,0.6,0.0,14.5,3.0,0.7,6.7,0.0,0.0,74.5
2023-09-30T22:30Z,18,70,3.5,0.0,16.2,2.3,6.2,18.4,0.0,0.0,53.4
2023-09-30T23:00Z,1,0,0.0,0.0,0.0,15.0,0.0,0.0,0.0,0.0,85.0
2023-09-30T23:00Z,2,14,1.7,0.0,1.3,6.0,1.4,20.3,0.0,0.0,69.2
2023-09-30T23:00Z,3,9,0.5,0.0,1.6,1.6,6.6,38.9,0.0,0.0,50.6
2023-09-30T23:00Z,4,6,0.6,0.0,0.4,1.6,49.9,21.3,0.0,0.1,26.0
2023-09-30T23:00Z,5,74,16.3,0.0,13.6,0.6,13.5,10.4,0.0,0.0,45.5
2023-09-30T23:00Z,6,20,0.7,0.0,4.2,2.7,2.7,19.1,0.0,0.1,70.5
2023-09-30T23:00Z,7,80,0.4,0.0,19.9,0.9,2.2,12.0,0.0,0.2,64.4
2023-09-30T23:00Z,8,19,1.0,0.0,4.0,2.1,5.0,29.0,0.0,0.1,58.9
2023-09-30T23:00Z,9,130,9.5,0.0,29.8,0.4,7.8,6.2,0.0,0.0,46.3
2023-09-30T23:00Z,10,39,2.8,0.0,8.9,0.1,2.3,23.9,0.0,0.0,61.9
2023-09-30T23:00Z,11,242,1.8,0.0,60.6,0.4,2.2,5.4,0.0,0.1,29.5
2023-09-30T23:00Z,12,114,4.6,0.0,27.2,1.1,5.6,15.2,0.0,0.1,46.3
2023-09-30T23:00Z,13,82,2.7,0.0,19.8,0.8,2.6,18.8,0.0,0.0,55.2
2023-09-30T23:00Z,14,164,1.3,0.0,41.2,2.2,1.2,9.3,0.0,0.1,44.7
2023-09-30T23:00Z,15,78,4.0,0.0,18.3,1.3,7.3,18.7,0.0,0.0,50.3
2023-09-30T23:00Z,16,14,1.7,0.0,1.6,7.7,1.1,16.0,0.0,0.0,71.8
2023-09-30T23:00Z,17,56,0.7,0.0,13.5,3.3,0.5,6.5,0.0,0.0,75.5
2023-09-30T23:00Z,18,68,3.5,0.0,15.8,2.3,6.1,17.6,0.0,0.0,54.7
2023-09-30T23:30Z,1,0,0.0,0.0,0.0,13.7,0.0,0.0,0.0,0.0,86.3
2023-09-30T23:30Z,2,9,1.6,0.0,1.7,5.4,0.0,21.2,0.0,0.0,70.1
2023-09-30T23:30Z,3,4,0.4,0.0,0.9,1.4,6.9,40.3,0.0,0.0,50.0
2023-09-30T23:30Z,4,4,0.5,0.0,0.5,1.2,52.2,22.3,0.0,0.0,23.3
2023-09-30T23:30Z,5,79,16.7,0.0,14.8,0.5,13.4,10.3,0.0,0.0,44.3
2023-09-30T23:30Z,6,22,0.6,0.0,5.4,3.4,2.3,19.8,0.0,0.0,68.5
2023-09-30T23:30Z,7,73,0.4,0.0,18.4,1.0,2.1,14.3,0.0,0.0,63.7
2023-09-30T23:30Z,8,16,0.9,0.0,3.8,2.2,4.9,29.9,0.0,0.0,58.2
2023-09-30T23:30Z,9,107,10.7,0.0,23.8,0.3,8.6,6.7,0.0,0.0,49.9
2023-09-30T23:30Z,10,34,2.9,0.0,7.6,0.1,2.3,24.9,0.0,0.0,62.2
2023-09-30T23:30Z,11,280,1.1,0.0,70.7,0.3,1.3,3.8,0.0,0.0,22.9
2023-09-30T23:30Z,12,124,4.7,0.0,29.9,1.0,5.5,14.6,0.0,0.0,44.2
2023-09-30T23:30Z,13,94,2.6,0.0,23.1,0.7,2.4,18.3,0.0,0.0,52.9
2023-09-30T23:30Z,14,192,1.1,0.0,48.5,1.7,0.9,8.0,0.0,0.0,39.8
2023-09-30T23:30Z,15,81,4.0,0.0,19.2,1.2,7.3,19.1,0.0,0.0,49.1
2023-09-30T23:30Z,16,11,2.2,0.0,2.0,6.0,0.0,16.8,0.0,0.0,73.0
2023-09-30T23:30Z,17,46,0.9,0.0,11.3,5.4,0.0,6.7,0.0,0.0,75.7
2023-09-30T23:30Z,18,69,3.6,0.0,16.5,2.1,5.9,18.0,0.0,0.0,54.0
2023-10-01T00:00Z,1,0,0.0,0.0,0.0,15.9,0.0,0.0,0.0,0.0,84.1
2023-10-01T00:00Z,2,8,1.5,0.0,1.6,6.0,0.0,23.0,0.0,0.0,68.0
2023-10-01T00:00Z,3,4,0.4,0.0,0.8,1.6,7.9,44.5,0.0,0.0,44.7
2023-10-01T00:00Z,4,3,0.4,0.0,0.3,1.4,53.8,25.8,0.0,0.2,18.1
2023-10-01T00:00Z,5,71,15.9,0.0,13.1,0.6,15.5,11.9,0.0,0.1,42.9
2023-10-01T00:00Z,6,21,0.6,0.0,5.2,3.6,2.8,22.6,0.0,0.1,65.2
2023-10-01T00:00Z,7,48,0.4,0.0,12.0,1.1,3.0,16.5,0.0,0.2,66.7
2023-10-01T00:00Z,8,16,0.9,0.0,3.6,2.4,5.9,33.3,0.0,0.1,53.8
2023-10-01T00:00Z,9,103,10.3,0.0,22.9,0.4,10.0,7.7,0.0,0.1,48.7
2023-10-01T00:00Z,10,31,2.7,0.0,7.0,0.1,2.6,28.4,0.0,0.0,59.2
2023-10-01T00:00Z,11,270,1.2,0.0,68.2,0.3,1.7,4.3,0.0,0.4,24.0
2023-10-01T00:00Z,12,120,4.5,0.0,28.9,1.1,6.4,17.0,0.0,0.1,41.9
2023-10-01T00:00Z,13,86,2.5,0.0,21.2,0.8,2.8,21.2,0.0,0.0,51.5
2023-10-01T00:00Z,14,183,1.1,0.0,46.0,2.0,1.2,9.2,0.0,0.1,40.5
2023-10-01T00:00Z,15,75,3.8,0.0,17.8,1.3,8.2,21.8,0.0,0.0,47.0
2023-10-01T00:00Z,16,10,2.1,0.0,1.9,6.4,0.0,18.9,0.0,0.0,70.8
2023-10-01T00:00Z,17,40,0.8,0.0,9.9,5.3,0.0,7.8,0.0,0.1,76.1
2023-10-01T00:00Z,18,64,3.4,0.0,15.1,2.3,6.6,20.5,0.0,0.0,52.1
2023-10-01T00:30Z,1,0,0.0,0.0,0.0,13.8,0.0,0.0,0.0,0.0,86.2
2023-10-01T00:30Z,2,9,1.6,0.0,1.7,5.4,0.0,21.3,0.0,0.0,70.0
2023-10-01T00:30Z,3,4,0.4,0.0,0.8,1.4,7.2,42.3,0.0,0.0,47.8
2023-10-01T00:30Z,4,4,0.5,0.0,0.4,1.2,52.7,24.0,0.0,0.0,21.2
2023-10-01T00:30Z,5,76,17.2,0.0,14.1,0.5,13.5,10.7,0.0,0.0,44.1
2023-10-01T00:30Z,6,22,0.6,0.0,5.3,3.0,2.6,21.4,0.0,0.0,67.1
2023-10-01T00:30Z,7,54,0.6,0.0,13.5,1.0,2.7,15.5,0.0,0.0,66.7
2023-10-01T00:30Z,8,17,1.1,0.0,4.0,2.0,5.4,31.3,0.0,0.0,56.2
2023-10-01T00:30Z,9,108,10.9,0.0,23.9,0.3,8.6,6.6,0.0,0.0,49.7
2023-10-01T00:30Z,10,28,2.8,0.0,6.2,0.1,2.2,25.4,0.0,0.0,63.2
2023-10-01T00:30Z,11,279,1.3,0.0,70.3,0.2,1.5,3.6,0.0,0.0,23.0
2023-10-01T00:30Z,12,129,4.9,0.0,31.3,0.9,5.6,15.1,0.0,0.0,42.2
2023-10-01T00:30Z,13,94,2.6,0.0,23.1,0.7,2.3,19.0,0.0,0.0,52.4
2023-10-01T00:30Z,14,199,1.0,0.0,50.3,1.7,0.8,8.0,0.0,0.0,38.3
2023-10-01T00:30Z,15,79,4.1,0.0,18.9,1.1,7.4,19.8,0.0,0.0,48.7
2023-10-01T00:30Z,16,10,2.1,0.0,1.9,5.6,0.0,17.5,0.0,0.0,72.8
2023-10-01T00:30Z,17,58,0.9,0.0,14.5,3.9,0.0,7.0,0.0,0.0,73.8
2023-10-01T00:30Z,18,69,3.6,0.0,16.4,1.9,5.9,18.6,0.0,0.0,53.5
2023-10-01T01:00Z,1,0,0.0,0.0,0.0,14.3,0.0,0.0,0.0,0.0,85.7
2023-10-01T01:00Z,2,9,1.8,0.0,1.7,5.5,0.0,21.5,0.0,0.0,69.5
2023-10-01T01:00Z,3,4,0.5,0.0,0.7,1.4,7.1,42.3,0.0,0.0,47.9
2023-10-01T01:00Z,4,4,0.5,0.0,0.4,1.4,52.1,23.8,0.0,0.1,21.7
2023-10-01T01:00Z,5,77,16.9,0.0,14.3,0.5,12.9,10.3,0.0,0.1,45.0
2023-10-01T01:00Z,6,24,0.7,0.0,5.9,3.3,2.6,22.1,0.0,0.0,65.4
2023-10-01T01:00Z,7,56,0.7,0.0,13.9,1.1,2.7,15.6,0.0,0.1,66.0
2023-10-01T01:00Z,8,19,1.3,0.0,4.5,2.1,5.3,31.5,0.0,0.0,55.2
2023-10-01T01:00Z,9,110,10.6,0.0,24.5,0.3,8.1,6.3,0.0,0.1,50.1
2023-10-01T01:00Z,10,27,2.6,0.0,6.0,0.1,2.0,26.0,0.0,0.0,63.4
2023-10-01T01:00Z,11,277,1.4,0.0,69.8,0.2,1.5,3.5,0.0,0.3,23.4
2023-10-01T01:00Z,12,128,5.0,0.0,31.0,0.9,5.5,14.9,0.0,0.1,42.6
2023-10-01T01:00Z,13,91,2.4,0.0,22.4,0.7,2.0,19.0,0.0,0.0,53.5
2023-10-01T01:00Z,14,197,0.8,0.0,49.8,1.7,0.6,8.0,0.0,0.0,39.0
2023-10-01T01:00Z,15,79,4.1,0.0,18.8,1.1,7.3,19.9,0.0,0.0,48.9
2023-10-01T01:00Z,16,10,2.2,0.0,1.9,5.5,0.0,17.6,0.0,0.0,72.8
2023-10-01T01:00Z,17,62,0.9,0.0,15.4,4.4,0.0,7.2,0.0,0.0,72.1
2023-10-01T01:00Z,18,69,3.6,0.0,16.3,1.9,5.8,18.7,0.0,0.0,53.6
2023-10-01T01:30Z,1,0,0.0,0.0,0.0,14.7,0.0,0.0,0.0,0.0,85.3
2023-10-01T01:30Z,2,9,1.9,0.0,1.8,5.5,0.0,22.6,0.0,0.0,68.1
2023-10-01T01:30Z,3,4,0.5,0.0,0.8,1.4,6.2,44.2,0.0,0.0,46.9
2023-10-01T01:30Z,4,4,0.6,0.0,0.5,1.4,48.6,25.5,0.0,0.0,23.5
2023-10-01T01:30Z,5,81,17.6,0.0,15.1,0.4,10.8,10.2,0.0,0.0,45.9
2023-10-01T01:30Z,6,18,0.8,0.0,4.4,3.5,2.4,23.3,0.0,0.0,65.5
2023-10-01T01:30Z,7,60,0.7,0.0,15.0,1.1,2.3,16.6,0.0,0.0,64.3
2023-10-01T01:30Z,8,19,1.5,0.0,4.4,2.1,4.7,33.0,0.0,0.0,54.2
2023-10-01T01:30Z,9,116,10.8,0.0,26.0,0.3,6.6,6.3,0.0,0.0,50.1
2023-10-01T01:30Z,10,27,2.6,0.0,6.2,0.1,1.6,26.4,0.0,0.0,63.2
2023-10-01T01:30Z,11,293,1.0,0.0,74.1,0.2,0.9,3.5,0.0,0.0,20.3
2023-10-01T01:30Z,12,135,5.2,0.0,32.8,0.9,4.6,15.1,0.0,0.0,41.4
2023-10-01T01:30Z,13,93,2.4,0.0,22.8,0.7,1.6,19.3,0.0,0.0,53.2
2023-10-01T01:30Z,14,197,0.8,0.0,49.8,1.7,0.5,8.2,0.0,0.0,39.1
2023-10-01T01:30Z,15,82,4.2,0.0,19.6,1.2,6.3,20.5,0.0,0.0,48.3
2023-10-01T01:30Z,16,11,2.3,0.0,2.0,5.8,0.0,18.1,0.0,0.0,71.8
2023-10-01T01:30Z,17,57,1.0,0.0,14.1,4.8,0.0,7.5,0.0,0.0,72.5
2023-10-01T01:30Z,18,71,3.8,0.0,16.8,2.0,5.0,19.3,0.0,0.0,53.1
2023-10-01T02:00Z,1,0,0.0,0.0,0.0,14.9,0.0,0.0,0.0,0.0,85.1
2023-10-01T02:00Z,2,10,2.0,0.0,1.9,5.6,0.0,23.1,0.0,0.0,67.4
2023-10-01T02:00Z,3,4,0.5,0.0,0.8,1.4,6.4,45.8,0.0,0.0,45.0
2023-10-01T02:00Z,4,4,0.6,0.0,0.4,1.4,49.5,27.3,0.0,0.0,20.8
2023-10-01T02:00Z,5,81,18.2,0.0,15.0,0.4,10.7,10.2,0.0,0.0,45.4
2023-10-01T02:00Z,6,24,0.8,0.0,5.9,3.3,2.4,24.6,0.0,0.4,62.5
2023-10-01T02:00Z,7,55,0.8,0.0,13.7,1.0,2.4,17.5,0.0,0.9,63.6
2023-10-01T02:00Z,8,23,1.6,0.0,5.2,2.0,4.9,34.4,0.0,0.3,51.6
2023-10-01T02:00Z,9,119,10.9,0.0,26.9,0.3,6.4,6.5,0.0,0.0,49.0
2023-10-01T02:00Z,10,28,2.5,0.0,6.3,0.1,1.5,27.3,0.0,0.1,62.3
2023-10-01T02:00Z,11,298,0.9,0.0,75.4,0.2,0.7,3.6,0.0,0.9,18.3
2023-10-01T02:00Z,12,136,5.4,0.0,32.9,0.9,4.6,15.5,0.0,0.1,40.7
2023-10-01T02:00Z,13,93,2.3,0.0,22.9,0.7,1.5,20.1,0.0,0.2,52.3
2023-10-01T02:00Z,14,198,0.7,0.0,50.1,1.7,0.4,8.4,0.0,0.5,38.2
2023-10-01T02:00Z,15,83,4.3,0.0,19.7,1.1,6.2,21.3,0.0,0.2,47.1
2023-10-01T02:00Z,16,10,2.4,0.0,1.9,5.6,0.0,18.9,0.0,0.0,71.3
2023-10-01T02:00Z,17,62,1.0,0.0,15.4,5.0,0.0,7.7,0.0,0.9,69.9
2023-10-01T02:00Z,18,72,3.8,0.0,17.0,2.0,5.0,20.1,0.0,0.2,51.9
2023-10-01T02:30Z,1,0,0.0,0.0,0.0,15.7,0.0,0.0,0.0,0.0,84.3
2023-10-01T02:30Z,2,9,2.1,0.0,1.8,5.6,0.0,23.3,0.0,0.0,67.2
2023-10-01T02:30Z,3,5,0.5,0.0,1.0,1.4,6.9,45.9,0.0,0.0,44.2
2023-10-01T02:30Z,4,4,0.6,0.0,0.4,1.2,51.1,27.1,0.0,0.0,19.7
2023-10-01T02:30Z,5,82,17.8,0.0,15.3,0.4,11.2,9.9,0.0,0.0,45.5
2023-10-01T02:30Z,6,23,0.8,0.0,5.5,3.4,2.7,24.6,0.0,0.0,62.9
2023-10-01T02:30Z,7,63,0.9,0.0,15.6,1.0,2.8,17.1,0.0,0.0,62.6
2023-10-01T02:30Z,8,23,1.7,0.0,5.4,2.0,5.3,34.2,0.0,0.0,51.4
2023-10-01T02:30Z,9,121,10.6,0.0,27.3,0.2,6.7,6.1,0.0,0.0,49.0
2023-10-01T02:30Z,10,28,2.5,0.0,6.4,0.1,1.6,27.1,0.0,0.0,62.4
2023-10-01T02:30Z,11,290,1.2,0.0,73.3,0.2,1.1,3.5,0.0,0.0,20.7
2023-10-01T02:30Z,12,136,5.3,0.0,32.8,0.8,4.9,15.3,0.0,0.0,40.8
2023-10-01T02:30Z,13,90,2.4,0.0,22.0,0.6,1.7,19.7,0.0,0.0,53.6
2023-10-01T02:30Z,14,193,0.8,0.0,48.7,1.7,0.5,8.1,0.0,0.0,40.2
2023-10-01T02:30Z,15,83,4.3,0.0,19.8,1.0,6.6,21.2,0.0,0.0,47.0
2023-10-01T02:30Z,16,10,2.4,0.0,1.8,5.4,0.0,18.9,0.0,0.0,71.6
2023-10-01T02:30Z,17,65,1.0,0.0,16.3,3.8,0.0,7.6,0.0,0.0,71.4
2023-10-01T02:30Z,18,72,3.8,0.0,17.1,1.8,5.3,19.9,0.0,0.0,52.1
2023-10-01T03:00Z,1,0,0.0,0.0,0.0,15.6,0.0,0.0,0.0,0.0,84.4
2023-10-01T03:00Z,2,10,2.1,0.0,1.9,5.6,0.0,23.6,0.0,0.0,66.8
2023-10-01T03:00Z,3,4,0.5,0.0,0.7,1.4,7.3,46.5,0.0,0.1,43.6
2023-10-01T03:00Z,4,4,0.5,0.0,0.4,1.2,52.7,27.7,0.0,0.3,17.3
2023-10-01T03:00Z,5,80,17.9,0.0,14.9,0.4,11.5,10.0,0.0,0.1,45.3
2023-10-01T03:00Z,6,23,0.8,0.0,5.6,3.5,2.9,25.2,0.0,0.3,61.6
2023-10-01T03:00Z,7,62,0.9,0.0,15.4,1.1,2.9,16.9,0.0,0.8,62.2
2023-10-01T03:00Z,8,23,1.7,0.0,5.3,2.1,5.5,34.6,0.0,0.3,50.6
2023-10-01T03:00Z,9,121,10.7,0.0,27.4,0.2,6.9,5.9,0.0,0.0,48.9
2023-10-01T03:00Z,10,29,2.6,0.0,6.6,0.1,1.6,26.2,0.0,0.0,63.0
2023-10-01T03:00Z,11,287,1.3,0.0,72.5,0.2,1.2,3.3,0.0,1.4,20.1
2023-10-01T03:00Z,12,134,5.4,0.0,32.4,0.9,5.1,15.5,0.0,0.1,40.6
2023-10-01T03:00Z,13,91,2.4,0.0,22.5,0.6,1.8,19.5,0.0,0.1,53.1
2023-10-01T03:00Z,14,196,0.8,0.0,49.5,1.7,0.5,7.9,0.0,0.3,39.2
2023-10-01T03:00Z,15,83,4.3,0.0,19.8,0.9,6.8,21.2,0.0,0.1,46.9
2023-10-01T03:00Z,16,10,2.5,0.0,1.7,5.1,0.0,19.3,0.0,0.0,71.3
2023-10-01T03:00Z,17,71,1.0,0.0,17.8,3.1,0.0,7.6,0.0,1.4,69.1
2023-10-01T03:00Z,18,72,3.8,0.0,17.1,1.7,5.4,20.0,0.0,0.2,51.8
2023-10-01T03:30Z,1,0,0.0,0.0,0.0,15.4,0.0,0.0,0.0,0.0,84.6
2023-10-01T03:30Z,2,10,2.1,0.0,1.8,5.5,0.0,24.0,0.0,0.0,66.6
2023-10-01T03:30Z,3,4,0.5,0.0,0.7,1.3,7.3,46.4,0.0,0.0,43.7
2023-10-01T03:30Z,4,4,0.5,0.0,0.4,1.1,53.1,27.5,0.0,0.0,17.4
2023-10-01T03:30Z,5,81,18.0,0.0,14.9,0.3,11.5,9.8,0.0,0.0,45.5
2023-10-01T03:30Z,6,23,0.8,0.0,5.6,4.4,2.9,25.3,0.0,0.0,61.1
2023-10-01T03:30Z,7,62,0.9,0.0,15.4,1.2,2.9,17.3,0.0,0.0,62.4
2023-10-01T03:30Z,8,23,1.7,0.0,5.3,2.4,5.5,34.6,0.0,0.0,50.5
2023-10-01T03:30Z,9,121,10.8,0.0,27.5,0.2,6.9,5.7,0.0,0.0,49.0
2023-10-01T03:30Z,10,29,2.6,0.0,6.6,0.0,1.6,26.1,0.0,0.0,63.0
2023-10-01T03:30Z,11,291,1.3,0.0,73.5,0.2,1.2,3.3,0.0,0.0,20.4
2023-10-01T03:30Z,12,134,5.4,0.0,32.4,1.0,5.1,15.4,0.0,0.0,40.7
2023-10-01T03:30Z,13,92,2.4,0.0,22.5,0.6,1.8,19.5,0.0,0.0,53.2
2023-10-01T03:30Z,14,197,0.8,0.0,49.7,1.6,0.5,7.9,0.0,0.0,39.4
2023-10-01T03:30Z,15,83,4.3,0.0,19.8,0.9,6.8,21.4,0.0,0.0,46.9
2023-10-01T03:30Z,16,10,2.5,0.0,1.7,5.2,0.0,19.6,0.0,0.0,71.0
2023-10-01T03:30Z,17,73,1.0,0.0,18.2,2.3,0.0,7.9,0.0,0.0,70.6
2023-10-01T03:30Z,18,72,3.8,0.0,17.2,1.6,5.4,20.2,0.0,0.0,51.9
2023-10-01T04:00Z,1,0,0.0,0.0,0.0,16.1,0.0,0.0,0.0,0.0,83.9
2023-10-01T04:00Z,2,10,2.1,0.0,1.9,5.5,0.0,24.4,0.0,0.0,66.1
2023-10-01T04:00Z,3,3,0.5,0.0,0.6,1.3,7.3,47.6,0.0,0.0,42.7
2023-10-01T04:00Z,4,4,0.5,0.0,0.4,1.1,53.8,27.4,0.0,0.0,16.8
2023-10-01T04:00Z,5,81,18.1,0.0,15.0,0.3,11.6,9.9,0.0,0.0,45.0
2023-10-01T04:00Z,6,23,0.8,0.0,5.6,5.3,2.9,25.9,0.0,0.0,59.5
2023-10-01T04:00Z,7,81,0.8,0.0,20.3,1.3,2.5,17.3,0.0,0.0,57.7
2023-10-01T04:00Z,8,23,1.7,0.0,5.3,2.7,5.7,34.7,0.0,0.0,50.0
2023-10-01T04:00Z,9,123,10.8,0.0,27.9,0.2,6.9,5.8,0.0,0.0,48.3
2023-10-01T04:00Z,10,30,2.6,0.0,6.7,0.0,1.7,26.4,0.0,0.0,62.6
2023-10-01T04:00Z,11,292,1.3,0.0,73.7,0.2,1.2,3.7,0.0,0.0,19.8
2023-10-01T04:00Z,12,135,5.5,0.0,32.5,1.1,5.2,15.3,0.0,0.0,40.5
2023-10-01T04:00Z,13,94,2.4,0.0,23.1,0.6,1.7,19.6,0.0,0.0,52.5
2023-10-01T04:00Z,14,200,0.8,0.0,50.6,1.6,0.5,8.2,0.0,0.0,38.3
2023-10-01T04:00Z,15,83,3.6,0.0,19.9,0.9,7.0,21.7,0.0,0.0,46.9
2023-10-01T04:00Z,16,10,2.4,0.0,1.7,5.2,0.0,19.9,0.0,0.0,70.8
2023-10-01T04:00Z,17,73,1.0,0.0,18.2,2.6,0.0,8.0,0.0,0.0,70.2
2023-10-01T04:00Z,18,73,3.3,0.0,17.2,1.6,5.5,20.5,0.0,0.0,51.9
