from,regions.regionid,regions.intensity.forecast,biomass,coal,gas,hydro,imports,nuclear,other,solar,wind
2023-05-14T19:30Z,1,0,0.0,0.0,0.0,17.2,0.0,0.0,0.0,0.0,82.8
2023-05-14T19:30Z,2,1,1.2,0.0,0.0,0.8,2.1,38.5,0.0,0.0,57.3
2023-05-14T19:30Z,3,65,0.1,0.0,16.4,0.1,6.0,43.1,0.0,0.0,34.4
2023-05-14T19:30Z,4,1,0.1,0.0,0.0,0.0,66.6,30.8,0.0,0.0,2.4
2023-05-14T19:30Z,5,219,27.7,0.0,47.1,0.0,10.3,8.5,0.0,0.0,6.4
2023-05-14T19:30Z,6,31,0.2,0.0,6.7,19.8,4.4,23.6,0.0,0.0,45.4
2023-05-14T19:30Z,7,382,0.0,0.0,96.9,0.0,0.0,0.0,0.0,0.0,3.1
2023-05-14T19:30Z,8,223,0.3,0.0,56.3,3.2,2.6,18.4,0.0,0.0,19.2
2023-05-14T19:30Z,9,324,9.9,0.0,79.2,0.0,3.7,3.2,0.0,0.0,3.9
2023-05-14T19:30Z,10,315,4.5,0.0,78.3,0.1,7.9,1.5,0.0,0.0,7.7
2023-05-14T19:30Z,11,339,0.6,0.0,85.7,0.2,7.6,1.1,0.0,0.0,4.7
2023-05-14T19:30Z,12,224,2.3,0.0,55.3,0.7,31.1,5.3,0.0,0.0,5.3
2023-05-14T19:30Z,13,189,1.2,0.0,46.1,0.7,46.1,1.7,0.0,0.0,4.1
2023-05-14T19:30Z,14,147,0.0,0.0,35.3,0.9,61.0,0.1,0.0,0.0,2.7
2023-05-14T19:30Z,15,203,4.9,0.0,49.5,1.0,19.1,12.3,0.0,0.0,13.1
2023-05-14T19:30Z,16,37,0.9,0.0,8.9,6.0,0.1,26.0,0.0,0.0,58.0
2023-05-14T19:30Z,17,297,0.0,0.0,74.8,12.5,1.0,0.0,0.0,0.0,11.7
2023-05-14T19:30Z,18,187,4.1,0.0,45.9,2.5,15.4,13.3,0.0,0.0,18.9
2023-05-14T20:00Z,1,0,0.0,0.0,0.0,14.6,0.0,0.0,0.0,0.0,85.4
2023-05-14T20:00Z,2,2,1.3,0.0,0.0,0.1,3.5,41.6,0.0,0.0,53.4
2023-05-14T20:00Z,3,68,0.0,0.0,17.2,0.0,6.0,43.5,0.0,0.0,33.1
2023-05-14T20:00Z,4,1,0.1,0.0,0.0,0.0,67.4,29.9,0.0,0.0,2.5
2023-05-14T20:00Z,5,220,28.4,0.0,47.1,0.0,10.0,8.0,0.0,0.0,6.4
2023-05-14T20:00Z,6,31,0.2,0.0,7.8,12.7,3.3,25.1,0.0,0.0,51.0
2023-05-14T20:00Z,7,383,0.0,0.0,97.2,0.0,0.0,0.0,0.0,0.0,2.8
2023-05-14T20:00Z,8,235,0.4,0.0,59.5,1.8,2.4,17.8,0.0,0.0,18.2
2023-05-14T20:00Z,9,324,9.8,0.0,79.2,0.0,3.5,3.6,0.0,0.0,3.9
2023-05-14T20:00Z,10,316,4.4,0.0,78.6,0.0,7.7,1.7,0.0,0.0,7.5
2023-05-14T20:00Z,11,356,0.3,0.0,90.1,0.1,4.2,0.5,0.0,0.0,4.8
2023-05-14T20:00Z,12,225,2.2,0.0,55.4,0.5,31.0,6.1,0.0,0.0,4.8
2023-05-14T20:00Z,13,190,1.2,0.0,46.5,0.5,45.4,2.4,0.0,0.0,4.0
2023-05-14T20:00Z,14,145,0.0,0.0,35.0,0.6,61.5,0.2,0.0,0.0,2.7
2023-05-14T20:00Z,15,206,5.0,0.0,50.4,0.6,19.1,12.5,0.0,0.0,12.4
2023-05-14T20:00Z,16,42,1.1,0.0,10.3,5.0,0.0,26.5,0.0,0.0,57.1
2023-05-14T20:00Z,17,313,0.0,0.0,79.6,6.7,0.0,0.0,0.0,0.0,13.8
2023-05-14T20:00Z,18,192,4.1,0.0,47.0,1.6,15.3,13.5,0.0,0.0,18.4
2023-05-14T20:30Z,1,0,0.0,0.0,0.0,13.7,0.0,0.0,0.0,0.0,86.3
2023-05-14T20:30Z,2,2,1.3,0.0,0.0,0.2,2.5,43.6,0.0,0.0,52.3
2023-05-14T20:30Z,3,61,0.1,0.0,15.4,0.0,6.1,45.5,0.0,0.0,33.0
2023-05-14T20:30Z,4,1,0.1,0.0,0.0,0.0,66.5,30.8,0.0,0.0,2.6
2023-05-14T20:30Z,5,220,26.0,0.0,47.8,0.0,10.5,8.8,0.0,0.0,6.9
2023-05-14T20:30Z,6,31,0.3,0.0,7.7,10.4,3.1,25.2,0.0,0.0,53.4
2023-05-14T20:30Z,7,384,0.0,0.0,97.4,0.0,0.0,0.0,0.0,0.0,2.6
2023-05-14T20:30Z,8,219,0.1,0.0,55.5,1.5,2.6,18.4,0.0,0.0,21.8
2023-05-14T20:30Z,9,313,10.6,0.0,76.3,0.0,4.3,4.3,0.0,0.0,4.4
2023-05-14T20:30Z,10,323,5.5,0.0,80.2,0.0,4.4,2.0,0.0,0.0,7.9
2023-05-14T20:30Z,11,355,0.5,0.0,89.9,0.0,3.2,0.4,0.0,0.0,5.9
2023-05-14T20:30Z,12,253,3.0,0.0,62.8,0.4,19.4,6.7,0.0,0.0,7.7
2023-05-14T20:30Z,13,235,2.3,0.0,58.1,0.3,30.8,2.3,0.0,0.0,6.1
2023-05-14T20:30Z,14,176,0.2,0.0,43.1,0.5,52.1,0.2,0.0,0.0,4.0
2023-05-14T20:30Z,15,213,5.2,0.0,52.2,0.5,15.3,13.0,0.0,0.0,13.9
2023-05-14T20:30Z,16,45,1.0,0.0,11.1,4.6,0.0,27.8,0.0,0.0,55.5
2023-05-14T20:30Z,17,318,0.0,0.0,80.7,5.3,0.0,0.0,0.0,0.0,14.0
2023-05-14T20:30Z,18,198,4.3,0.0,48.8,1.3,12.4,14.1,0.0,0.0,19.2
2023-05-14T21:00Z,1,0,0.0,0.0,0.0,6.4,0.0,0.0,0.0,0.0,93.6
2023-05-14T21:00Z,2,2,1.5,0.0,0.0,0.3,2.5,41.6,0.0,0.0,54.1
2023-05-14T21:00Z,3,61,0.1,0.0,15.4,0.0,5.9,45.7,0.0,0.0,32.9
2023-05-14T21:00Z,4,1,0.1,0.0,0.0,0.0,66.7,30.3,0.0,0.0,2.9
2023-05-14T21:00Z,5,218,24.8,0.0,47.7,0.0,10.7,9.4,0.0,0.0,7.3
2023-05-14T21:00Z,6,34,0.3,0.0,8.6,3.6,3.2,24.0,0.0,0.0,60.4
2023-05-14T21:00Z,7,384,0.0,0.0,97.4,0.0,0.0,0.0,0.0,0.0,2.6
2023-05-14T21:00Z,8,221,0.1,0.0,56.0,0.6,2.4,18.8,0.0,0.0,22.1
2023-05-14T21:00Z,9,297,11.7,0.0,71.8,0.0,5.1,5.5,0.0,0.0,5.9
2023-05-14T21:00Z,10,308,6.2,0.0,76.2,0.0,5.6,2.8,0.0,0.0,9.2
2023-05-14T21:00Z,11,371,0.0,0.0,94.2,0.0,0.2,0.0,0.0,0.0,5.6
2023-05-14T21:00Z,12,236,3.3,0.0,58.4,0.2,20.4,8.3,0.0,0.0,9.4
2023-05-14T21:00Z,13,225,2.4,0.0,55.2,0.1,32.7,2.7,0.0,0.0,6.8
2023-05-14T21:00Z,14,177,0.1,0.0,43.2,0.1,52.5,0.1,0.0,0.0,4.0
2023-05-14T21:00Z,15,205,5.3,0.0,50.2,0.2,15.5,13.7,0.0,0.0,15.0
2023-05-14T21:00Z,16,51,1.0,0.0,12.6,1.9,0.0,26.9,0.0,0.0,57.5
2023-05-14T21:00Z,17,326,0.0,0.0,82.8,1.6,0.0,0.0,0.0,0.0,15.7
2023-05-14T21:00Z,18,194,4.5,0.0,47.5,0.5,12.6,14.5,0.0,0.0,20.3
2023-05-14T21:30Z,1,0,0.0,0.0,0.0,5.4,0.0,0.0,0.0,0.0,94.6
2023-05-14T21:30Z,2,2,1.6,0.0,0.0,0.3,2.0,40.5,0.0,0.0,55.7
2023-05-14T21:30Z,3,69,0.1,0.0,17.6,0.0,5.6,43.7,0.0,0.0,33.1
2023-05-14T21:30Z,4,1,0.1,0.0,0.0,0.0,65.7,31.0,0.0,0.0,3.2
2023-05-14T21:30Z,5,200,25.8,0.0,42.8,0.0,12.5,9.9,0.0,0.0,8.9
2023-05-14T21:30Z,6,36,0.3,0.0,9.0,3.3,2.5,23.7,0.0,0.0,61.2
2023-05-14T21:30Z,7,384,0.0,0.0,97.6,0.0,0.0,0.0,0.0,0.0,2.4
2023-05-14T21:30Z,8,221,0.1,0.0,56.1,0.6,2.1,19.2,0.0,0.0,21.9
2023-05-14T21:30Z,9,281,12.5,0.0,67.4,0.0,6.2,5.9,0.0,0.0,7.9
2023-05-14T21:30Z,10,291,6.4,0.0,71.7,0.0,8.1,3.0,0.0,0.0,10.7
2023-05-14T21:30Z,11,370,0.0,0.0,94.0,0.0,0.0,0.0,0.0,0.0,6.0
2023-05-14T21:30Z,12,254,3.4,0.0,63.1,0.2,14.4,7.9,0.0,0.0,11.0
2023-05-14T21:30Z,13,209,2.1,0.0,51.1,0.1,37.1,2.6,0.0,0.0,6.9
2023-05-14T21:30Z,14,158,0.0,0.0,38.3,0.1,57.9,0.1,0.0,0.0,3.6
2023-05-14T21:30Z,15,196,5.4,0.0,47.8,0.2,15.6,14.1,0.0,0.0,16.9
2023-05-14T21:30Z,16,74,0.9,0.0,18.6,1.6,0.0,25.3,0.0,0.0,53.6
2023-05-14T21:30Z,17,334,0.0,0.0,84.7,1.4,0.0,0.0,0.0,0.0,13.8
2023-05-14T21:30Z,18,189,4.5,0.0,46.4,0.5,12.6,14.7,0.0,0.0,21.4
2023-05-14T22:00Z,1,0,0.0,0.0,0.0,3.8,0.0,0.0,0.0,0.0,96.2
2023-05-14T22:00Z,2,2,1.7,0.0,0.0,0.4,1.6,35.4,0.0,0.0,61.0
2023-05-14T22:00Z,3,13,0.1,0.0,3.3,0.0,7.2,49.8,0.0,0.0,39.6
2023-05-14T22:00Z,4,1,0.1,0.0,0.0,0.0,64.8,31.7,0.0,0.0,3.4
2023-05-14T22:00Z,5,199,25.7,0.0,42.6,0.0,12.2,10.0,0.0,0.0,9.5
2023-05-14T22:00Z,6,14,0.3,0.0,3.1,2.4,3.2,22.3,0.0,0.0,68.7
2023-05-14T22:00Z,7,383,0.0,0.0,97.1,0.0,0.0,0.0,0.0,0.0,2.9
2023-05-14T22:00Z,8,186,0.1,0.0,47.1,0.5,2.8,22.2,0.0,0.0,27.3
2023-05-14T22:00Z,9,269,13.7,0.0,64.1,0.0,6.6,6.4,0.0,0.0,9.1
2023-05-14T22:00Z,10,267,7.4,0.0,65.4,0.0,10.5,3.3,0.0,0.0,13.4
2023-05-14T22:00Z,11,364,0.0,0.0,92.4,0.0,0.0,0.0,0.0,0.0,7.6
2023-05-14T22:00Z,12,241,3.5,0.0,59.6,0.2,15.7,8.7,0.0,0.0,12.3
2023-05-14T22:00Z,13,197,2.0,0.0,48.0,0.2,39.8,2.6,0.0,0.0,7.4
2023-05-14T22:00Z,14,161,0.0,0.0,38.9,0.3,57.0,0.0,0.0,0.0,3.8
2023-05-14T22:00Z,15,178,5.7,0.0,43.2,0.2,16.5,15.3,0.0,0.0,19.1
2023-05-14T22:00Z,16,59,1.1,0.0,14.7,1.5,0.0,23.7,0.0,0.0,59.0
2023-05-14T22:00Z,17,320,0.0,0.0,81.1,0.7,0.2,0.0,0.0,0.0,18.0
2023-05-14T22:00Z,18,171,4.7,0.0,41.7,0.4,13.3,15.5,0.0,0.0,24.4
2023-05-14T22:30Z,1,0,0.0,0.0,0.0,3.6,0.0,0.0,0.0,0.0,96.4
2023-05-14T22:30Z,2,2,1.9,0.0,0.0,0.4,1.7,33.6,0.0,0.0,62.3
2023-05-14T22:30Z,3,11,0.2,0.0,2.7,0.0,7.0,50.4,0.0,0.0,39.7
2023-05-14T22:30Z,4,1,0.2,0.0,0.0,0.0,63.5,32.6,0.0,0.0,3.7
2023-05-14T22:30Z,5,200,24.7,0.0,43.1,0.0,11.8,10.4,0.0,0.0,9.9
2023-05-14T22:30Z,6,9,0.4,0.0,2.1,2.3,2.8,21.8,0.0,0.0,70.7
2023-05-14T22:30Z,7,380,0.0,0.0,96.4,0.0,0.0,0.0,0.0,0.0,3.6
2023-05-14T22:30Z,8,151,0.1,0.0,38.2,0.6,3.2,24.0,0.0,0.0,33.9
2023-05-14T22:30Z,9,257,15.0,0.0,60.6,0.0,7.3,6.5,0.0,0.0,10.5
2023-05-14T22:30Z,10,260,7.7,0.0,63.3,0.1,10.9,3.5,0.0,0.0,14.5
2023-05-14T22:30Z,11,350,0.0,0.0,88.7,0.0,0.0,1.1,0.0,0.0,10.2
2023-05-14T22:30Z,12,220,3.8,0.0,54.2,0.2,18.1,9.6,0.0,0.0,14.0
2023-05-14T22:30Z,13,186,2.1,0.0,45.1,0.3,41.8,2.8,0.0,0.0,7.9
2023-05-14T22:30Z,14,154,0.0,0.0,37.2,0.4,58.5,0.0,0.0,0.0,3.9
2023-05-14T22:30Z,15,169,5.9,0.0,40.9,0.2,17.0,15.9,0.0,0.0,20.1
2023-05-14T22:30Z,16,35,1.2,0.0,8.5,1.6,0.0,24.0,0.0,0.0,64.7
2023-05-14T22:30Z,17,289,0.0,0.0,73.4,0.8,0.0,0.0,0.0,0.0,25.8
2023-05-14T22:30Z,18,159,4.9,0.0,38.6,0.4,13.7,16.0,0.0,0.0,26.4
2023-05-14T23:00Z,1,0,0.0,0.0,0.0,3.7,0.0,0.0,0.0,0.0,96.3
2023-05-14T23:00Z,2,2,1.9,0.0,0.0,0.6,0.4,28.9,0.0,0.0,68.2
2023-05-14T23:00Z,3,9,0.2,0.0,2.1,0.0,6.3,49.8,0.0,0.0,41.5
2023-05-14T23:00Z,4,1,0.2,0.0,0.0,0.0,61.9,34.0,0.0,0.0,3.9
2023-05-14T23:00Z,5,200,23.7,0.0,43.4,0.0,11.4,10.9,0.0,0.0,10.6
2023-05-14T23:00Z,6,15,0.4,0.0,3.8,1.5,2.1,19.0,0.0,0.0,73.2
2023-05-14T23:00Z,7,378,0.0,0.0,96.0,0.0,0.0,0.0,0.0,0.0,4.0
2023-05-14T23:00Z,8,140,0.2,0.0,35.5,0.5,2.8,24.5,0.0,0.0,36.5
2023-05-14T23:00Z,9,258,14.1,0.0,61.1,0.0,6.9,6.9,0.0,0.0,11.1
2023-05-14T23:00Z,10,261,7.4,0.0,63.7,0.1,9.9,3.6,0.0,0.0,15.3
2023-05-14T23:00Z,11,344,0.0,0.0,87.2,0.0,0.0,2.7,0.0,0.0,10.0
2023-05-14T23:00Z,12,216,3.8,0.0,53.3,0.2,17.3,9.9,0.0,0.0,15.6
2023-05-14T23:00Z,13,179,2.3,0.0,43.4,0.4,41.6,3.0,0.0,0.0,9.3
2023-05-14T23:00Z,14,139,0.0,0.0,33.1,0.6,61.6,0.0,0.0,0.0,4.7
2023-05-14T23:00Z,15,168,5.7,0.0,40.6,0.2,16.6,16.0,0.0,0.0,20.9
2023-05-14T23:00Z,16,26,1.3,0.0,6.3,1.6,0.0,21.5,0.0,0.0,69.3
2023-05-14T23:00Z,17,276,0.0,0.0,70.1,0.7,0.0,0.0,0.0,0.0,29.2
2023-05-14T23:00Z,18,157,4.8,0.0,38.0,0.4,13.3,15.7,0.0,0.0,27.8
2023-05-14T23:30Z,1,0,0.0,0.0,0.0,3.3,0.0,0.0,0.0,0.0,96.7
2023-05-14T23:30Z,2,2,1.9,0.0,0.0,0.6,0.0,28.2,0.0,0.0,69.3
2023-05-14T23:30Z,3,18,0.2,0.0,4.5,0.0,4.0,49.9,0.0,0.0,41.4
2023-05-14T23:30Z,4,1,0.3,0.0,0.0,0.0,53.1,38.1,0.0,0.0,8.4
2023-05-14T23:30Z,5,199,23.2,0.0,43.5,0.0,9.2,11.6,0.0,0.0,12.6
2023-05-14T23:30Z,6,29,0.4,0.0,7.2,1.6,1.2,18.2,0.0,0.0,71.4
2023-05-14T23:30Z,7,374,0.0,0.0,94.9,0.0,0.0,0.0,0.0,0.0,5.1
2023-05-14T23:30Z,8,121,0.2,0.0,30.6,0.5,2.0,24.9,0.0,0.0,41.7
2023-05-14T23:30Z,9,260,13.4,0.0,62.0,0.0,5.3,7.2,0.0,0.0,12.1
2023-05-14T23:30Z,10,272,7.3,0.0,66.7,0.1,6.3,3.6,0.0,0.0,16.1
2023-05-14T23:30Z,11,264,1.8,0.0,66.2,0.1,7.3,3.2,0.0,0.0,21.4
2023-05-14T23:30Z,12,211,4.0,0.0,51.7,0.2,16.3,9.6,0.0,0.0,18.2
2023-05-14T23:30Z,13,202,2.8,0.0,49.2,0.3,33.9,2.6,0.0,0.0,11.2
2023-05-14T23:30Z,14,162,0.0,0.0,39.3,0.5,54.6,0.0,0.0,0.0,5.6
2023-05-14T23:30Z,15,171,5.7,0.0,41.4,0.2,14.1,16.2,0.0,0.0,22.4
2023-05-14T23:30Z,16,13,1.4,0.0,2.8,1.4,0.0,21.4,0.0,0.0,72.9
2023-05-14T23:30Z,17,250,0.0,0.0,63.4,0.8,0.0,0.0,0.0,0.0,35.7
2023-05-14T23:30Z,18,156,4.8,0.0,37.8,0.4,11.4,15.9,0.0,0.0,29.8
2023-05-15T00:00Z,1,0,0.0,0.0,0.0,0.7,0.0,0.0,0.0,0.0,99.3
2023-05-15T00:00Z,2,2,1.9,0.0,0.0,0.1,0.0,23.9,0.0,0.1,74.0
2023-05-15T00:00Z,3,12,0.2,0.0,2.9,0.0,2.8,50.6,0.0,0.1,43.4
2023-05-15T00:00Z,4,1,0.4,0.0,0.0,0.0,46.6,40.2,0.0,0.2,12.6
2023-05-15T00:00Z,5,184,24.7,0.0,39.1,0.0,8.9,11.8,0.0,0.1,15.3
2023-05-15T00:00Z,6,40,0.3,0.0,10.1,2.5,0.7,15.8,0.0,0.1,70.5
2023-05-15T00:00Z,7,375,0.0,0.0,95.1,0.0,0.0,0.0,0.0,0.0,4.8
2023-05-15T00:00Z,8,129,0.2,0.0,32.8,0.8,1.2,24.3,0.0,0.2,40.5
2023-05-15T00:00Z,9,251,13.6,0.0,59.5,0.0,4.9,6.8,0.0,0.1,15.1
2023-05-15T00:00Z,10,259,7.6,0.0,63.3,0.0,6.7,3.2,0.0,0.0,19.1
2023-05-15T00:00Z,11,274,1.5,0.0,69.0,0.1,5.9,3.0,0.0,0.5,20.1
2023-05-15T00:00Z,12,202,4.2,0.0,49.6,0.3,16.9,9.4,0.0,0.1,19.5
2023-05-15T00:00Z,13,194,2.7,0.0,47.1,0.3,35.4,2.2,0.0,0.0,12.3
2023-05-15T00:00Z,14,161,0.0,0.0,38.9,0.3,54.4,0.0,0.0,0.0,6.4
2023-05-15T00:00Z,15,163,5.6,0.0,39.4,0.2,13.6,16.6,0.0,0.2,24.3
2023-05-15T00:00Z,16,17,1.6,0.0,3.9,0.9,0.0,18.6,0.0,0.0,75.0
2023-05-15T00:00Z,17,249,0.0,0.0,63.2,0.8,0.0,0.0,0.0,0.0,35.9
2023-05-15T00:00Z,18,150,4.8,0.0,36.4,0.3,11.1,15.8,0.0,0.2,31.4
2023-05-15T00:30Z,1,0,0.0,0.0,0.0,0.6,0.0,0.0,0.0,0.0,99.4
2023-05-15T00:30Z,2,2,1.7,0.0,0.0,0.1,0.0,24.4,0.0,0.0,73.7
2023-05-15T00:30Z,3,18,0.2,0.0,4.6,0.0,0.8,49.9,0.0,0.0,44.5
2023-05-15T00:30Z,4,1,0.5,0.0,0.0,0.0,32.5,46.3,0.0,0.0,20.7
2023-05-15T00:30Z,5,188,25.7,0.0,39.9,0.0,5.4,10.8,0.0,0.0,18.1
2023-05-15T00:30Z,6,40,0.3,0.0,10.1,2.5,0.2,15.4,0.0,0.0,71.6
2023-05-15T00:30Z,7,373,0.0,0.0,94.8,0.0,0.0,0.0,0.0,0.0,5.2
2023-05-15T00:30Z,8,131,0.2,0.0,33.2,0.8,0.4,23.4,0.0,0.0,42.0
2023-05-15T00:30Z,9,236,15.0,0.0,55.4,0.0,3.1,6.2,0.0,0.0,20.2
2023-05-15T00:30Z,10,246,7.0,0.0,60.1,0.0,7.7,2.9,0.0,0.0,22.2
2023-05-15T00:30Z,11,269,1.5,0.0,67.5,0.1,6.8,2.6,0.0,0.0,21.5
2023-05-15T00:30Z,12,195,4.2,0.0,47.5,0.3,19.1,8.8,0.0,0.0,20.1
2023-05-15T00:30Z,13,176,2.0,0.0,42.7,0.2,41.7,2.1,0.0,0.0,11.3
2023-05-15T00:30Z,14,152,0.0,0.0,36.7,0.3,56.8,0.0,0.0,0.0,6.2
2023-05-15T00:30Z,15,155,5.7,0.0,37.3,0.2,12.9,16.7,0.0,0.0,27.3
2023-05-15T00:30Z,16,23,1.4,0.0,5.5,0.8,0.0,18.7,0.0,0.0,73.6
2023-05-15T00:30Z,17,264,0.0,0.0,67.1,1.0,0.0,0.0,0.0,0.0,31.9
2023-05-15T00:30Z,18,145,4.8,0.0,35.0,0.3,10.4,15.9,0.0,0.0,33.5
2023-05-15T01:00Z,1,0,0.0,0.0,0.0,0.7,0.0,0.0,0.0,0.0,99.3
2023-05-15T01:00Z,2,2,1.8,0.0,0.0,0.2,0.0,25.6,0.0,0.0,72.5
2023-05-15T01:00Z,3,19,0.2,0.0,4.9,0.0,0.0,51.2,0.0,0.0,43.8
2023-05-15T01:00Z,4,1,0.6,0.0,0.0,0.0,29.0,47.4,0.0,0.0,23.0
2023-05-15T01:00Z,5,190,27.2,0.0,39.9,0.0,4.3,9.3,0.0,0.0,19.4
2023-05-15T01:00Z,6,39,0.3,0.0,9.7,2.5,0.0,15.8,0.0,0.0,71.7
2023-05-15T01:00Z,7,370,0.0,0.0,94.0,0.0,0.0,0.0,0.0,0.0,6.0
2023-05-15T01:00Z,8,124,0.4,0.0,31.3,0.8,0.0,24.5,0.0,0.0,42.9
2023-05-15T01:00Z,9,235,15.3,0.0,55.1,0.0,2.4,5.1,0.0,0.0,22.1
2023-05-15T01:00Z,10,242,6.4,0.0,59.1,0.0,7.4,2.1,0.0,0.0,25.0
2023-05-15T01:00Z,11,293,1.0,0.0,73.8,0.1,4.6,1.6,0.0,0.0,18.9
2023-05-15T01:00Z,12,198,4.3,0.0,48.3,0.2,20.6,7.8,0.0,0.0,18.8
2023-05-15T01:00Z,13,173,1.9,0.0,41.9,0.2,42.4,1.4,0.0,0.0,12.2
2023-05-15T01:00Z,14,148,0.0,0.0,35.4,0.2,57.4,0.0,0.0,0.0,6.9
2023-05-15T01:00Z,15,151,5.8,0.0,36.2,0.2,12.6,16.9,0.0,0.0,28.3
2023-05-15T01:00Z,16,37,1.4,0.0,9.0,0.6,0.0,19.3,0.0,0.0,69.7
2023-05-15T01:00Z,17,260,0.0,0.0,66.1,1.0,0.0,0.0,0.0,0.0,33.0
2023-05-15T01:00Z,18,143,4.9,0.0,34.5,0.3,10.2,16.2,0.0,0.0,33.9
2023-05-15T01:30Z,1,0,0.0,0.0,0.0,1.1,0.0,0.0,0.0,0.0,98.9
2023-05-15T01:30Z,2,2,1.8,0.0,0.0,0.2,0.0,24.8,0.0,0.0,73.1
2023-05-15T01:30Z,3,18,0.1,0.0,4.5,0.0,0.0,51.2,0.0,0.0,44.2
2023-05-15T01:30Z,4,3,0.8,0.0,0.5,0.1,8.9,51.2,0.0,0.0,38.5
2023-05-15T01:30Z,5,212,26.6,0.0,45.6,0.0,0.6,9.0,0.0,0.0,18.2
2023-05-15T01:30Z,6,28,0.3,0.0,7.1,2.2,0.0,15.8,0.0,0.0,74.5
2023-05-15T01:30Z,7,371,0.0,0.0,94.1,0.0,0.0,0.0,0.0,0.0,5.9
2023-05-15T01:30Z,8,132,0.8,0.0,33.2,0.7,0.0,24.1,0.0,0.0,41.2
2023-05-15T01:30Z,9,241,14.9,0.0,56.6,0.0,0.3,5.0,0.0,0.0,23.1
2023-05-15T01:30Z,10,239,5.8,0.0,58.7,0.0,5.6,2.2,0.0,0.0,27.7
2023-05-15T01:30Z,11,294,0.9,0.0,74.1,0.0,3.6,1.8,0.0,0.0,19.5
2023-05-15T01:30Z,12,215,4.2,0.0,52.6,0.2,16.8,8.9,0.0,0.0,17.3
2023-05-15T01:30Z,13,179,1.8,0.0,43.6,0.2,38.8,2.1,0.0,0.0,13.5
2023-05-15T01:30Z,14,154,0.0,0.0,37.0,0.3,54.7,0.1,0.0,0.0,7.9
2023-05-15T01:30Z,15,160,5.7,0.0,38.6,0.2,9.6,16.9,0.0,0.0,29.0
2023-05-15T01:30Z,16,31,1.4,0.0,7.5,0.8,0.0,18.4,0.0,0.0,71.9
2023-05-15T01:30Z,17,250,0.0,0.0,63.6,0.8,0.0,0.0,0.0,0.0,35.6
2023-05-15T01:30Z,18,149,4.9,0.0,36.2,0.3,7.8,16.0,0.0,0.0,34.8
2023-05-15T02:00Z,1,0,0.0,0.0,0.0,1.3,0.0,0.0,0.0,0.0,98.7
2023-05-15T02:00Z,2,2,2.0,0.0,0.0,0.4,0.0,22.5,0.0,0.0,75.2
2023-05-15T02:00Z,3,4,0.1,0.0,1.0,0.0,0.0,53.4,0.0,0.0,45.5
2023-05-15T02:00Z,4,2,1.0,0.0,0.1,0.1,9.6,53.3,0.0,0.0,35.9
2023-05-15T02:00Z,5,220,25.5,0.0,48.1,0.0,0.5,7.2,0.0,0.0,18.8
2023-05-15T02:00Z,6,24,0.3,0.0,6.1,1.8,0.0,16.9,0.0,0.0,74.9
2023-05-15T02:00Z,7,363,0.0,0.0,92.2,0.0,0.0,0.0,0.0,0.0,7.8
2023-05-15T02:00Z,8,99,1.1,0.0,24.9,0.6,0.0,27.5,0.0,0.0,46.0
2023-05-15T02:00Z,9,237,13.8,0.0,55.8,0.0,0.2,4.2,0.0,0.0,25.9
2023-05-15T02:00Z,10,208,5.8,0.0,50.9,0.0,4.8,2.0,0.0,0.0,36.3
2023-05-15T02:00Z,11,273,1.5,0.0,68.8,0.1,5.1,3.5,0.0,0.0,21.2
2023-05-15T02:00Z,12,209,4.1,0.0,51.2,0.2,14.4,11.1,0.0,0.0,19.1
2023-05-15T02:00Z,13,165,2.0,0.0,39.9,0.2,36.7,3.5,0.0,0.0,17.8
2023-05-15T02:00Z,14,141,0.0,0.0,33.7,0.3,55.1,0.3,0.0,0.0,10.7
2023-05-15T02:00Z,15,148,5.8,0.0,35.4,0.2,9.3,17.4,0.0,0.0,32.0
2023-05-15T02:00Z,16,44,1.4,0.0,10.8,0.9,0.0,15.6,0.0,0.0,71.3
2023-05-15T02:00Z,17,236,0.0,0.0,59.9,0.8,0.0,0.1,0.0,0.0,39.2
2023-05-15T02:00Z,18,140,4.9,0.0,33.8,0.3,7.6,16.1,0.0,0.0,37.3
2023-05-15T02:30Z,1,0,0.0,0.0,0.0,1.2,0.0,0.0,0.0,0.0,98.8
2023-05-15T02:30Z,2,2,1.8,0.0,0.0,0.3,0.0,22.0,0.0,0.0,75.8
2023-05-15T02:30Z,3,0,0.2,0.0,0.0,0.0,0.7,53.1,0.0,0.0,46.1
2023-05-15T02:30Z,4,1,0.6,0.0,0.0,0.1,28.2,47.2,0.0,0.0,23.9
2023-05-15T02:30Z,5,219,22.5,0.0,48.6,0.0,2.3,7.5,0.0,0.0,19.1
2023-05-15T02:30Z,6,25,0.3,0.0,6.3,1.7,0.2,17.2,0.0,0.0,74.3
2023-05-15T02:30Z,7,365,0.0,0.0,92.5,0.0,0.0,0.0,0.0,0.0,7.5
2023-05-15T02:30Z,8,96,0.7,0.0,24.1,0.6,0.4,28.0,0.0,0.0,46.2
2023-05-15T02:30Z,9,232,12.9,0.0,55.0,0.0,1.3,4.3,0.0,0.0,26.4
2023-05-15T02:30Z,10,203,6.8,0.0,49.5,0.0,0.7,2.1,0.0,0.0,40.9
2023-05-15T02:30Z,11,294,1.2,0.0,74.2,0.1,0.2,3.6,0.0,0.0,20.6
2023-05-15T02:30Z,12,230,5.0,0.0,56.9,0.2,0.9,11.0,0.0,0.0,26.1
2023-05-15T02:30Z,13,211,3.9,0.0,51.9,0.2,11.3,3.5,0.0,0.0,29.3
2023-05-15T02:30Z,14,205,0.6,0.0,51.0,0.3,26.9,0.9,0.0,0.0,20.3
2023-05-15T02:30Z,15,157,5.6,0.0,38.1,0.2,4.7,16.8,0.0,0.0,34.5
2023-05-15T02:30Z,16,50,1.4,0.0,12.2,0.8,0.0,15.5,0.0,0.0,70.2
2023-05-15T02:30Z,17,240,0.0,0.0,61.0,0.9,0.0,0.1,0.0,0.0,38.0
2023-05-15T02:30Z,18,149,4.8,0.0,36.2,0.3,3.9,15.7,0.0,0.0,39.1
2023-05-15T03:00Z,1,0,0.0,0.0,0.0,2.2,0.0,0.0,0.0,0.0,97.8
2023-05-15T03:00Z,2,2,1.6,0.0,0.0,0.7,0.0,20.9,0.0,0.0,76.8
2023-05-15T03:00Z,3,9,0.2,0.0,2.3,0.1,1.1,49.7,0.0,0.0,46.6
2023-05-15T03:00Z,4,2,1.2,0.0,0.0,0.1,31.0,40.8,0.0,0.0,26.9
2023-05-15T03:00Z,5,164,24.4,0.0,34.2,0.0,4.1,10.6,0.0,0.0,26.7
2023-05-15T03:00Z,6,40,0.3,0.0,10.0,0.9,0.3,15.8,0.0,0.0,72.6
2023-05-15T03:00Z,7,367,0.0,0.0,93.3,0.0,0.0,0.0,0.0,0.0,6.7
2023-05-15T03:00Z,8,103,0.6,0.0,25.9,0.4,0.6,25.0,0.0,0.0,47.6
2023-05-15T03:00Z,9,200,13.1,0.0,46.7,0.0,2.2,5.7,0.0,0.0,32.3
2023-05-15T03:00Z,10,160,6.0,0.0,38.9,0.0,1.0,2.5,0.0,0.0,51.7
2023-05-15T03:00Z,11,276,1.6,0.0,69.7,0.0,0.4,3.6,0.0,0.0,24.6
2023-05-15T03:00Z,12,196,5.4,0.0,48.1,0.2,1.5,12.4,0.0,0.0,32.5
2023-05-15T03:00Z,13,180,3.8,0.0,44.2,0.2,9.5,4.0,0.0,0.0,38.4
2023-05-15T03:00Z,14,195,0.7,0.0,48.5,0.5,22.0,1.2,0.0,0.0,27.1
2023-05-15T03:00Z,15,142,5.5,0.0,34.2,0.2,4.7,16.6,0.0,0.0,38.8
2023-05-15T03:00Z,16,21,1.3,0.0,5.0,1.2,0.0,14.7,0.0,0.0,77.7
2023-05-15T03:00Z,17,236,0.0,0.0,59.8,0.0,0.0,0.0,0.0,0.0,40.2
2023-05-15T03:00Z,18,132,4.7,0.0,32.0,0.3,3.8,15.4,0.0,0.0,43.8
2023-05-15T03:30Z,1,0,0.0,0.0,0.0,1.9,0.0,0.0,0.0,0.0,98.1
2023-05-15T03:30Z,2,2,1.6,0.0,0.1,0.6,0.0,21.7,0.0,0.0,76.0
2023-05-15T03:30Z,3,9,0.2,0.0,2.1,0.1,2.8,50.0,0.0,0.0,44.8
2023-05-15T03:30Z,4,2,0.8,0.0,0.0,0.1,46.6,35.0,0.0,0.0,17.4
2023-05-15T03:30Z,5,165,22.7,0.0,35.0,0.0,7.4,10.1,0.0,0.0,24.8
2023-05-15T03:30Z,6,49,0.3,0.0,12.4,1.2,0.7,16.4,0.0,0.0,69.1
2023-05-15T03:30Z,7,370,0.0,0.0,94.0,0.0,0.0,0.0,0.0,0.0,6.0
2023-05-15T03:30Z,8,110,0.5,0.0,27.9,0.4,1.5,24.8,0.0,0.0,44.9
2023-05-15T03:30Z,9,199,12.6,0.0,46.7,0.0,4.1,5.5,0.0,0.0,31.0
2023-05-15T03:30Z,10,153,5.5,0.0,37.3,0.0,1.8,2.3,0.0,0.0,53.2
2023-05-15T03:30Z,11,283,1.4,0.0,71.5,0.1,0.6,3.7,0.0,0.0,22.8
2023-05-15T03:30Z,12,201,5.2,0.0,49.3,0.2,2.2,12.1,0.0,0.0,31.0
2023-05-15T03:30Z,13,188,4.2,0.0,46.5,0.2,1.5,3.6,0.0,0.0,43.9
2023-05-15T03:30Z,14,231,1.7,0.0,58.1,0.4,0.6,1.0,0.0,0.0,38.2
2023-05-15T03:30Z,15,146,5.2,0.0,35.5,0.2,4.2,16.0,0.0,0.0,38.9
2023-05-15T03:30Z,16,25,1.2,0.0,6.0,1.1,0.0,14.7,0.0,0.0,76.9
2023-05-15T03:30Z,17,249,0.0,0.0,63.3,0.3,0.0,0.0,0.0,0.0,36.4
2023-05-15T03:30Z,18,137,4.4,0.0,33.4,0.3,3.4,14.9,0.0,0.0,43.5
2023-05-15T04:00Z,1,0,0.0,0.0,0.0,2.1,0.0,0.0,0.0,0.0,97.9
2023-05-15T04:00Z,2,3,2.0,0.0,0.1,0.7,0.0,23.2,0.0,0.0,74.0
2023-05-15T04:00Z,3,3,0.2,0.0,0.6,0.1,4.2,51.1,0.0,0.0,43.8
2023-05-15T04:00Z,4,2,0.7,0.0,0.0,0.0,55.1,35.1,0.0,0.0,9.0
2023-05-15T04:00Z,5,172,22.7,0.0,36.8,0.0,7.4,8.4,0.0,0.0,24.7
2023-05-15T04:00Z,6,51,0.4,0.0,12.8,1.7,1.0,17.9,0.0,0.0,66.1
2023-05-15T04:00Z,7,372,0.0,0.0,94.4,0.0,0.0,0.0,0.0,0.0,5.6
2023-05-15T04:00Z,8,124,0.7,0.0,31.3,0.6,2.0,24.2,0.0,0.0,41.2
2023-05-15T04:00Z,9,211,11.9,0.0,49.8,0.0,3.9,4.4,0.0,0.0,30.0
2023-05-15T04:00Z,10,155,4.8,0.0,37.8,0.0,1.6,1.8,0.0,0.0,54.0
2023-05-15T04:00Z,11,293,1.4,0.0,73.9,0.1,0.7,3.6,0.0,0.0,20.4
2023-05-15T04:00Z,12,221,4.8,0.0,54.6,0.2,2.3,10.8,0.0,0.0,27.2
2023-05-15T04:00Z,13,199,3.5,0.0,49.5,0.3,1.3,3.1,0.0,0.0,42.4
2023-05-15T04:00Z,14,244,1.2,0.0,61.6,0.6,0.4,0.9,0.0,0.0,35.3
2023-05-15T04:00Z,15,154,5.1,0.0,37.5,0.2,4.4,15.3,0.0,0.0,37.5
2023-05-15T04:00Z,16,38,1.3,0.0,9.2,1.6,0.0,14.1,0.0,0.0,73.8
2023-05-15T04:00Z,17,266,0.0,0.0,67.6,0.4,0.0,0.0,0.0,0.0,31.9
2023-05-15T04:00Z,18,146,4.3,0.0,35.8,0.4,3.6,14.3,0.0,0.0,41.6
2023-05-15T04:30Z,1,0,0.0,0.0,0.0,2.8,0.0,0.0,0.0,0.0,97.2
2023-05-15T04:30Z,2,3,2.1,0.0,0.2,0.9,1.1,23.3,0.0,0.2,72.3
2023-05-15T04:30Z,3,8,0.2,0.0,2.0,0.1,6.3,51.9,0.0,0.1,39.4
2023-05-15T04:30Z,4,2,0.5,0.0,0.0,0.0,62.4,32.6,0.0,0.2,4.3
2023-05-15T04:30Z,5,166,21.7,0.0,35.4,0.0,9.9,7.2,0.0,0.1,25.6
2023-05-15T04:30Z,6,51,0.3,0.0,12.9,1.7,1.9,18.5,0.0,0.4,64.4
2023-05-15T04:30Z,7,372,0.0,0.0,94.5,0.0,0.0,0.0,0.0,0.2,5.3
2023-05-15T04:30Z,8,132,0.5,0.0,33.4,0.6,3.1,24.1,0.0,0.3,38.0
2023-05-15T04:30Z,9,197,12.2,0.0,46.3,0.0,5.6,3.7,0.0,0.5,31.8
2023-05-15T04:30Z,10,142,4.7,0.0,34.5,0.0,2.2,1.4,0.0,0.5,56.8
2023-05-15T04:30Z,11,285,1.5,0.0,71.9,0.1,1.4,3.2,0.0,2.0,20.0
2023-05-15T04:30Z,12,217,4.8,0.0,53.7,0.2,4.3,9.5,0.0,0.6,26.9
2023-05-15T04:30Z,13,187,3.4,0.0,46.3,0.2,3.1,2.5,0.0,0.5,44.0
2023-05-15T04:30Z,14,227,1.1,0.0,57.1,0.6,3.6,0.6,0.0,0.3,36.7
2023-05-15T04:30Z,15,146,5.0,0.0,35.5,0.2,6.6,14.9,0.0,0.4,37.4
2023-05-15T04:30Z,16,45,1.4,0.0,11.0,1.8,0.0,14.3,0.0,0.1,71.4
2023-05-15T04:30Z,17,266,0.0,0.0,67.4,0.5,0.0,0.0,0.0,0.2,31.9
2023-05-15T04:30Z,18,141,4.3,0.0,34.4,0.4,5.4,13.9,0.0,0.4,41.2
2023-05-15T05:00Z,1,0,0.0,0.0,0.0,7.6,0.0,0.0,0.0,0.0,92.4
2023-05-15T05:00Z,2,4,2.1,0.0,0.3,2.3,1.4,24.8,0.0,0.7,68.5
2023-05-15T05:00Z,3,13,0.2,0.0,3.3,0.1,6.2,54.3,0.0,0.3,35.7
2023-05-15T05:00Z,4,2,0.5,0.0,0.0,0.0,62.6,31.2,0.0,0.9,4.9
2023-05-15T05:00Z,5,170,21.2,0.0,36.6,0.0,8.9,5.7,0.0,0.5,27.2
2023-05-15T05:00Z,6,53,0.3,0.0,13.3,4.4,1.9,20.1,0.0,1.5,58.4
2023-05-15T05:00Z,7,370,0.0,0.0,93.9,0.0,0.0,0.0,0.0,1.0,5.1
2023-05-15T05:00Z,8,142,0.7,0.0,35.8,1.1,3.1,23.1,0.0,1.4,34.9
2023-05-15T05:00Z,9,209,10.9,0.0,49.7,0.0,4.6,2.6,0.0,1.8,30.4
2023-05-15T05:00Z,10,143,4.2,0.0,35.1,0.0,1.8,0.9,0.0,1.8,56.2
2023-05-15T05:00Z,11,271,1.4,0.0,68.4,0.1,1.4,2.5,0.0,8.0,18.1
2023-05-15T05:00Z,12,228,4.4,0.0,56.5,0.3,4.4,7.1,0.0,2.5,24.7
2023-05-15T05:00Z,13,190,3.1,0.0,47.1,0.3,4.1,1.4,0.0,1.6,42.4
2023-05-15T05:00Z,14,227,0.9,0.0,57.1,0.5,6.8,0.2,0.0,0.9,33.7
2023-05-15T05:00Z,15,150,4.7,0.0,36.6,0.4,6.9,14.0,0.0,1.7,35.7
2023-05-15T05:00Z,16,56,1.3,0.0,13.7,4.0,0.0,14.2,0.0,0.5,66.3
2023-05-15T05:00Z,17,270,0.0,0.0,68.5,2.4,0.0,0.0,0.0,0.9,28.2
2023-05-15T05:00Z,18,146,4.1,0.0,35.8,0.9,5.7,13.2,0.0,1.5,38.9
2023-05-15T05:30Z,1,0,0.0,0.0,0.0,8.1,0.0,0.0,0.0,0.0,91.9
2023-05-15T05:30Z,2,3,2.1,0.0,0.2,2.5,3.7,22.1,0.0,1.6,67.8
2023-05-15T05:30Z,3,0,0.1,0.0,0.0,0.1,7.0,54.2,0.0,0.6,37.9
2023-05-15T05:30Z,4,2,0.5,0.0,0.0,0.0,63.8,28.1,0.0,1.8,5.7
2023-05-15T05:30Z,5,172,21.5,0.0,37.2,0.0,5.9,4.8,0.0,0.9,29.6
2023-05-15T05:30Z,6,52,0.3,0.0,13.2,4.5,2.2,17.6,0.0,3.3,58.9
2023-05-15T05:30Z,7,367,0.0,0.0,93.2,0.0,0.0,0.0,0.0,2.2,4.6
2023-05-15T05:30Z,8,161,1.1,0.0,40.6,1.1,2.9,20.9,0.0,3.1,30.3
2023-05-15T05:30Z,9,210,9.6,0.0,50.2,0.0,2.7,2.3,0.0,3.7,31.5
2023-05-15T05:30Z,10,127,2.5,0.0,31.4,0.0,2.1,0.8,0.0,3.6,59.7
2023-05-15T05:30Z,11,239,1.1,0.0,60.0,0.1,6.4,2.1,0.0,15.7,14.6
2023-05-15T05:30Z,12,206,2.9,0.0,50.7,0.3,17.3,7.2,0.0,4.6,17.0
2023-05-15T05:30Z,13,150,1.1,0.0,36.6,0.3,26.1,1.6,0.0,1.9,32.3
2023-05-15T05:30Z,14,155,0.0,0.0,37.7,0.6,42.4,0.2,0.0,0.5,18.6
2023-05-15T05:30Z,15,135,4.3,0.0,32.5,0.5,13.1,12.9,0.0,3.3,33.3
2023-05-15T05:30Z,16,65,1.2,0.0,16.1,4.4,0.0,12.1,0.0,1.1,65.0
2023-05-15T05:30Z,17,274,0.0,0.0,69.6,2.9,0.0,0.0,0.0,2.1,25.3
2023-05-15T05:30Z,18,135,3.7,0.0,32.8,1.1,10.7,12.0,0.0,3.0,36.7
2023-05-15T06:00Z,1,0,0.0,0.0,0.0,8.3,0.0,0.0,0.0,0.0,91.7
2023-05-15T06:00Z,2,2,1.9,0.0,0.0,2.8,2.0,20.6,0.0,2.3,70.4
2023-05-15T06:00Z,3,0,0.2,0.0,0.0,0.2,6.5,53.5,0.0,1.1,38.5
2023-05-15T06:00Z,4,2,0.5,0.0,0.0,0.0,62.8,28.6,0.0,2.9,5.1
2023-05-15T06:00Z,5,158,21.1,0.0,33.7,0.0,6.4,5.2,0.0,1.4,32.1
2023-05-15T06:00Z,6,43,0.3,0.0,10.9,4.6,2.0,17.8,0.0,5.0,59.5
2023-05-15T06:00Z,7,360,0.0,0.0,91.3,0.0,0.0,0.0,0.0,3.8,4.9
2023-05-15T06:00Z,8,158,0.8,0.0,39.8,1.1,2.7,21.3,0.0,4.9,29.5
2023-05-15T06:00Z,9,185,9.8,0.0,44.1,0.0,3.0,2.8,0.0,5.8,34.6
2023-05-15T06:00Z,10,118,2.6,0.0,29.1,0.0,2.0,0.8,0.0,6.5,58.9
2023-05-15T06:00Z,11,203,0.9,0.0,51.1,0.1,5.0,2.0,0.0,27.0,14.0
2023-05-15T06:00Z,12,191,2.8,0.0,47.1,0.3,16.6,7.1,0.0,8.0,18.1
2023-05-15T06:00Z,13,141,1.2,0.0,34.4,0.4,26.5,1.7,0.0,3.5,32.3
2023-05-15T06:00Z,14,147,0.0,0.0,35.4,0.7,44.5,0.1,0.0,0.6,18.9
2023-05-15T06:00Z,15,124,4.2,0.0,29.7,0.6,13.0,12.6,0.0,5.5,34.3
2023-05-15T06:00Z,16,60,1.1,0.0,15.0,4.5,0.0,11.9,0.0,1.7,65.9
2023-05-15T06:00Z,17,272,0.0,0.0,68.9,3.7,0.0,0.0,0.0,3.7,23.6
2023-05-15T06:00Z,18,125,3.6,0.0,30.3,1.2,10.7,11.8,0.0,5.0,37.4
2023-05-15T06:30Z,1,0,0.0,0.0,0.0,7.3,0.0,0.0,0.0,0.0,92.7
2023-05-15T06:30Z,2,2,1.7,0.0,0.0,2.2,0.5,19.1,0.0,2.9,73.5
2023-05-15T06:30Z,3,3,0.2,0.0,0.7,0.2,5.7,54.5,0.0,1.5,37.3
2023-05-15T06:30Z,4,2,0.6,0.0,0.0,0.0,62.2,28.2,0.0,3.9,5.1
2023-05-15T06:30Z,5,150,19.6,0.0,32.1,0.0,6.9,5.5,0.0,2.1,33.8
2023-05-15T06:30Z,6,44,0.3,0.0,11.1,4.3,1.7,17.8,0.0,6.4,58.5
2023-05-15T06:30Z,7,354,0.0,0.0,89.7,0.0,0.0,0.0,0.0,5.2,5.0
2023-05-15T06:30Z,8,153,0.4,0.0,38.8,1.1,2.4,21.7,0.0,6.3,29.4
2023-05-15T06:30Z,9,172,9.9,0.0,40.6,0.0,3.5,2.9,0.0,7.0,36.2
2023-05-15T06:30Z,10,112,3.2,0.0,27.5,0.0,1.1,0.8,0.0,10.0,57.4
2023-05-15T06:30Z,11,176,0.8,0.0,44.4,0.1,2.1,1.9,0.0,37.1,13.6
2023-05-15T06:30Z,12,194,3.2,0.0,47.9,0.3,8.2,7.1,0.0,12.2,21.1
2023-05-15T06:30Z,13,155,2.0,0.0,38.4,0.3,12.9,1.6,0.0,7.1,37.8
2023-05-15T06:30Z,14,180,0.2,0.0,44.5,0.5,26.7,0.0,0.0,1.8,26.3
2023-05-15T06:30Z,15,124,4.2,0.0,30.0,0.5,9.3,12.4,0.0,8.1,35.5
2023-05-15T06:30Z,16,50,1.1,0.0,12.5,3.7,0.0,11.8,0.0,2.2,68.8
2023-05-15T06:30Z,17,265,0.0,0.0,67.3,3.2,0.0,0.0,0.0,5.5,24.0
2023-05-15T06:30Z,18,124,3.5,0.0,30.2,1.0,7.6,11.6,0.0,7.3,38.8
2023-05-15T07:00Z,1,0,0.0,0.0,0.0,5.5,0.0,0.0,0.0,0.0,94.5
2023-05-15T07:00Z,2,2,1.6,0.0,0.0,1.8,0.1,18.1,0.0,3.6,74.8
2023-05-15T07:00Z,3,13,0.1,0.0,3.3,0.1,5.1,54.1,0.0,1.9,35.3
2023-05-15T07:00Z,4,1,0.3,0.0,0.0,0.0,61.6,28.7,0.0,4.7,4.8
2023-05-15T07:00Z,5,152,18.3,0.0,33.0,0.0,6.6,5.8,0.0,2.7,33.6
2023-05-15T07:00Z,6,50,0.2,0.0,12.6,3.7,1.4,17.6,0.0,8.2,56.1
2023-05-15T07:00Z,7,349,0.0,0.0,88.7,0.0,0.0,0.0,0.0,6.2,5.1
2023-05-15T07:00Z,8,163,0.1,0.0,41.3,0.9,2.1,20.2,0.0,7.9,27.5
2023-05-15T07:00Z,9,139,10.6,0.0,32.1,0.0,3.8,3.4,0.0,9.1,41.0
2023-05-15T07:00Z,10,98,2.9,0.0,24.1,0.0,1.1,0.9,0.0,14.0,57.1
2023-05-15T07:00Z,11,135,0.7,0.0,34.0,0.1,1.9,1.9,0.0,48.4,13.1
2023-05-15T07:00Z,12,180,3.0,0.0,44.4,0.3,7.9,7.2,0.0,16.6,20.6
2023-05-15T07:00Z,13,150,1.8,0.0,37.1,0.2,12.0,1.8,0.0,9.9,37.2
2023-05-15T07:00Z,14,187,0.2,0.0,46.3,0.3,24.4,0.1,0.0,2.9,25.7
2023-05-15T07:00Z,15,118,4.0,0.0,28.7,0.4,8.8,12.0,0.0,10.9,35.3
2023-05-15T07:00Z,16,44,1.1,0.0,11.0,2.7,0.0,11.9,0.0,2.7,70.8
2023-05-15T07:00Z,17,263,0.0,0.0,66.7,2.2,0.0,0.0,0.0,6.9,24.2
2023-05-15T07:00Z,18,118,3.4,0.0,28.9,0.7,7.3,11.3,0.0,9.7,38.7
2023-05-15T07:30Z,1,0,0.0,0.0,0.0,5.8,0.0,0.0,0.0,0.0,94.2
2023-05-15T07:30Z,2,2,1.6,0.0,0.0,1.8,0.0,17.4,0.0,4.1,75.2
2023-05-15T07:30Z,3,8,0.1,0.0,2.0,0.1,5.4,54.4,0.0,2.5,35.4
2023-05-15T07:30Z,4,1,0.2,0.0,0.0,0.0,61.0,28.7,0.0,5.3,4.8
2023-05-15T07:30Z,5,148,18.3,0.0,31.9,0.0,6.3,5.4,0.0,3.4,34.7
2023-05-15T07:30Z,6,47,0.3,0.0,11.9,3.6,1.5,16.7,0.0,10.4,55.7
2023-05-15T07:30Z,7,347,0.0,0.0,88.2,0.0,0.0,0.0,0.0,6.8,5.1
2023-05-15T07:30Z,8,174,0.1,0.0,44.1,0.8,1.9,19.1,0.0,9.2,24.8
2023-05-15T07:30Z,9,135,10.0,0.0,31.2,0.0,3.5,3.1,0.0,10.9,41.3
2023-05-15T07:30Z,10,87,2.6,0.0,21.4,0.0,0.9,0.8,0.0,17.6,56.7
2023-05-15T07:30Z,11,102,0.7,0.0,25.7,0.1,2.1,1.6,0.0,57.3,12.5
2023-05-15T07:30Z,12,167,2.8,0.0,41.2,0.3,8.5,7.2,0.0,20.8,19.4
2023-05-15T07:30Z,13,138,1.6,0.0,33.7,0.2,13.2,1.8,0.0,12.7,36.8
2023-05-15T07:30Z,14,175,0.2,0.0,42.2,0.3,27.0,0.2,0.0,4.5,25.6
2023-05-15T07:30Z,15,112,3.9,0.0,26.9,0.3,9.0,11.7,0.0,13.7,34.5
2023-05-15T07:30Z,16,37,1.0,0.0,9.0,2.7,0.0,11.2,0.0,3.2,72.8
2023-05-15T07:30Z,17,262,0.0,0.0,66.6,2.0,0.0,0.0,0.0,7.9,23.5
2023-05-15T07:30Z,18,112,3.3,0.0,27.1,0.7,7.4,10.9,0.0,12.1,38.4
2023-05-15T08:00Z,1,0,0.0,0.0,0.0,4.9,0.0,0.0,0.0,0.0,95.1
2023-05-15T08:00Z,2,2,1.6,0.0,0.0,1.5,0.0,17.3,0.0,4.7,74.9
2023-05-15T08:00Z,3,2,0.1,0.0,0.5,0.1,4.6,55.8,0.0,2.9,36.0
2023-05-15T08:00Z,4,1,0.2,0.0,0.0,0.1,59.1,27.5,0.0,5.9,7.2
2023-05-15T08:00Z,5,135,18.7,0.0,28.6,0.0,6.2,5.4,0.0,4.5,36.7
2023-05-15T08:00Z,6,54,0.2,0.0,13.7,3.3,1.2,16.2,0.0,12.2,53.2
2023-05-15T08:00Z,7,346,0.0,0.0,87.8,0.0,0.0,0.0,0.0,7.5,4.6
2023-05-15T08:00Z,8,185,0.1,0.0,47.0,0.7,1.4,18.8,0.0,10.1,21.8
2023-05-15T08:00Z,9,123,9.6,0.0,28.3,0.0,3.2,3.0,0.0,13.8,42.1
2023-05-15T08:00Z,10,79,2.4,0.0,19.4,0.0,0.8,0.8,0.0,20.4,56.3
2023-05-15T08:00Z,11,80,0.6,0.0,20.1,0.0,1.7,1.2,0.0,64.9,11.5
2023-05-15T08:00Z,12,159,2.5,0.0,39.4,0.2,7.5,7.0,0.0,25.3,17.9
2023-05-15T08:00Z,13,128,1.5,0.0,31.0,0.1,12.5,2.0,0.0,16.0,36.8
2023-05-15T08:00Z,14,160,0.2,0.0,38.4,0.2,26.7,0.5,0.0,7.1,26.8
2023-05-15T08:00Z,15,105,3.8,0.0,25.2,0.3,8.7,11.5,0.0,16.5,34.1
2023-05-15T08:00Z,16,36,1.0,0.0,8.8,2.3,0.0,11.3,0.0,3.7,73.0
2023-05-15T08:00Z,17,260,0.0,0.0,65.9,2.1,0.0,0.0,0.0,9.2,22.8
2023-05-15T08:00Z,18,106,3.3,0.0,25.6,0.6,7.2,10.8,0.0,14.5,38.0
2023-05-15T08:30Z,1,0,0.0,0.0,0.0,4.9,0.0,0.0,0.0,0.0,95.1
2023-05-15T08:30Z,2,2,1.3,0.0,0.0,1.5,0.0,17.6,0.0,4.9,74.6
2023-05-15T08:30Z,3,0,0.1,0.0,0.0,0.1,3.4,56.8,0.0,3.3,36.3
2023-05-15T08:30Z,4,1,0.2,0.0,0.0,0.1,52.6,29.1,0.0,7.3,10.7
2023-05-15T08:30Z,5,143,16.4,0.0,31.2,0.0,4.6,5.5,0.0,5.2,37.2
2023-05-15T08:30Z,6,59,0.2,0.0,14.8,3.3,0.8,16.9,0.0,13.4,50.6
2023-05-15T08:30Z,7,340,0.0,0.0,86.3,0.0,0.0,0.0,0.0,9.0,4.8
2023-05-15T08:30Z,8,173,0.1,0.0,44.0,0.7,1.1,19.6,0.0,11.5,23.0
2023-05-15T08:30Z,9,129,8.3,0.0,30.2,0.0,2.3,3.0,0.0,15.2,41.1
2023-05-15T08:30Z,10,79,2.2,0.0,19.4,0.0,0.6,0.8,0.0,21.7,55.4
2023-05-15T08:30Z,11,63,0.3,0.0,16.0,0.0,0.3,1.1,0.0,71.9,10.3
2023-05-15T08:30Z,12,159,2.4,0.0,39.5,0.2,2.3,6.8,0.0,29.3,19.5
2023-05-15T08:30Z,13,132,1.6,0.0,32.6,0.1,4.3,2.0,0.0,20.0,39.4
2023-05-15T08:30Z,14,181,0.5,0.0,45.1,0.2,10.1,0.5,0.0,12.3,31.4
2023-05-15T08:30Z,15,109,3.3,0.0,26.4,0.3,5.0,11.5,0.0,18.9,34.6
2023-05-15T08:30Z,16,27,0.9,0.0,6.5,2.2,0.0,12.1,0.0,3.6,74.6
2023-05-15T08:30Z,17,242,0.0,0.0,61.5,2.4,0.0,0.0,0.0,11.5,24.6
2023-05-15T08:30Z,18,107,2.9,0.0,26.2,0.6,4.2,10.9,0.0,16.8,38.5
2023-05-15T09:00Z,1,0,0.0,0.0,0.0,3.9,0.0,0.0,0.0,0.0,96.1
2023-05-15T09:00Z,2,2,1.4,0.0,0.0,1.2,0.0,18.3,0.0,5.1,74.0
2023-05-15T09:00Z,3,0,0.1,0.0,0.0,0.1,4.3,57.5,0.0,4.0,33.8
2023-05-15T09:00Z,4,1,0.2,0.0,0.0,0.0,53.7,30.3,0.0,8.1,7.7
2023-05-15T09:00Z,5,144,17.1,0.0,31.3,0.0,4.8,5.0,0.0,5.7,36.1
2023-05-15T09:00Z,6,59,0.2,0.0,14.8,2.8,1.1,17.5,0.0,14.6,49.1
2023-05-15T09:00Z,7,337,0.0,0.0,85.5,0.0,0.0,0.0,0.0,9.8,4.8
2023-05-15T09:00Z,8,167,0.1,0.0,42.3,0.6,1.5,20.5,0.0,13.0,21.9
2023-05-15T09:00Z,9,128,8.7,0.0,29.8,0.0,2.5,2.5,0.0,16.1,40.4
2023-05-15T09:00Z,10,79,2.3,0.0,19.3,0.0,0.6,0.6,0.0,23.3,53.8
2023-05-15T09:00Z,11,55,0.3,0.0,13.9,0.0,0.3,0.7,0.0,75.0,9.7
2023-05-15T09:00Z,12,157,2.4,0.0,39.1,0.2,2.2,6.6,0.0,32.1,17.5
2023-05-15T09:00Z,13,131,1.7,0.0,32.4,0.1,4.0,1.9,0.0,22.5,37.3
2023-05-15T09:00Z,14,177,0.5,0.0,44.1,0.2,9.3,0.6,0.0,15.3,30.0
2023-05-15T09:00Z,15,106,3.4,0.0,25.8,0.2,4.9,11.4,0.0,21.1,33.1
2023-05-15T09:00Z,16,31,1.0,0.0,7.5,1.6,0.0,12.2,0.0,3.9,73.9
2023-05-15T09:00Z,17,245,0.0,0.0,62.1,2.5,0.0,0.0,0.0,12.4,23.1
2023-05-15T09:00Z,18,106,3.0,0.0,25.8,0.5,4.1,10.8,0.0,18.7,37.1
2023-05-15T09:30Z,1,0,0.0,0.0,0.0,3.1,0.0,0.0,0.0,0.0,96.9
2023-05-15T09:30Z,2,2,1.5,0.0,0.0,1.0,0.5,18.4,0.0,5.3,73.4
2023-05-15T09:30Z,3,0,0.1,0.0,0.0,0.1,6.2,58.7,0.0,4.7,30.2
2023-05-15T09:30Z,4,1,0.1,0.0,0.0,0.0,59.2,28.3,0.0,7.6,4.7
2023-05-15T09:30Z,5,134,17.9,0.0,28.6,0.0,6.4,4.6,0.0,6.0,36.4
2023-05-15T09:30Z,6,56,0.2,0.0,14.2,2.6,1.7,17.5,0.0,16.2,47.6
2023-05-15T09:30Z,7,330,0.0,0.0,83.8,0.0,0.0,0.0,0.0,11.2,5.0
2023-05-15T09:30Z,8,153,0.2,0.0,38.7,0.5,2.3,20.8,0.0,15.3,22.1
2023-05-15T09:30Z,9,136,8.4,0.0,31.8,0.0,3.0,2.3,0.0,16.1,38.4
2023-05-15T09:30Z,10,78,2.2,0.0,19.2,0.0,0.8,0.6,0.0,24.5,52.8
2023-05-15T09:30Z,11,54,0.2,0.0,13.5,0.0,0.4,0.7,0.0,76.8,8.4
2023-05-15T09:30Z,12,143,2.3,0.0,35.4,0.2,3.9,6.3,0.0,35.8,16.1
2023-05-15T09:30Z,13,123,1.6,0.0,30.6,0.1,5.5,1.8,0.0,24.6,35.9
2023-05-15T09:30Z,14,163,0.5,0.0,40.8,0.2,11.9,0.5,0.0,17.5,28.7
2023-05-15T09:30Z,15,100,3.5,0.0,24.3,0.2,6.3,11.1,0.0,22.9,31.7
2023-05-15T09:30Z,16,29,1.0,0.0,7.1,1.4,0.0,12.4,0.0,3.9,74.1
2023-05-15T09:30Z,17,238,0.0,0.0,60.4,2.1,0.0,0.0,0.0,14.3,23.2
2023-05-15T09:30Z,18,100,3.0,0.0,24.4,0.4,5.3,10.7,0.0,20.3,35.9
2023-05-15T10:00Z,1,0,0.0,0.0,0.0,1.5,0.0,0.0,0.0,0.0,98.5
2023-05-15T10:00Z,2,2,1.6,0.0,0.0,0.5,0.9,19.3,0.0,5.6,72.1
2023-05-15T10:00Z,3,0,0.1,0.0,0.0,0.0,6.8,60.4,0.0,5.6,27.0
2023-05-15T10:00Z,4,1,0.1,0.0,0.0,0.0,59.0,26.7,0.0,9.7,4.5
2023-05-15T10:00Z,5,145,19.0,0.0,30.9,0.0,5.4,3.4,0.0,6.0,35.2
2023-05-15T10:00Z,6,57,0.2,0.0,14.3,1.7,2.0,18.5,0.0,18.2,45.1
2023-05-15T10:00Z,7,340,0.0,0.0,86.2,0.0,0.0,0.0,0.0,8.5,5.3
2023-05-15T10:00Z,8,155,0.5,0.0,39.2,0.3,2.6,20.7,0.0,16.0,20.7
2023-05-15T10:00Z,9,137,8.8,0.0,32.1,0.0,2.5,1.6,0.0,17.9,37.0
2023-05-15T10:00Z,10,80,2.3,0.0,19.6,0.0,0.7,0.4,0.0,22.7,54.4
2023-05-15T10:00Z,11,48,0.1,0.0,12.1,0.0,0.2,0.5,0.0,79.3,7.7
2023-05-15T10:00Z,12,137,2.4,0.0,34.0,0.1,3.7,5.5,0.0,39.7,14.6
2023-05-15T10:00Z,13,121,1.7,0.0,30.0,0.1,5.5,1.4,0.0,25.7,35.7
2023-05-15T10:00Z,14,157,0.5,0.0,39.2,0.1,12.1,0.2,0.0,20.0,28.0
2023-05-15T10:00Z,15,100,3.7,0.0,24.1,0.1,6.4,11.0,0.0,24.3,30.5
2023-05-15T10:00Z,16,28,1.1,0.0,6.9,0.8,0.0,12.8,0.0,4.1,74.3
2023-05-15T10:00Z,17,251,0.0,0.0,63.7,1.1,0.0,0.0,0.0,12.8,22.3
2023-05-15T10:00Z,18,100,3.2,0.0,24.4,0.2,5.3,10.6,0.0,21.4,34.9
2023-05-15T10:30Z,1,0,0.0,0.0,0.0,2.0,0.0,0.0,0.0,0.0,98.0
2023-05-15T10:30Z,2,2,1.6,0.0,0.0,0.6,1.2,19.6,0.0,5.2,71.9
2023-05-15T10:30Z,3,0,0.1,0.0,0.0,0.0,6.7,61.1,0.0,6.1,25.9
2023-05-15T10:30Z,4,1,0.1,0.0,0.0,0.0,57.4,27.2,0.0,10.6,4.7
2023-05-15T10:30Z,5,158,17.7,0.0,34.6,0.0,4.5,3.2,0.0,5.6,34.4
2023-05-15T10:30Z,6,61,0.2,0.0,15.3,2.7,1.8,17.9,0.0,18.7,43.4
2023-05-15T10:30Z,7,333,0.0,0.0,84.5,0.0,0.0,0.0,0.0,10.0,5.5
2023-05-15T10:30Z,8,159,0.4,0.0,40.3,0.5,2.2,20.6,0.0,17.6,18.4
2023-05-15T10:30Z,9,131,8.6,0.0,30.6,0.0,2.2,1.5,0.0,19.2,38.0
2023-05-15T10:30Z,10,77,2.0,0.0,18.9,0.0,0.5,0.3,0.0,21.9,56.3
2023-05-15T10:30Z,11,43,0.2,0.0,10.9,0.0,0.1,0.5,0.0,80.1,8.1
2023-05-15T10:30Z,12,138,2.3,0.0,34.2,0.1,1.2,4.7,0.0,42.9,14.5
2023-05-15T10:30Z,13,119,1.4,0.0,29.4,0.1,8.1,1.1,0.0,24.6,35.4
2023-05-15T10:30Z,14,151,0.2,0.0,37.5,0.1,19.3,0.1,0.0,17.9,24.8
2023-05-15T10:30Z,15,100,3.4,0.0,24.1,0.1,6.5,10.7,0.0,25.0,30.2
2023-05-15T10:30Z,16,32,1.1,0.0,7.7,1.1,0.0,12.8,0.0,4.0,73.4
2023-05-15T10:30Z,17,244,0.0,0.0,61.9,1.9,0.0,0.0,0.0,14.7,21.5
2023-05-15T10:30Z,18,100,3.0,0.0,24.4,0.3,5.4,10.4,0.0,22.1,34.5
2023-05-15T11:00Z,1,0,0.0,0.0,0.0,2.6,0.0,0.0,0.0,0.0,97.4
2023-05-15T11:00Z,2,2,1.6,0.0,0.0,0.7,1.8,20.9,0.0,5.4,69.6
2023-05-15T11:00Z,3,0,0.1,0.0,0.0,0.0,6.2,62.0,0.0,5.7,26.0
2023-05-15T11:00Z,4,1,0.1,0.0,0.0,0.0,56.9,28.9,0.0,9.8,4.3
2023-05-15T11:00Z,5,159,17.2,0.0,35.1,0.0,5.0,3.5,0.0,5.9,33.3
2023-05-15T11:00Z,6,66,0.2,0.0,16.8,3.3,1.7,17.6,0.0,20.2,40.1
2023-05-15T11:00Z,7,330,0.0,0.0,83.6,0.0,0.0,0.0,0.0,11.3,5.1
2023-05-15T11:00Z,8,166,0.2,0.0,42.0,0.6,2.0,20.9,0.0,17.8,16.6
2023-05-15T11:00Z,9,120,8.4,0.0,28.0,0.0,2.5,1.6,0.0,21.8,37.7
2023-05-15T11:00Z,10,78,1.8,0.0,19.2,0.0,0.5,0.3,0.0,21.9,56.4
2023-05-15T11:00Z,11,55,0.2,0.0,13.8,0.0,0.2,0.5,0.0,77.8,7.5
2023-05-15T11:00Z,12,148,2.0,0.0,37.0,0.1,1.5,3.8,0.0,42.3,13.3
2023-05-15T11:00Z,13,125,1.2,0.0,31.0,0.1,8.6,0.8,0.0,24.2,34.2
2023-05-15T11:00Z,14,158,0.1,0.0,39.2,0.1,19.8,0.0,0.0,17.5,23.3
2023-05-15T11:00Z,15,102,3.2,0.0,24.8,0.2,6.6,10.8,0.0,25.1,29.3
2023-05-15T11:00Z,16,37,1.0,0.0,9.1,1.3,0.0,13.5,0.0,4.2,70.9
2023-05-15T11:00Z,17,243,0.0,0.0,61.7,2.6,0.0,0.0,0.0,15.7,20.0
2023-05-15T11:00Z,18,103,2.8,0.0,25.1,0.4,5.5,10.5,0.0,22.3,33.4
2023-05-15T11:30Z,1,0,0.0,0.0,0.0,1.9,0.0,0.0,0.0,0.0,98.1
2023-05-15T11:30Z,2,2,1.6,0.0,0.0,0.5,2.9,20.7,0.0,5.8,68.4
2023-05-15T11:30Z,3,0,0.1,0.0,0.0,0.0,6.5,60.6,0.0,5.4,27.4
2023-05-15T11:30Z,4,1,0.1,0.0,0.0,0.0,58.0,29.5,0.0,8.7,3.7
2023-05-15T11:30Z,5,150,18.6,0.0,32.5,0.0,4.8,3.3,0.0,6.3,34.6
2023-05-15T11:30Z,6,55,0.2,0.0,13.9,2.6,2.0,17.4,0.0,22.5,41.5
2023-05-15T11:30Z,7,311,0.0,0.0,79.1,0.0,0.0,0.0,0.0,14.9,6.1
2023-05-15T11:30Z,8,130,0.8,0.0,32.8,0.5,2.5,21.8,0.0,20.6,21.0
2023-05-15T11:30Z,9,119,8.0,0.0,27.8,0.0,2.1,1.4,0.0,23.2,37.4
2023-05-15T11:30Z,10,83,1.1,0.0,16.6,0.0,4.6,0.2,0.0,20.8,56.7
2023-05-15T11:30Z,11,47,0.2,0.0,11.8,0.0,2.0,0.4,0.0,78.1,7.5
2023-05-15T11:30Z,12,114,1.5,0.0,27.8,0.1,13.9,3.5,0.0,42.0,11.1
2023-05-15T11:30Z,13,109,0.6,0.0,24.8,0.1,20.6,0.7,0.0,21.4,31.7
2023-05-15T11:30Z,14,128,0.0,0.0,30.2,0.1,34.9,0.0,0.0,15.5,19.3
2023-05-15T11:30Z,15,88,3.3,0.0,20.3,0.1,10.9,10.9,0.0,25.1,29.4
2023-05-15T11:30Z,16,30,1.1,0.0,7.3,0.9,0.0,13.3,0.0,4.4,73.0
2023-05-15T11:30Z,17,226,0.0,0.0,57.3,2.0,0.0,0.0,0.0,18.2,22.4
2023-05-15T11:30Z,18,90,2.8,0.0,21.0,0.3,9.1,10.5,0.0,22.4,33.9
2023-05-15T12:00Z,1,0,0.0,0.0,0.0,0.9,0.0,0.0,0.0,0.0,99.1
2023-05-15T12:00Z,2,2,1.9,0.0,0.0,0.2,1.6,20.9,0.0,6.0,69.4
2023-05-15T12:00Z,3,0,0.1,0.0,0.0,0.0,5.0,59.8,0.0,4.7,30.4
2023-05-15T12:00Z,4,1,0.1,0.0,0.0,0.0,57.9,30.4,0.0,8.1,3.6
2023-05-15T12:00Z,5,139,21.4,0.0,28.8,0.0,4.8,3.5,0.0,6.5,34.9
2023-05-15T12:00Z,6,56,0.2,0.0,14.2,1.0,1.5,17.8,0.0,22.3,43.0
2023-05-15T12:00Z,7,313,0.0,0.0,79.3,0.0,0.0,0.0,0.0,14.2,6.4
2023-05-15T12:00Z,8,125,0.7,0.0,31.6,0.2,2.1,23.5,0.0,19.1,22.9
2023-05-15T12:00Z,9,118,9.4,0.0,27.0,0.0,2.1,1.4,0.0,21.8,38.2
2023-05-15T12:00Z,10,78,1.2,0.0,14.1,0.0,5.5,0.1,0.0,20.8,58.2
2023-05-15T12:00Z,11,30,0.2,0.0,7.3,0.0,1.8,0.3,0.0,82.8,7.5
2023-05-15T12:00Z,12,99,1.9,0.0,24.0,0.0,14.6,2.2,0.0,45.2,12.0
2023-05-15T12:00Z,13,99,0.7,0.0,21.8,0.0,21.2,0.3,0.0,22.4,33.6
2023-05-15T12:00Z,14,116,0.0,0.0,27.3,0.0,35.8,0.0,0.0,16.4,20.4
2023-05-15T12:00Z,15,82,3.7,0.0,18.2,0.0,11.4,10.9,0.0,25.4,30.3
2023-05-15T12:00Z,16,27,1.2,0.0,6.5,0.4,0.0,13.7,0.0,4.6,73.6
2023-05-15T12:00Z,17,222,0.0,0.0,56.3,0.9,0.0,0.0,0.0,18.9,23.8
2023-05-15T12:00Z,18,83,3.2,0.0,19.0,0.1,9.5,10.6,0.0,22.7,34.8
2023-05-15T12:30Z,1,0,0.0,0.0,0.0,1.0,0.0,0.0,0.0,0.0,99.0
2023-05-15T12:30Z,2,2,1.9,0.0,0.0,0.2,0.6,20.8,0.0,6.3,70.2
2023-05-15T12:30Z,3,0,0.1,0.0,0.0,0.0,2.4,59.0,0.0,4.3,34.3
2023-05-15T12:30Z,4,1,0.1,0.0,0.0,0.0,53.0,32.8,0.0,9.7,4.4
2023-05-15T12:30Z,5,139,22.9,0.0,28.3,0.0,2.6,3.7,0.0,6.7,35.8
2023-05-15T12:30Z,6,58,0.2,0.0,14.8,1.0,0.7,17.6,0.0,21.9,43.9
2023-05-15T12:30Z,7,315,0.0,0.0,80.0,0.0,0.0,0.0,0.0,13.3,6.7
2023-05-15T12:30Z,8,127,1.0,0.0,31.8,0.2,1.0,23.0,0.0,18.4,24.6
2023-05-15T12:30Z,9,121,9.4,0.0,27.9,0.0,1.1,1.5,0.0,20.5,39.7
2023-05-15T12:30Z,10,49,0.7,0.0,12.1,0.0,2.0,0.1,0.0,21.7,63.5
2023-05-15T12:30Z,11,22,0.1,0.0,5.5,0.0,2.0,0.2,0.0,84.9,7.2
2023-05-15T12:30Z,12,93,1.3,0.0,22.4,0.0,18.5,2.1,0.0,46.3,9.4
2023-05-15T12:30Z,13,84,0.4,0.0,19.9,0.0,27.7,0.3,0.0,20.3,31.3
2023-05-15T12:30Z,14,101,0.0,0.0,23.7,0.0,43.6,0.0,0.0,14.1,18.5
2023-05-15T12:30Z,15,76,3.8,0.0,17.7,0.0,10.9,11.1,0.0,25.2,31.2
2023-05-15T12:30Z,16,23,1.3,0.0,5.5,0.4,0.0,13.8,0.0,4.8,74.2
2023-05-15T12:30Z,17,220,0.0,0.0,55.9,0.9,0.0,0.0,0.0,18.8,24.3
2023-05-15T12:30Z,18,78,3.3,0.0,18.4,0.1,9.1,10.7,0.0,22.5,35.8
2023-05-15T13:00Z,1,0,0.0,0.0,0.0,1.1,0.0,0.0,0.0,0.0,98.9
2023-05-15T13:00Z,2,2,1.5,0.0,0.0,0.2,0.2,27.0,0.0,6.1,64.8
2023-05-15T13:00Z,3,20,0.1,0.0,4.9,0.0,2.8,52.1,0.0,4.3,35.8
2023-05-15T13:00Z,4,1,0.1,0.0,0.0,0.0,51.1,35.3,0.0,9.4,4.1
2023-05-15T13:00Z,5,131,21.5,0.0,26.7,0.0,3.3,4.2,0.0,7.2,37.1
2023-05-15T13:00Z,6,39,0.2,0.0,9.9,0.8,0.8,18.7,0.0,22.8,46.8
2023-05-15T13:00Z,7,295,0.0,0.0,74.8,0.0,0.0,0.0,0.0,16.7,8.5
2023-05-15T13:00Z,8,100,1.2,0.0,25.1,0.2,1.3,23.6,0.0,19.6,29.0
2023-05-15T13:00Z,9,143,7.9,0.0,33.9,0.0,1.2,1.6,0.0,18.9,36.5
2023-05-15T13:00Z,10,51,0.6,0.0,12.7,0.0,1.9,0.1,0.0,20.9,63.8
2023-05-15T13:00Z,11,33,0.1,0.0,8.4,0.0,1.9,0.2,0.0,82.1,7.3
2023-05-15T13:00Z,12,98,1.2,0.0,23.6,0.0,19.6,1.2,0.0,45.1,9.2
2023-05-15T13:00Z,13,82,0.3,0.0,19.6,0.1,28.3,0.2,0.0,19.1,32.4
2023-05-15T13:00Z,14,97,0.0,0.0,22.7,0.1,44.9,0.0,0.0,13.0,19.3
2023-05-15T13:00Z,15,76,3.5,0.0,18.0,0.1,11.2,10.6,0.0,24.8,31.9
2023-05-15T13:00Z,16,22,1.0,0.0,5.2,0.4,0.0,17.9,0.0,4.6,70.9
2023-05-15T13:00Z,17,205,0.0,0.0,52.1,0.9,0.0,0.4,0.0,20.5,26.1
2023-05-15T13:00Z,18,77,3.0,0.0,18.4,0.1,9.3,10.9,0.0,22.2,36.2
2023-05-15T13:30Z,1,0,0.0,0.0,0.0,1.2,0.0,0.0,0.0,0.0,98.8
2023-05-15T13:30Z,2,2,1.6,0.0,0.0,0.2,0.1,28.5,0.0,5.9,63.7
2023-05-15T13:30Z,3,22,0.1,0.0,5.6,0.0,3.5,50.6,0.0,4.1,36.1
2023-05-15T13:30Z,4,1,0.1,0.0,0.0,0.0,53.0,34.9,0.0,8.6,3.3
2023-05-15T13:30Z,5,124,24.3,0.0,24.0,0.0,4.4,4.5,0.0,7.2,35.7
2023-05-15T13:30Z,6,25,0.2,0.0,6.3,1.1,1.1,18.9,0.0,24.1,48.3
2023-05-15T13:30Z,7,281,0.0,0.0,71.2,0.0,0.0,0.0,0.0,19.0,9.8
2023-05-15T13:30Z,8,85,1.5,0.0,21.1,0.2,1.9,23.1,0.0,20.7,31.5
2023-05-15T13:30Z,9,137,9.3,0.0,32.0,0.0,1.7,1.7,0.0,19.9,35.5
2023-05-15T13:30Z,10,47,0.7,0.0,11.5,0.0,2.1,0.1,0.0,20.9,64.6
2023-05-15T13:30Z,11,40,0.2,0.0,10.0,0.0,3.2,0.2,0.0,78.9,7.6
2023-05-15T13:30Z,12,91,1.3,0.0,21.5,0.0,26.4,1.2,0.0,41.0,8.7
2023-05-15T13:30Z,13,73,0.4,0.0,17.1,0.1,31.4,0.2,0.0,17.9,33.0
2023-05-15T13:30Z,14,84,0.0,0.0,19.3,0.1,48.9,0.0,0.0,11.5,20.1
2023-05-15T13:30Z,15,73,4.0,0.0,16.8,0.1,13.0,10.7,0.0,23.8,31.7
2023-05-15T13:30Z,16,12,1.1,0.0,2.7,0.6,0.0,19.0,0.0,4.4,72.2
2023-05-15T13:30Z,17,169,0.0,0.0,42.9,0.8,0.0,0.4,0.0,24.2,31.6
2023-05-15T13:30Z,18,71,3.4,0.0,16.7,0.2,10.7,11.1,0.0,21.5,36.5
2023-05-15T14:00Z,1,0,0.0,0.0,0.0,1.6,0.0,0.0,0.0,0.0,98.4
2023-05-15T14:00Z,2,2,1.5,0.0,0.0,0.3,0.0,31.2,0.0,4.7,62.3
2023-05-15T14:00Z,3,35,0.1,0.0,8.9,0.0,3.0,47.3,0.0,4.1,36.5
2023-05-15T14:00Z,4,1,0.2,0.0,0.0,0.0,52.3,33.1,0.0,8.6,5.8
2023-05-15T14:00Z,5,130,23.8,0.0,25.6,0.0,4.6,5.0,0.0,6.7,34.4
2023-05-15T14:00Z,6,34,0.2,0.0,8.5,1.4,0.9,19.2,0.0,23.3,46.5
2023-05-15T14:00Z,7,292,0.0,0.0,74.0,0.0,0.0,0.0,0.0,17.0,8.9
2023-05-15T14:00Z,8,101,1.2,0.0,25.3,0.3,1.6,21.2,0.0,20.1,30.4
2023-05-15T14:00Z,9,150,8.8,0.0,35.4,0.0,1.7,1.8,0.0,20.1,32.1
2023-05-15T14:00Z,10,49,0.7,0.0,12.0,0.0,2.2,0.2,0.0,21.7,63.2
2023-05-15T14:00Z,11,54,0.2,0.0,13.5,0.0,3.6,0.2,0.0,74.8,7.7
2023-05-15T14:00Z,12,113,1.3,0.0,27.3,0.0,26.9,1.3,0.0,34.3,8.9
2023-05-15T14:00Z,13,84,0.4,0.0,19.9,0.0,31.1,0.2,0.0,16.3,32.1
2023-05-15T14:00Z,14,98,0.0,0.0,22.8,0.1,47.7,0.0,0.0,9.7,19.8
2023-05-15T14:00Z,15,84,3.9,0.0,19.6,0.1,12.9,10.1,0.0,22.3,31.0
2023-05-15T14:00Z,16,14,1.0,0.0,3.2,0.9,0.0,21.6,0.0,3.6,69.8
2023-05-15T14:00Z,17,180,0.0,0.0,45.7,0.8,0.0,0.4,0.0,22.3,30.8
2023-05-15T14:00Z,18,81,3.3,0.0,19.2,0.2,10.7,10.9,0.0,20.2,35.5
2023-05-15T14:30Z,1,0,0.0,0.0,0.0,1.8,0.0,0.0,0.0,0.0,98.2
2023-05-15T14:30Z,2,2,1.5,0.0,0.0,0.3,0.0,30.8,0.0,3.9,63.6
2023-05-15T14:30Z,3,39,0.1,0.0,9.8,0.0,2.3,46.1,0.0,3.9,37.8
2023-05-15T14:30Z,4,1,0.3,0.0,0.0,0.0,51.8,32.6,0.0,8.8,6.5
2023-05-15T14:30Z,5,135,23.9,0.0,27.1,0.0,3.9,5.2,0.0,6.1,33.9
2023-05-15T14:30Z,6,32,0.2,0.0,8.0,1.7,0.7,19.0,0.0,22.9,47.5
2023-05-15T14:30Z,7,316,0.0,0.0,80.2,0.0,0.0,0.0,0.0,12.8,7.0
2023-05-15T14:30Z,8,138,0.9,0.0,34.7,0.3,1.0,19.5,0.0,18.0,25.5
2023-05-15T14:30Z,9,155,8.4,0.0,36.7,0.0,1.4,2.0,0.0,21.0,30.5
2023-05-15T14:30Z,10,49,0.6,0.0,12.1,0.0,3.2,0.2,0.0,21.6,62.4
2023-05-15T14:30Z,11,52,0.2,0.0,12.8,0.0,6.4,0.2,0.0,72.7,7.8
2023-05-15T14:30Z,12,104,0.9,0.0,24.6,0.0,36.6,1.5,0.0,29.4,7.0
2023-05-15T14:30Z,13,83,0.3,0.0,19.4,0.0,35.7,0.2,0.0,14.4,29.9
2023-05-15T14:30Z,14,94,0.0,0.0,21.8,0.1,50.5,0.0,0.0,8.2,19.5
2023-05-15T14:30Z,15,86,3.8,0.0,20.2,0.1,14.3,10.0,0.0,20.9,30.7
2023-05-15T14:30Z,16,16,1.0,0.0,3.8,0.8,0.0,21.5,0.0,2.9,70.0
2023-05-15T14:30Z,17,214,0.0,0.0,54.4,1.3,0.0,0.3,0.0,18.6,25.4
2023-05-15T14:30Z,18,85,3.2,0.0,20.2,0.2,11.8,10.9,0.0,18.6,35.1
2023-05-15T15:00Z,1,0,0.0,0.0,0.0,2.3,0.0,0.0,0.0,0.0,97.7
2023-05-15T15:00Z,2,2,1.4,0.0,0.0,0.4,0.0,30.6,0.0,3.5,64.1
2023-05-15T15:00Z,3,44,0.1,0.0,11.2,0.0,3.0,45.8,0.0,3.5,36.5
2023-05-15T15:00Z,4,1,0.2,0.0,0.0,0.0,52.9,35.0,0.0,7.3,4.6
2023-05-15T15:00Z,5,149,24.1,0.0,30.6,0.0,4.6,5.4,0.0,5.3,30.1
2023-05-15T15:00Z,6,30,0.2,0.0,7.6,2.3,1.0,19.6,0.0,20.7,48.7
2023-05-15T15:00Z,7,327,0.0,0.0,82.9,0.0,0.0,0.0,0.0,10.8,6.3
2023-05-15T15:00Z,8,161,0.7,0.0,40.7,0.3,1.2,18.1,0.0,15.5,23.4
2023-05-15T15:00Z,9,183,8.8,0.0,43.7,0.0,1.7,2.0,0.0,18.4,25.5
2023-05-15T15:00Z,10,67,0.9,0.0,16.6,0.0,3.1,0.2,0.0,19.3,60.0
2023-05-15T15:00Z,11,69,0.3,0.0,17.1,0.0,7.9,0.2,0.0,66.0,8.5
2023-05-15T15:00Z,12,123,1.1,0.0,29.4,0.0,33.8,1.5,0.0,26.8,7.3
2023-05-15T15:00Z,13,94,0.4,0.0,22.4,0.1,34.9,0.3,0.0,12.9,29.1
2023-05-15T15:00Z,14,102,0.0,0.0,23.6,0.1,50.5,0.0,0.0,6.9,19.0
2023-05-15T15:00Z,15,102,3.9,0.0,24.2,0.1,14.4,9.9,0.0,18.5,29.0
2023-05-15T15:00Z,16,7,1.0,0.0,1.5,1.0,0.0,21.7,0.0,2.9,71.9
2023-05-15T15:00Z,17,236,0.0,0.0,59.9,1.6,0.0,0.2,0.0,15.9,22.4
2023-05-15T15:00Z,18,99,3.3,0.0,23.6,0.3,11.8,10.7,0.0,16.5,33.7
2023-05-15T15:30Z,1,0,0.0,0.0,0.0,2.7,0.0,0.0,0.0,0.0,97.3
2023-05-15T15:30Z,2,1,1.1,0.0,0.0,0.5,0.0,30.2,0.0,3.1,65.1
2023-05-15T15:30Z,3,51,0.1,0.0,12.9,0.0,4.6,43.7,0.0,2.9,35.7
2023-05-15T15:30Z,4,1,0.2,0.0,0.0,0.0,60.4,31.0,0.0,4.7,3.7
2023-05-15T15:30Z,5,153,23.4,0.0,31.7,0.0,7.6,5.5,0.0,4.6,27.3
2023-05-15T15:30Z,6,32,0.2,0.0,8.0,3.2,1.6,19.5,0.0,18.0,49.6
2023-05-15T15:30Z,7,334,0.0,0.0,84.7,0.0,0.0,0.0,0.0,9.4,5.9
2023-05-15T15:30Z,8,177,0.3,0.0,44.7,0.4,1.8,17.7,0.0,13.2,21.8
2023-05-15T15:30Z,9,186,9.8,0.0,44.1,0.0,3.2,1.9,0.0,17.1,23.9
2023-05-15T15:30Z,10,70,1.2,0.0,17.3,0.0,3.6,0.2,0.0,17.1,60.6
2023-05-15T15:30Z,11,135,0.1,0.0,34.2,0.0,3.5,0.3,0.0,54.3,7.7
2023-05-15T15:30Z,12,129,1.0,0.0,31.0,0.0,33.3,1.5,0.0,26.8,6.4
2023-05-15T15:30Z,13,101,0.5,0.0,23.9,0.1,35.7,0.2,0.0,12.1,27.5
2023-05-15T15:30Z,14,106,0.0,0.0,24.8,0.1,50.4,0.0,0.0,5.7,18.9
2023-05-15T15:30Z,15,111,3.9,0.0,26.5,0.2,15.5,9.8,0.0,16.2,28.0
2023-05-15T15:30Z,16,10,0.8,0.0,2.4,1.2,0.0,21.3,0.0,2.9,71.3
2023-05-15T15:30Z,17,253,0.0,0.0,64.3,2.1,0.0,0.2,0.0,13.3,20.2
2023-05-15T15:30Z,18,107,3.3,0.0,25.8,0.4,12.8,10.6,0.0,14.4,32.7
2023-05-15T16:00Z,1,0,0.0,0.0,0.0,2.5,0.0,0.0,0.0,0.0,97.5
2023-05-15T16:00Z,2,1,1.0,0.0,0.0,0.5,0.0,30.5,0.0,2.7,65.4
2023-05-15T16:00Z,3,50,0.1,0.0,12.6,0.0,5.0,42.8,0.0,2.4,36.9
2023-05-15T16:00Z,4,2,0.4,0.0,0.0,0.0,62.3,30.3,0.0,3.4,3.6
2023-05-15T16:00Z,5,157,23.7,0.0,32.5,0.0,7.7,5.4,0.0,3.9,26.8
2023-05-15T16:00Z,6,22,0.2,0.0,5.4,3.9,1.9,20.3,0.0,15.6,52.7
2023-05-15T16:00Z,7,335,0.0,0.0,85.1,0.0,0.0,0.0,0.0,8.5,6.4
2023-05-15T16:00Z,8,176,0.6,0.0,44.5,0.5,2.1,17.4,0.0,11.8,23.0
2023-05-15T16:00Z,9,241,7.1,0.0,59.0,0.0,2.3,1.8,0.0,12.3,17.5
2023-05-15T16:00Z,10,89,1.1,0.0,22.1,0.0,3.6,0.2,0.0,14.7,58.3
2023-05-15T16:00Z,11,147,0.2,0.0,37.0,0.0,5.7,0.3,0.0,48.6,8.2
2023-05-15T16:00Z,12,146,1.0,0.0,35.5,0.1,32.5,1.5,0.0,23.0,6.4
2023-05-15T16:00Z,13,115,0.4,0.0,27.5,0.1,34.9,0.2,0.0,9.9,26.9
2023-05-15T16:00Z,14,118,0.0,0.0,27.9,0.1,49.3,0.0,0.0,4.5,18.1
2023-05-15T16:00Z,15,124,3.8,0.0,29.7,0.2,15.6,9.7,0.0,13.7,27.3
2023-05-15T16:00Z,16,11,0.8,0.0,2.5,1.2,0.0,21.6,0.0,2.5,71.4
2023-05-15T16:00Z,17,263,0.0,0.0,66.8,2.3,0.0,0.0,0.0,10.8,20.1
2023-05-15T16:00Z,18,119,3.2,0.0,28.7,0.4,12.8,10.5,0.0,12.2,32.1
2023-05-15T16:30Z,1,0,0.0,0.0,0.0,2.0,0.0,0.0,0.0,0.0,98.0
2023-05-15T16:30Z,2,1,1.1,0.0,0.0,0.4,0.0,30.5,0.0,2.2,65.8
2023-05-15T16:30Z,3,57,0.1,0.0,14.3,0.0,4.8,42.2,0.0,1.9,36.6
2023-05-15T16:30Z,4,1,0.1,0.0,0.0,0.0,64.8,29.6,0.0,2.5,3.0
2023-05-15T16:30Z,5,165,25.5,0.0,34.1,0.0,7.2,5.4,0.0,3.1,24.7
2023-05-15T16:30Z,6,24,0.2,0.0,6.1,5.0,1.9,20.6,0.0,12.9,53.3
2023-05-15T16:30Z,7,340,0.0,0.0,86.2,0.0,0.0,0.0,0.0,6.9,6.8
2023-05-15T16:30Z,8,178,0.9,0.0,44.8,0.7,2.2,17.4,0.0,10.0,24.1
2023-05-15T16:30Z,9,255,7.9,0.0,62.2,0.0,2.2,1.8,0.0,10.1,15.8
2023-05-15T16:30Z,10,106,1.0,0.0,26.5,0.0,4.1,0.2,0.0,12.7,55.5
2023-05-15T16:30Z,11,153,0.3,0.0,38.4,0.0,7.3,0.3,0.0,44.7,9.0
2023-05-15T16:30Z,12,154,1.2,0.0,37.1,0.1,34.0,1.5,0.0,19.4,6.7
2023-05-15T16:30Z,13,121,0.4,0.0,28.4,0.1,37.4,0.2,0.0,7.6,25.9
2023-05-15T16:30Z,14,122,0.0,0.0,27.8,0.1,52.0,0.0,0.0,3.5,16.7
2023-05-15T16:30Z,15,131,4.2,0.0,31.4,0.2,16.4,9.7,0.0,11.6,26.7
2023-05-15T16:30Z,16,16,0.8,0.0,3.7,0.9,0.0,21.4,0.0,2.1,71.0
2023-05-15T16:30Z,17,271,0.0,0.0,68.8,3.4,0.0,0.0,0.0,8.2,19.6
2023-05-15T16:30Z,18,126,3.5,0.0,30.3,0.5,13.4,10.5,0.0,10.2,31.6
2023-05-15T17:00Z,1,0,0.0,0.0,0.0,2.1,0.0,0.0,0.0,0.0,97.9
2023-05-15T17:00Z,2,2,1.3,0.0,0.0,0.4,0.0,30.9,0.0,1.7,65.7
2023-05-15T17:00Z,3,61,0.1,0.0,15.5,0.0,4.8,41.9,0.0,1.5,36.2
2023-05-15T17:00Z,4,1,0.1,0.0,0.0,0.0,65.5,29.5,0.0,2.0,2.9
2023-05-15T17:00Z,5,166,28.6,0.0,33.4,0.0,7.2,5.5,0.0,2.3,22.9
2023-05-15T17:00Z,6,27,0.3,0.0,6.8,7.6,1.9,20.9,0.0,9.9,52.7
2023-05-15T17:00Z,7,348,0.0,0.0,88.3,0.0,0.0,0.0,0.0,5.5,6.2
2023-05-15T17:00Z,8,183,1.1,0.0,46.1,1.0,2.2,17.5,0.0,7.9,24.3
2023-05-15T17:00Z,9,267,9.2,0.0,64.9,0.0,2.3,1.8,0.0,7.5,14.4
2023-05-15T17:00Z,10,119,1.3,0.0,29.5,0.0,4.8,0.2,0.0,10.7,53.5
2023-05-15T17:00Z,11,173,0.4,0.0,43.4,0.0,8.8,0.3,0.0,37.7,9.3
2023-05-15T17:00Z,12,165,1.5,0.0,39.9,0.1,34.9,1.4,0.0,15.2,7.0
2023-05-15T17:00Z,13,129,0.5,0.0,30.4,0.1,38.6,0.2,0.0,5.9,24.3
2023-05-15T17:00Z,14,128,0.0,0.0,29.4,0.1,52.0,0.0,0.0,2.8,15.7
2023-05-15T17:00Z,15,139,4.7,0.0,33.2,0.3,16.8,9.8,0.0,9.2,25.9
2023-05-15T17:00Z,16,16,1.0,0.0,3.8,1.0,0.0,21.6,0.0,1.6,71.0
2023-05-15T17:00Z,17,274,0.0,0.0,69.6,5.2,0.0,0.0,0.0,6.4,18.8
2023-05-15T17:00Z,18,133,4.0,0.0,31.9,0.7,13.6,10.7,0.0,8.1,31.0
2023-05-15T17:30Z,1,0,0.0,0.0,0.0,2.6,0.0,0.0,0.0,0.0,97.4
2023-05-15T17:30Z,2,2,1.3,0.0,0.0,0.4,0.0,31.3,0.0,1.3,65.6
2023-05-15T17:30Z,3,63,0.1,0.0,15.9,0.0,5.1,42.1,0.0,1.1,35.7
2023-05-15T17:30Z,4,2,0.3,0.0,0.0,0.0,66.5,30.1,0.0,1.6,1.4
2023-05-15T17:30Z,5,172,30.0,0.0,34.5,0.0,7.3,5.1,0.0,1.6,21.4
2023-05-15T17:30Z,6,28,0.3,0.0,6.9,9.8,2.0,21.0,0.0,7.5,52.6
2023-05-15T17:30Z,7,355,0.0,0.0,90.2,0.0,0.0,0.0,0.0,4.3,5.5
2023-05-15T17:30Z,8,197,1.2,0.0,49.7,1.3,2.3,16.5,0.0,5.9,23.0
2023-05-15T17:30Z,9,280,9.4,0.0,68.3,0.0,2.3,1.5,0.0,5.5,13.0
2023-05-15T17:30Z,10,137,1.0,0.0,30.6,0.0,10.0,0.2,0.0,8.1,50.0
2023-05-15T17:30Z,11,201,0.3,0.0,50.3,0.0,10.4,0.3,0.0,29.7,9.0
2023-05-15T17:30Z,12,164,1.3,0.0,39.0,0.1,41.2,1.1,0.0,11.5,5.8
2023-05-15T17:30Z,13,130,0.3,0.0,28.8,0.1,46.4,0.2,0.0,3.9,20.4
2023-05-15T17:30Z,14,125,0.0,0.0,27.4,0.1,56.7,0.0,0.0,2.1,13.7
2023-05-15T17:30Z,15,146,4.8,0.0,34.2,0.4,19.1,9.8,0.0,6.9,24.7
2023-05-15T17:30Z,16,19,1.0,0.0,4.6,1.3,0.0,21.7,0.0,1.2,70.2
2023-05-15T17:30Z,17,278,0.0,0.0,70.5,6.8,0.0,0.0,0.0,4.9,17.8
2023-05-15T17:30Z,18,139,4.1,0.0,32.8,0.9,15.6,10.6,0.0,6.1,29.9
2023-05-15T18:00Z,1,0,0.0,0.0,0.0,3.2,0.0,0.0,0.0,0.0,96.8
2023-05-15T18:00Z,2,2,1.3,0.0,0.0,0.5,0.0,31.7,0.0,1.2,65.2
2023-05-15T18:00Z,3,63,0.1,0.0,15.8,0.0,5.1,42.3,0.0,1.1,35.5
2023-05-15T18:00Z,4,2,0.3,0.0,0.0,0.0,66.5,30.1,0.0,1.6,1.4
2023-05-15T18:00Z,5,173,30.1,0.0,34.7,0.0,7.4,4.6,0.0,1.6,21.5
2023-05-15T18:00Z,6,27,0.3,0.0,6.8,11.9,1.9,20.6,0.0,7.3,51.3
2023-05-15T18:00Z,7,355,0.0,0.0,90.2,0.0,0.0,0.0,0.0,4.3,5.5
2023-05-15T18:00Z,8,198,1.2,0.0,49.8,1.3,2.3,16.2,0.0,6.0,23.1
2023-05-15T18:00Z,9,281,9.4,0.0,68.4,0.0,2.3,1.3,0.0,5.5,13.1
2023-05-15T18:00Z,10,137,1.0,0.0,30.7,0.0,10.0,0.1,0.0,8.1,50.1
2023-05-15T18:00Z,11,201,0.3,0.0,50.4,0.0,10.4,0.2,0.0,29.7,9.0
2023-05-15T18:00Z,12,164,1.3,0.0,39.1,0.1,41.3,0.9,0.0,11.5,5.8
2023-05-15T18:00Z,13,130,0.3,0.0,28.8,0.1,46.4,0.1,0.0,3.9,20.4
2023-05-15T18:00Z,14,125,0.0,0.0,27.4,0.1,56.7,0.0,0.0,2.1,13.7
2023-05-15T18:00Z,15,147,4.8,0.0,34.2,0.4,19.2,9.6,0.0,7.0,24.7
2023-05-15T18:00Z,16,19,1.0,0.0,4.6,1.6,0.0,21.8,0.0,1.2,69.9
2023-05-15T18:00Z,17,274,0.0,0.0,69.5,8.0,0.0,0.0,0.0,4.8,17.6
2023-05-15T18:00Z,18,139,4.1,0.0,32.8,1.1,15.6,10.5,0.0,6.1,29.9
2023-05-15T18:30Z,1,0,0.0,0.0,0.0,3.6,0.0,0.0,0.0,0.0,96.4
2023-05-15T18:30Z,2,2,1.5,0.0,0.0,0.6,0.7,34.5,0.0,1.2,61.5
2023-05-15T18:30Z,3,65,0.1,0.0,16.4,0.0,5.5,42.8,0.0,0.9,34.4
2023-05-15T18:30Z,4,2,0.6,0.0,0.0,0.0,67.0,30.0,0.0,1.2,1.2
2023-05-15T18:30Z,5,175,33.3,0.0,34.1,0.0,5.8,4.1,0.0,1.3,21.4
2023-05-15T18:30Z,6,37,0.2,0.0,9.2,12.0,2.3,21.3,0.0,5.5,49.4
2023-05-15T18:30Z,7,363,0.0,0.0,92.0,0.0,0.0,0.0,0.0,3.1,4.9
2023-05-15T18:30Z,8,229,1.3,0.0,57.7,1.1,2.1,15.7,0.0,4.6,17.7
2023-05-15T18:30Z,9,313,6.5,0.0,77.5,0.0,1.1,1.1,0.0,3.7,10.1
2023-05-15T18:30Z,10,150,0.2,0.0,33.3,0.0,13.4,0.1,0.0,5.4,47.6
2023-05-15T18:30Z,11,244,0.1,0.0,61.4,0.0,10.1,0.2,0.0,21.1,7.1
2023-05-15T18:30Z,12,168,0.5,0.0,40.1,0.1,46.7,0.7,0.0,7.7,4.4
2023-05-15T18:30Z,13,129,0.0,0.0,28.1,0.1,53.5,0.1,0.0,2.1,16.1
2023-05-15T18:30Z,14,124,0.0,0.0,26.8,0.1,60.2,0.0,0.0,1.4,11.5
2023-05-15T18:30Z,15,162,4.6,0.0,37.7,0.4,22.0,9.8,0.0,4.5,20.9
2023-05-15T18:30Z,16,26,1.1,0.0,6.1,1.8,0.0,23.4,0.0,1.1,66.4
2023-05-15T18:30Z,17,281,0.0,0.0,71.2,8.5,0.0,0.0,0.0,3.5,16.8
2023-05-15T18:30Z,18,152,3.9,0.0,36.1,1.1,17.9,10.8,0.0,4.0,26.2
2023-05-15T19:00Z,1,0,0.0,0.0,0.0,4.1,0.0,0.0,0.0,0.0,95.9
2023-05-15T19:00Z,2,2,1.6,0.0,0.0,0.6,0.8,35.8,0.0,0.9,60.2
2023-05-15T19:00Z,3,64,0.2,0.0,16.2,0.0,5.5,43.6,0.0,0.5,34.0
2023-05-15T19:00Z,4,3,1.8,0.0,0.0,0.0,66.7,29.7,0.0,0.7,1.0
2023-05-15T19:00Z,5,183,33.5,0.0,36.1,0.0,5.8,3.7,0.0,0.8,20.1
2023-05-15T19:00Z,6,36,0.3,0.0,9.0,12.6,2.4,22.1,0.0,3.4,50.2
2023-05-15T19:00Z,7,368,0.0,0.0,93.5,0.0,0.0,0.0,0.0,1.8,4.6
2023-05-15T19:00Z,8,236,1.3,0.0,59.5,0.9,2.3,16.0,0.0,2.8,17.2
2023-05-15T19:00Z,9,322,6.5,0.0,79.9,0.0,1.1,0.9,0.0,2.2,9.5
2023-05-15T19:00Z,10,159,0.6,0.0,35.3,0.0,14.8,0.1,0.0,3.1,46.0
2023-05-15T19:00Z,11,273,0.1,0.0,68.7,0.0,10.1,0.1,0.0,14.4,6.7
2023-05-15T19:00Z,12,167,0.3,0.0,39.7,0.1,50.7,0.4,0.0,4.9,4.0
2023-05-15T19:00Z,13,131,0.1,0.0,28.5,0.1,56.8,0.0,0.0,1.2,13.2
2023-05-15T19:00Z,14,125,0.0,0.0,27.0,0.1,60.8,0.0,0.0,0.8,11.2
2023-05-15T19:00Z,15,169,4.7,0.0,39.3,0.4,22.3,10.1,0.0,2.7,20.5
2023-05-15T19:00Z,16,23,1.2,0.0,5.5,2.0,0.0,24.4,0.0,0.8,66.1
2023-05-15T19:00Z,17,282,0.0,0.0,71.5,8.8,0.0,0.0,0.0,2.2,17.5
2023-05-15T19:00Z,18,157,4.0,0.0,37.4,1.1,18.1,11.2,0.0,2.5,25.8
